-1.74331 29.2402
-3.48095 29.0878
-5.20725 28.8342
-6.91658 28.4801
-8.60333 28.0267
-10.2619 27.4751
-11.8869 26.8269
-13.4727 26.084
-15.0141 25.2485
-16.5057 24.3229
-17.9424 23.3098
-19.3192 22.2123
-20.631 21.0337
-21.8732 19.7776
-23.0412 18.4477
-24.1304 17.0482
-25.1368 15.5836
-26.0562 14.0584
-26.8849 12.4776
-27.6193 10.8465
-28.2562 9.17034
-28.7927 7.4549
-29.226 5.70602
-29.5538 3.92982
-29.7741 2.13256
-29.8854 0.32072
-29.8863 -1.4991
-29.7761 -3.32015
-29.5542 -5.13557
-29.2208 -6.93844
-28.7762 -8.72175
-28.2214 -10.4785
-27.5577 -12.2017
-26.787 -13.8843
-25.9116 -15.5195
-24.9342 -17.1004
-23.8583 -18.6205
-22.6874 -20.0733
-21.4257 -21.4525
-20.078 -22.7523
-18.6492 -23.9668
-17.145 -25.0908
-15.571 -26.1193
-13.9337 -27.0477
-12.2394 -27.8719
-10.4952 -28.5881
-8.70816 -29.1932
-6.8856 -29.6845
-5.03511 -30.0597
-3.16438 -30.3173
-1.28119 -30.4562
0.606594 -30.4758
2.49111 -30.3761
4.36452 -30.1578
6.21907 -29.8219
8.04713 -29.3702
9.84121 -28.8048
11.594 -28.1285
13.2986 -27.3445
14.9481 -26.4563
16.5361 -25.4682
18.0565 -24.3847
19.5036 -23.2105
20.8719 -21.9511
22.1565 -20.6118
23.3529 -19.1986
24.457 -17.7174
25.4651 -16.1746
26.3739 -14.5766
27.1809 -12.9299
27.8835 -11.2412
28.4801 -9.51724
28.9691 -7.76472
29.3496 -5.99045
29.6212 -4.20114
29.7835 -2.40349
29.837 -0.604117
29.7823 1.19048
29.6204 2.97392
29.3528 4.73994
28.9812 6.48245
28.5076 8.19554
27.9345 9.87347
27.2645 11.5107
26.5006 13.1019
25.6459 14.6421
24.704 16.1262
23.6785 17.5497
22.5733 18.9081
21.3924 20.1974
20.1402 21.4136
18.821 22.553
17.4394 23.6122
16.0002 24.5881
14.5081 25.4778
12.9682 26.2787
11.3856 26.9883
9.76531 27.6046
8.11267 28.1258
6.43298 28.5503
4.73165 28.8766
3.01409 29.1039
1.28582 29.2313
-0.447651 29.2584
-2.18077 29.1848
-3.90796 29.0106
-5.62364 28.7362
-7.32225 28.3622
-8.9982 27.8893
-10.646 27.3189
-12.26 26.6523
-13.835 25.8912
-15.3653 25.0378
-16.8458 24.0943
-18.2712 23.0634
-19.6363 21.948
-20.9361 20.7513
-22.1658 19.4769
-23.3205 18.1284
-24.3959 16.7102
-25.3874 15.2265
-26.2909 13.6821
-27.1025 12.0819
-27.8185 10.4313
-28.4355 8.73572
-28.9505 7.00096
-29.3606 5.23306
-29.6634 3.43829
-29.8569 1.62312
-29.9392 -0.205791
-29.9093 -2.0416
-29.7661 -3.87731
-29.5093 -5.70584
-29.1389 -7.51998
-28.6555 -9.31248
-28.0601 -11.0761
-27.3542 -12.8035
-26.5397 -14.4875
-25.6193 -16.1209
-24.5959 -17.6969
-23.4732 -19.2084
-22.255 -20.649
-20.9461 -22.0122
-19.5512 -23.2919
-18.076 -24.4825
-16.5262 -25.5785
-14.9081 -26.5749
-13.2284 -27.4673
-11.4941 -28.2516
-9.71231 -28.9243
-7.89067 -29.4822
-6.03688 -29.923
-4.15883 -30.2448
-2.26454 -30.4462
-0.362079 -30.5265
1.54045 -30.4856
3.43497 -30.3238
5.31348 -30.0422
7.16812 -29.6423
8.99116 -29.1264
10.7751 -28.497
12.5127 -27.7573
14.197 -26.9111
15.8214 -25.9624
17.3795 -24.9157
18.8655 -23.7759
20.2738 -22.5485
21.5994 -21.2388
22.8376 -19.8529
23.9842 -18.3967
25.0354 -16.8767
25.988 -15.2992
26.8392 -13.671
27.5866 -11.9986
28.2283 -10.2888
28.7628 -8.5485
29.1892 -6.78433
29.5068 -5.00308
29.7156 -3.21144
29.8157 -1.41599
29.8078 0.376772
29.6929 2.16049
29.4724 3.92894
29.1479 5.67607
28.7214 7.39601
28.1953 9.08306
27.5721 10.7317
26.8548 12.3368
26.0463 13.8931
25.1502 15.3959
24.1698 16.8405
23.109 18.2226
21.9718 19.538
20.7622 20.7829
19.4844 21.9536
18.143 23.0466
16.7425 24.0589
15.2876 24.9875
13.783 25.8297
12.2336 26.5832
10.6445 27.2456
9.02061 27.8152
7.36717 28.2903
5.68938 28.6693
3.99249 28.9513
2.28181 29.1351
0.562717 29.2202
-1.1594 29.2061
-2.87913 29.0927
-4.59103 28.8802
-6.28966 28.5688
-7.96955 28.1593
-9.62528 27.6525
-11.2514 27.0497
-12.8426 26.3522
-14.3934 25.5619
-15.8986 24.6808
-17.3529 23.7112
-18.7513 22.6557
-20.0885 21.5172
-21.3597 20.299
-22.5601 19.0044
-23.6849 17.6374
-24.7298 16.2021
-25.6902 14.7027
-26.5621 13.144
-27.3417 11.531
-28.0252 9.86892
-28.6093 8.16329
-29.0909 6.4199
-29.4672 4.6448
-29.7358 2.84429
-29.8946 1.02485
-29.942 -0.806806
-29.8767 -2.64379
-29.6979 -4.47907
-29.4051 -6.30548
-28.9986 -8.11576
-28.4788 -9.9026
-27.8469 -11.6586
-27.1044 -13.3765
-26.2535 -15.049
-25.2967 -16.6688
-24.2373 -18.229
-23.0789 -19.7225
-21.8256 -21.1427
-20.4822 -22.4833
-19.0538 -23.7381
-17.5461 -24.9013
-15.965 -25.9676
-14.3172 -26.932
-12.6094 -27.7901
-10.8487 -28.5378
-9.04277 -29.1718
-7.19921 -29.689
-5.32597 -30.0872
-3.43115 -30.3646
-1.52293 -30.5201
0.390444 -30.5532
2.30072 -30.4638
4.19969 -30.2527
6.07925 -29.9211
7.93145 -29.4709
9.7485 -28.9045
11.5229 -28.2248
13.2473 -27.4353
14.9149 -26.54
16.519 -25.5432
18.0534 -24.4497
19.5123 -23.2649
20.8903 -21.9941
22.1826 -20.6432
23.3845 -19.2185
24.4921 -17.7261
25.5018 -16.1725
26.4107 -14.5645
27.216 -12.9089
27.9158 -11.2123
28.5084 -9.48173
28.9925 -7.72403
29.3675 -5.94603
29.633 -4.15452
29.7892 -2.35619
29.8365 -0.557651
29.7759 1.23464
29.6086 3.01436
29.3362 4.77535
28.9607 6.51164
28.4842 8.21745
27.9094 9.8872
27.2389 11.5155
26.476 13.0973
25.6237 14.6276
24.6857 16.1017
23.6656 17.5152
22.5674 18.8639
21.3951 20.1439
20.1528 21.3514
18.8451 22.4829
17.4763 23.5353
16.0512 24.5055
14.5743 25.3909
13.0506 26.1889
11.4849 26.8973
9.88234 27.5141
8.24785 28.0376
6.58662 28.4662
4.90383 28.7988
3.20472 29.0342
1.49457 29.1718
-0.221303 29.211
-1.93756 29.1516
-3.64885 28.9935
-5.34978 28.7371
-7.03499 28.3828
-8.69911 27.9313
-10.3368 27.3837
-11.9426 26.7414
-13.5114 26.0059
-15.0378 25.1789
-16.5167 24.2628
-17.9429 23.2598
-19.3113 22.1727
-20.6171 21.0044
-21.8553 19.7582
-23.0212 18.4377
-24.1103 17.0467
-25.1181 15.5895
-26.0406 14.0704
-26.8735 12.4941
-27.6132 10.8657
-28.256 9.19046
-28.7988 7.47397
-29.2386 5.72203
-29.5727 3.94072
-29.7987 2.13635
-29.9148 0.315427
-29.9195 -1.51532
-29.8114 -3.349
-29.5901 -5.17858
-29.2551 -6.99688
-28.8068 -8.79666
-28.2458 -10.5706
-27.5733 -12.3114
-26.791 -14.0116
-25.9013 -15.6642
-24.9068 -17.2618
-23.8109 -18.7974
-22.6173 -20.2642
-21.3304 -21.6557
-19.9549 -22.9654
-18.4963 -24.1873
-16.9602 -25.3157
-15.3528 -26.3454
-13.6808 -27.2715
-11.9511 -28.0898
-10.171 -28.7962
-8.34805 -29.3876
-6.49012 -29.8611
-4.60523 -30.2145
-2.70153 -30.4464
-0.787283 -30.5557
1.1292 -30.5421
3.03962 -30.4058
4.93575 -30.1477
6.80946 -29.7693
8.6528 -29.2727
10.458 -28.6603
12.2176 -27.9355
13.9243 -27.1018
15.5713 -26.1634
17.1521 -25.1249
18.6606 -23.9913
20.0909 -22.768
21.438 -21.4607
22.6969 -20.0754
23.8634 -18.6184
24.9336 -17.0961
25.9041 -15.5152
26.7721 -13.8824
27.5351 -12.2046
28.1912 -10.4887
28.739 -8.74157
29.1776 -6.97024
29.5063 -5.18155
29.725 -3.3823
29.834 -1.57922
29.8342 0.221116
29.7264 2.01225
29.5123 3.78788
29.1935 5.54191
28.7722 7.26841
28.2507 8.96165
27.6319 10.6161
26.9186 12.2266
26.114 13.7879
25.2215 15.2954
24.2449 16.7444
23.1879 18.1305
22.0545 19.4498
20.8489 20.6983
19.5754 21.8725
18.2385 22.969
16.8428 23.9848
15.3929 24.917
13.8937 25.763
12.35 26.5205
10.7668 27.1874
9.14912 27.7617
7.50209 28.2421
5.83085 28.6269
4.14063 28.9153
2.43667 29.1062
0.724255 29.1991
-0.991292 29.1936
-2.70464 29.0895
-4.41045 28.8871
-6.10335 28.5867
-7.77801 28.189
-9.42909 27.6948
-11.0513 27.1053
-12.6392 26.422
-14.1878 25.6465
-15.6917 24.7809
-17.1458 23.8274
-18.545 22.7885
-19.8845 21.667
-21.1592 20.4661
-22.3645 19.1891
-23.4957 17.8396
-24.5484 16.4218
-25.5183 14.9398
-26.4012 13.3981
-27.1933 11.8016
-27.8909 10.1554
-28.4906 8.46481
-28.9893 6.73554
-29.3841 4.97346
-29.6726 3.18469
-29.8526 1.37559
-29.9223 -0.447279
-29.8804 -2.27716
-29.7258 -4.10713
-29.458 -5.93015
-29.077 -7.73904
-28.5831 -9.52656
-27.9773 -11.2854
-27.2609 -13.0083
-26.4359 -14.688
-25.5045 -16.3172
-24.4699 -17.8888
-23.3355 -19.396
-22.1051 -20.832
-20.7834 -22.1902
-19.3753 -23.4644
-17.8862 -24.6488
-16.3221 -25.7378
-14.6892 -26.7263
-12.9943 -27.6097
-11.2445 -28.3837
-9.44719 -29.0447
-7.60997 -29.5895
-5.74077 -30.0157
-3.84767 -30.3212
-1.93886 -30.5047
-0.0226402 -30.5654
1.89269 -30.5032
3.79884 -30.3185
5.68761 -30.0125
7.55091 -29.5868
9.38084 -29.0436
11.1697 -28.3858
12.9101 -27.6167
14.595 -26.7402
16.2175 -25.7606
17.7712 -24.6826
19.2502 -23.5114
20.649 -22.2526
21.9623 -20.9119
23.1857 -19.4955
24.3148 -18.0098
25.346 -16.4612
26.2762 -14.8566
27.1025 -13.2028
27.8229 -11.5066
28.4355 -9.77497
28.9391 -8.01497
29.3328 -6.23348
29.6163 -4.43739
29.7897 -2.6335
29.8535 -0.828522
29.8084 0.970989
29.6557 2.75861
29.3971 4.5281
29.0344 6.27339
28.57 7.98861
28.0063 9.66811
27.3462 11.3065
26.5928 12.8985
25.7493 14.4391
24.8194 15.9237
23.8067 17.3478
22.7153 18.7071
21.5491 19.9976
20.3125 21.2156
19.0099 22.3576
17.6458 23.4204
16.2248 24.4011
14.7518 25.2968
13.2315 26.1051
11.6689 26.8238
10.0691 27.4508
8.43701 27.9845
6.77792 28.4234
5.09698 28.7663
3.39943 29.0121
1.69055 29.1601
-0.0243509 29.2098
-1.73995 29.161
-3.4509 29.0136
-5.15185 28.768
-6.83744 28.4247
-8.50235 27.9844
-10.1412 27.4482
-11.7488 26.8174
-13.3198 26.0935
-14.849 25.2784
-16.3312 24.3742
-17.7614 23.3832
-19.1345 22.3082
-20.4456 21.1521
-21.6899 19.918
-22.8628 18.6096
-23.9596 17.2307
-24.9761 15.7852
-25.908 14.2777
-26.7514 12.7127
-27.5024 11.0952
-28.1575 9.43043
-28.7135 7.72381
-29.1673 5.9811
-29.5164 4.20828
-29.7583 2.41157
-29.8911 0.597383
-29.9131 -1.22765
-29.8232 -3.05672
-29.6206 -4.88288
-29.305 -6.69904
-28.8764 -8.49803
-28.3356 -10.2726
-27.6834 -12.0155
-26.9217 -13.7194
-26.0525 -15.3771
-25.0783 -16.9815
-24.0024 -18.5256
-22.8284 -20.0024
-21.5606 -21.4055
-20.2034 -22.7283
-18.7622 -23.9648
-17.2426 -25.1094
-15.6505 -26.1565
-13.9925 -27.1014
-12.2754 -27.9395
-10.5064 -28.6668
-8.69294 -29.28
-6.84283 -29.7761
-4.96401 -30.1528
-3.06457 -30.4084
-1.15276 -30.5416
0.763158 -30.5521
2.67488 -30.4399
4.57415 -30.2058
6.45283 -29.8509
8.3029 -29.3772
10.1165 -28.7872
11.8862 -28.0839
13.6046 -27.2709
15.2646 -26.3521
16.8598 -25.332
18.3839 -24.2156
19.8309 -23.0082
21.1957 -21.7153
22.4731 -20.3431
23.6588 -18.8976
24.7487 -17.3853
25.7394 -15.8128
26.6279 -14.1869
27.4116 -12.5145
28.0884 -10.8025
28.6569 -9.05788
29.1159 -7.28758
29.4648 -5.49855
29.7034 -3.69764
29.8319 -1.89164
29.8509 -0.0871953
29.7614 1.70916
29.5649 3.49107
29.263 5.25235
28.8579 6.98698
28.3519 8.68919
27.7476 10.3534
27.0481 11.9742
26.2564 13.5466
25.376 15.0655
24.4106 16.5265
23.3639 17.925
22.24 19.257
21.0431 20.5186
19.7774 21.706
18.4476 22.816
17.058 23.8454
15.6136 24.7913
14.1191 25.651
12.5793 26.4223
10.9993 27.103
9.3842 27.6912
7.73903 28.1852
6.069 28.5837
4.37935 28.8857
2.67534 29.09
0.962279 29.1963
-0.754509 29.204
-2.46968 29.1131
-4.17786 28.9237
-5.87371 28.6361
-7.55187 28.2509
-9.20698 27.7692
-10.8337 27.192
-12.4268 26.5208
-13.981 25.7572
-15.4911 24.9032
-16.952 23.9611
-18.3586 22.9334
-19.7059 21.8228
-20.9891 20.6324
-22.2034 19.3657
-23.3442 18.0262
-24.4071 16.6179
-25.3876 15.145
-26.2819 13.612
-27.0859 12.0237
-27.7959 10.3852
-28.4086 8.70175
-28.9209 6.97897
-29.3298 5.2227
-29.6329 3.43903
-29.828 1.63427
-29.9132 -0.185086
-29.8872 -2.01232
-29.749 -3.84058
-29.4978 -5.66285
-29.1337 -7.47202
-28.657 -9.26087
-28.0684 -11.0222
-27.3692 -12.7486
-26.5614 -14.433
-25.6473 -16.0682
-24.6296 -17.647
-23.5117 -19.1625
-22.2976 -20.6081
-20.9917 -21.9771
-19.5987 -23.2633
-18.124 -24.4608
-16.5735 -25.564
-14.9533 -26.5678
-13.2702 -27.4674
-11.531 -28.2587
-9.74312 -28.9377
-7.9141 -29.5014
-6.05177 -29.9471
-4.16415 -30.2727
-2.25939 -30.4767
-0.34574 -30.5582
1.56852 -30.517
3.47513 -30.3535
5.36589 -30.0686
7.2327 -29.6638
9.06765 -29.1412
10.863 -28.5037
12.6114 -27.7543
14.3055 -26.8968
15.9387 -25.9355
17.5043 -24.875
18.9964 -23.7204
20.4093 -22.4771
21.7378 -21.1509
22.9772 -19.7477
24.1232 -18.2741
25.172 -16.7364
26.1203 -15.1413
26.9654 -13.4956
27.7048 -11.8063
28.3367 -10.0802
28.8598 -8.32439
29.2731 -6.54575
29.5763 -4.7512
29.7691 -2.94756
29.8521 -1.14157
29.8261 0.660179
29.6921 2.45122
29.4517 4.22526
29.1068 5.97619
28.6595 7.69809
28.1124 9.38524
27.4683 11.0322
26.7301 12.6336
25.9011 14.1845
24.9849 15.6801
23.9852 17.1158
22.9059 18.4874
21.751 19.7908
20.5248 21.0221
19.2318 22.178
17.8763 23.255
16.4631 24.2502
14.997 25.1608
13.4827 25.9841
11.9253 26.7181
10.3297 27.3606
8.70104 27.9098
7.04448 28.3643
5.36523 28.7227
3.66852 28.984
1.95966 29.1475
0.243964 29.2127
-1.47323 29.1791
-3.18657 29.0469
-4.89068 28.8162
-6.5802 28.4876
-8.24978 28.0617
-9.89406 27.5396
-11.5077 26.9226
-13.0855 26.2121
-14.6222 25.4101
-16.1126 24.5186
-17.5516 23.5398
-18.9342 22.4766
-20.2554 21.3318
-21.5104 20.1085
-22.6945 18.8104
-23.8032 17.441
-24.832 16.0047
-25.7768 14.5055
-26.6336 12.9483
-27.3984 11.3378
-28.0678 9.67935
-28.6385 7.97829
-29.1075 6.24034
-29.4719 4.47147
-29.7296 2.67785
-29.8784 0.865873
-29.9167 -0.957854
-29.8432 -2.78656
-29.6571 -4.61331
-29.3581 -6.43105
-28.9461 -8.23262
-28.4218 -10.0108
-27.7861 -11.7583
-27.0406 -13.4679
-26.1874 -15.1323
-25.2289 -16.7445
-24.1683 -18.2973
-23.0092 -19.784
-21.7556 -21.1978
-20.4121 -22.5324
-18.9839 -23.7817
-17.4764 -24.9399
-15.8956 -26.0015
-14.2481 -26.9617
-12.5404 -27.8159
-10.7798 -28.56
-8.97368 -29.1905
-7.12974 -29.7044
-5.25588 -30.0995
-3.36018 -30.3737
-1.45083 -30.5259
0.463896 -30.5556
2.37573 -30.4626
4.27643 -30.2476
6.15783 -29.9118
8.01192 -29.457
9.83087 -28.8856
11.6071 -28.2005
13.3332 -27.4051
15.0022 -26.5034
16.6074 -25.4998
18.1426 -24.3991
19.6018 -23.2065
20.9796 -21.9277
22.271 -20.5684
23.4714 -19.135
24.5767 -17.6337
25.5835 -16.0712
26.4885 -14.4541
27.2893 -12.7894
27.9836 -11.084
28.5698 -9.34469
29.0468 -7.57858
29.4138 -5.79257
29.6705 -3.99352
29.8172 -2.18822
29.8542 -0.383347
29.7826 1.41456
29.6037 3.1991
29.3192 4.96407
28.9311 6.70342
28.4416 8.41133
27.8534 10.0822
27.1694 11.7106
26.3927 13.2913
25.5267 14.8195
24.575 16.2905
23.5414 17.6998
22.4299 19.0432
21.2446 20.3168
19.9898 21.5169
18.6699 22.64
17.2897 23.6831
15.8537 24.6431
14.3667 25.5173
12.8337 26.3034
11.2595 26.9992
9.64941 27.6028
8.00836 28.1124
6.34157 28.5267
4.65429 28.8444
2.95177 29.0648
1.23931 29.187
-0.477741 29.2107
-2.19405 29.1356
-3.90424 28.962
-5.60295 28.69
-7.28482 28.3204
-8.94449 27.8539
-10.5766 27.2917
-12.1759 26.6351
-13.7372 25.8859
-15.2551 25.0459
-16.7245 24.1173
-18.1404 23.1027
-19.4978 22.0047
-20.7918 20.8263
-22.0176 19.5711
-23.1705 18.2424
-24.2462 16.8443
-25.2402 15.3809
-26.1484 13.8566
-26.9669 12.2763
-27.692 10.6449
-28.3202 8.96779
-28.8484 7.25044
-29.2737 5.49869
-29.5934 3.71859
-29.8054 1.91641
-29.9078 0.0986468
-29.8991 -1.72803
-29.7782 -3.55677
-29.5446 -5.38059
-29.1979 -7.19239
-28.7385 -8.98497
-28.1671 -10.7511
-27.4849 -12.4835
-26.6938 -14.1749
-25.7959 -15.8181
-24.794 -17.4061
-23.6914 -18.9318
-22.492 -20.3885
-21.1999 -21.7697
-19.8202 -23.069
-18.3579 -24.2806
-16.8188 -25.3987
-15.2092 -26.4181
-13.5356 -27.3341
-11.8048 -28.1423
-10.0242 -28.8389
-8.20133 -29.4207
-6.34392 -29.8848
-4.45998 -30.2291
-2.55765 -30.4521
-0.645144 -30.5528
1.26926 -30.5308
3.17729 -30.3864
5.07074 -30.1204
6.9415 -29.7343
8.78165 -29.2302
10.5834 -28.6106
12.3393 -27.8788
14.0422 -27.0382
15.6851 -26.0932
17.2615 -25.0482
18.7654 -23.9083
20.1909 -22.6788
21.5329 -21.3655
22.7865 -19.9744
23.9474 -18.5118
25.0117 -16.984
25.9761 -15.3978
26.8376 -13.76
27.5939 -12.0774
28.2429 -10.3569
28.7834 -8.60559
29.2143 -6.83034
29.535 -5.03806
29.7454 -3.2356
29.846 -1.4297
29.8373 0.373017
29.7205 2.16607
29.497 3.94313
29.1687 5.69807
28.7378 7.42493
28.2065 9.11797
27.5778 10.7717
26.8545 12.3807
26.0398 13.94
25.1374 15.4448
24.1508 16.8904
23.084 18.2726
21.9409 19.5872
20.7258 20.8304
19.4431 21.9986
18.0973 23.0886
16.693 24.0971
15.2349 25.0214
13.7279 25.859
12.1769 26.6074
10.587 27.2647
8.9631 27.829
7.31051 28.2988
5.63436 28.6726
3.93992 28.9496
2.23247 29.1287
0.51732 29.2095
-1.20019 29.1917
-2.91469 29.0752
-4.62082 28.8601
-6.31321 28.5469
-7.9865 28.1364
-9.63535 27.6294
-11.2544 27.0273
-12.8384 26.3315
-14.3822 25.5437
-15.8804 24.6661
-17.328 23.7009
-18.72 22.6507
-20.0513 21.5184
-21.3172 20.3072
-22.5129 19.0204
-23.6339 17.6619
-24.6757 16.2357
-25.6341 14.746
-26.505 13.1974
-27.2846 11.5949
-27.9693 9.94348
-28.5557 8.24862
-29.0409 6.51597
-29.4219 4.75145
-29.6965 2.9612
-29.8625 1.15159
-29.9182 -0.670804
-29.8623 -2.49924
-29.6939 -4.32681
-29.4126 -6.14646
-29.0183 -7.95106
-28.5115 -9.73338
-27.8932 -11.4862
-27.1648 -13.2022
-26.3283 -14.8741
-25.3862 -16.4949
-24.3414 -18.0574
-23.1975 -19.5549
-21.9584 -20.9805
-20.6288 -22.3279
-19.2136 -23.5909
-17.7182 -24.7637
-16.1487 -25.8407
-14.5113 -26.8171
-12.8127 -27.6881
-11.0601 -28.4497
-9.2608 -29.0983
-7.42245 -29.6307
-5.55293 -30.0446
-3.6603 -30.3379
-1.75274 -30.5094
0.161512 -30.5584
2.07417 -30.4848
3.97699 -30.289
5.8618 -29.9722
7.72056 -29.5362
9.54542 -28.9831
11.3287 -28.3158
13.0631 -27.5377
14.7415 -26.6527
16.3571 -25.665
17.9036 -24.5794
19.3752 -23.4012
20.7661 -22.1358
22.0714 -20.789
23.2865 -19.367
24.4072 -17.8762
25.4298 -16.3231
26.3512 -14.7143
27.1686 -13.0568
27.88 -11.3575
28.4835 -9.62321
28.9779 -7.86098
29.3625 -6.07772
29.6368 -4.28034
29.8009 -2.47561
29.8554 -0.670243
29.801 1.1292
29.6391 2.9163
29.3713 4.68481
28.9995 6.42867
28.526 8.14201
27.9534 9.81918
27.2844 11.4547
26.5223 13.0435
25.6702 14.5805
24.7319 16.0609
23.711 17.4804
22.6115 18.8346
21.4375 20.1196
20.1934 21.3317
18.8835 22.4674
17.5124 23.5234
16.0848 24.4969
14.6054 25.385
13.0792 26.1853
11.5112 26.8955
9.90623 27.5139
8.26958 28.0385
6.60636 28.468
4.9218 28.8011
3.22118 29.0369
1.50977 29.1746
-0.207072 29.2138
-1.92401 29.1543
-3.63568 28.9962
-5.3367 28.7396
-7.02172 28.3853
-8.68537 27.9339
-10.3223 27.3866
-11.9273 26.7447
-13.4949 26.0099
-15.0201 25.1839
-16.4975 24.269
-17.9223 23.2676
-19.2892 22.1824
-20.5935 21.0163
-21.8303 19.7728
-22.995 18.4554
-24.083 17.0678
-25.0901 15.6143
-26.012 14.0992
-26.8448 12.5273
-27.5847 10.9036
-28.2283 9.23327
-28.7723 7.52186
-29.2138 5.77514
-29.5502 3.99913
-29.7792 2.20006
-29.8988 0.384397
-29.9076 -1.44122
-29.8044 -3.26997
-29.5884 -5.09489
-29.2595 -6.90889
-28.8177 -8.70479
-28.2639 -10.4754
-27.5991 -12.2133
-26.825 -13.9114
-25.9438 -15.5625
-24.9582 -17.1594
-23.8714 -18.6952
-22.6871 -20.1631
-21.4096 -21.5564
-20.0435 -22.8688
-18.5941 -24.0944
-17.0671 -25.2275
-15.4685 -26.2627
-13.8048 -27.1952
-12.0829 -28.0207
-10.3101 -28.7351
-8.4937 -29.3353
-6.64157 -29.8182
-4.76164 -30.1817
-2.86202 -30.4241
-0.950908 -30.5443
0.963426 -30.5419
2.87272 -30.4171
4.76875 -30.1705
6.64341 -29.8037
8.48872 -29.3184
10.2969 -28.7173
12.0604 -28.0033
13.7721 -27.1801
15.4249 -26.2517
17.0123 -25.2226
18.5281 -24.0978
19.9665 -22.8826
21.3222 -21.5825
22.5904 -20.2037
23.7665 -18.7523
24.8466 -17.2347
25.8273 -15.6576
26.7056 -14.0277
27.4791 -12.3519
28.1456 -10.6371
28.7038 -8.89031
29.1524 -7.11842
29.491 -5.32837
29.7193 -3.52701
29.8376 -1.72111
29.8466 0.0827026
29.7472 1.87791
29.5408 3.65816
29.2293 5.41729
28.8147 7.1493
28.2994 8.84842
27.6861 10.5091
26.9777 12.1259
26.1774 13.6939
25.2887 15.208
24.3152 16.6637
23.2607 18.0566
22.1293 19.3826
20.9252 20.6378
19.6527 21.8185
18.3163 22.9214
16.9206 23.9434
15.4704 24.8815
13.9705 25.7333
12.4257 26.4962
10.8411 27.1682
9.22184 27.7475
7.57297 28.2324
5.89971 28.6215
4.2073 28.9138
2.50105 29.1084
0.786258 29.2047
-0.931725 29.2023
-2.64754 29.1011
-4.35581 28.9013
-6.05116 28.6033
-7.72822 28.2077
-9.38164 27.7155
-11.0061 27.1278
-12.5963 26.4461
-14.1469 25.6722
-15.6528 24.8081
-17.1089 23.8559
-18.51 22.8184
-19.8512 21.6983
-21.1277 20.4987
-22.3346 19.223
-23.4675 17.875
-24.5218 16.4586
-25.4932 14.9781
-26.3778 13.438
-27.1716 11.8432
-27.871 10.1988
-28.4726 8.51004
-28.9733 6.78268
-29.3703 5.02258
-29.6612 3.23583
-29.8437 1.42878
-29.9163 -0.392029
-29.8774 -2.21987
-29.7261 -4.04787
-29.462 -5.86899
-29.0849 -7.67611
-28.5952 -9.46202
-27.9939 -11.2195
-27.2823 -12.9412
-26.4623 -14.62
-25.5363 -16.2487
-24.5073 -17.8202
-23.3786 -19.3276
-22.1542 -20.7643
-20.8386 -22.1237
-19.4366 -23.3996
-17.9538 -24.5863
-16.3959 -25.6781
-14.7691 -26.67
-13.0803 -27.5573
-11.3363 -28.3359
-9.54448 -29.002
-7.71249 -29.5525
-5.84814 -29.9849
-3.95943 -30.2972
-2.05453 -30.4879
-0.141653 -30.5562
1.77093 -30.502
3.67498 -30.3256
5.56233 -30.0282
7.42492 -29.6112
9.25488 -29.077
11.0445 -28.4281
12.7865 -27.668
14.4736 -26.8003
16.0991 -25.8294
17.6566 -24.7598
19.1401 -23.5968
20.544 -22.3457
21.8631 -21.0124
23.0928 -19.6029
24.2288 -18.1235
25.2674 -16.5807
26.2054 -14.9812
27.0399 -13.3318
27.7687 -11.6395
28.3901 -9.91098
28.9026 -8.15337
29.3054 -6.37356
29.598 -4.57843
29.7804 -2.77481
29.8532 -0.969383
29.8169 0.831251
29.673 2.62066
29.4228 4.39256
29.0683 6.14086
28.6117 7.85966
28.0554 9.54328
27.4024 11.1862
26.6556 12.7833
25.8183 14.3294
24.894 15.8198
23.8865 17.2499
22.7997 18.6156
21.6377 19.9127
20.4046 21.1375
19.1051 22.2864
17.7435 23.3562
16.3245 24.3438
14.8529 25.2466
13.3336 26.0618
11.7715 26.7874
10.1716 27.4212
8.53913 27.9616
6.87918 28.407
5.19697 28.7561
3.49779 29.0079
1.78692 29.1617
0.0697142 29.2169
-1.64848 29.1734
-3.36229 29.031
-5.06633 28.7901
-6.75522 28.4512
-8.42359 28.015
-10.0661 27.4825
-11.6774 26.8552
-13.2522 26.1344
-14.7853 25.3222
-16.2714 24.4205
-17.7056 23.4318
-19.0826 22.3588
-20.3977 21.2045
-21.646 19.972
-22.8227 18.6649
-23.9234 17.2871
-24.9437 15.8426
-25.8793 14.3358
-26.7263 12.7714
-27.4809 11.1544
-28.1395 9.4899
-28.6989 7.78351
-29.1562 6.04095
-29.5085 4.26819
-29.7537 2.47146
-29.8898 0.657186
-29.9151 -1.16799
-29.8285 -2.99727
-29.6291 -4.8237
-29.3168 -6.64019
-28.8915 -8.43959
-28.354 -10.2146
-27.7053 -11.9581
-26.947 -13.6627
-26.0813 -15.3212
-25.1108 -16.9266
-24.0386 -18.4717
-22.8684 -19.9499
-21.6043 -21.3544
-20.2511 -22.6789
-18.8138 -23.9174
-17.2981 -25.0642
-15.71 -26.1139
-14.0559 -27.0616
-12.3427 -27.9028
-10.5775 -28.6337
-8.76776 -29.2507
-6.9212 -29.751
-5.04573 -30.1322
-3.14943 -30.3926
-1.24048 -30.5312
0.672878 -30.5472
2.58239 -30.4409
4.47984 -30.2128
6.35711 -29.8643
8.20623 -29.3973
10.0194 -28.8141
11.7891 -28.1177
13.508 -27.3117
15.1692 -26.4
16.7661 -25.387
18.2924 -24.2776
19.7423 -23.0771
21.1104 -21.7911
22.3917 -20.4253
23.5819 -18.9861
24.6768 -17.4798
25.673 -15.913
26.5673 -14.2924
27.3574 -12.6248
28.041 -10.9171
28.6165 -9.17627
29.0829 -7.40925
29.4394 -5.62293
29.6859 -3.82415
29.8223 -2.01968
29.8494 -0.216161
29.7681 1.57988
29.5797 3.36209
29.286 5.12427
28.8888 6.86042
28.3906 8.56471
27.794 10.2316
27.1019 11.8556
26.3173 13.4317
25.4437 14.9549
24.4847 16.4205
23.4441 17.8242
22.3259 19.1617
21.1341 20.4291
19.8732 21.6227
18.5476 22.7392
17.1619 23.7753
15.7207 24.7281
14.2288 25.5949
12.6913 26.3734
11.1129 27.0613
9.49893 27.6567
7.85437 28.158
6.18445 28.5638
4.4944 28.8728
2.78951 29.0842
1.07509 29.1974
-0.643496 29.2117
-2.36089 29.1273
-4.07171 28.944
-5.77057 28.6623
-7.45209 28.2828
-9.11088 27.8064
-10.7416 27.2342
-12.3389 26.5676
-13.8976 25.8082
-15.4124 24.9581
-16.8781 24.0195
-18.2896 22.9949
-19.642 21.8871
-20.9303 20.6991
-22.1498 19.4344
-23.2958 18.0965
-24.3638 16.6895
-25.3495 15.2176
-26.2488 13.6852
-27.0577 12.0972
-27.7727 10.4587
-28.3901 8.77501
-28.907 7.05173
-29.3204 5.29473
-29.6278 3.51012
-29.8271 1.70423
-29.9163 -0.116413
-29.8942 -1.94509
-29.7596 -3.77491
-29.512 -5.59885
-29.1513 -7.40977
-28.6778 -9.20047
-28.0923 -10.9637
-27.3962 -12.6921
-26.5913 -14.3785
-25.68 -16.0157
-24.6651 -17.5967
-23.5499 -19.1144
-22.3385 -20.5621
-21.0352 -21.9334
-19.6448 -23.2219
-18.1727 -24.4219
-16.6247 -25.5276
-15.0071 -26.5341
-13.3265 -27.4365
-11.5898 -28.2307
-9.80441 -28.9129
-7.97781 -29.4799
-6.11784 -29.929
-4.23249 -30.2583
-2.3299 -30.4663
-0.418283 -30.552
1.49411 -30.5152
3.39904 -30.3563
5.28834 -30.0763
7.15395 -29.6766
8.98798 -29.1594
10.7828 -28.5274
12.5309 -27.7837
14.2252 -26.9321
15.8588 -25.9768
17.4255 -24.9224
18.919 -23.774
20.3338 -22.5368
21.6647 -21.2167
22.9069 -19.8197
24.0563 -18.352
25.109 -16.8201
26.0616 -15.2306
26.9115 -13.5903
27.6561 -11.906
28.2938 -10.1846
28.823 -8.43315
29.2429 -6.65842
29.5528 -4.86731
29.7529 -3.06663
29.8433 -1.26307
29.8249 0.53679
29.6987 2.32651
29.4663 4.09982
29.1295 5.85062
28.6903 7.57299
28.1513 9.26123
27.5152 10.9098
26.7849 12.5136
25.9637 14.0674
25.055 15.5664
24.0625 17.0062
22.9901 18.3823
21.8419 19.6907
20.6219 20.9276
19.3346 22.0895
17.9844 23.1729
16.5761 24.1749
15.1142 25.0925
13.6037 25.9233
12.0495 26.6648
10.4565 27.3151
8.82988 27.8723
7.17475 28.3349
5.49632 28.7014
3.79983 28.9709
2.09058 29.1424
0.373908 29.2155
-1.34484 29.1898
-3.0603 29.0652
-4.76707 28.8419
-6.45977 28.5204
-8.13302 28.1014
-9.78144 27.5858
-11.3997 26.9748
-12.9825 26.2701
-14.5245 25.4733
-16.0205 24.5865
-17.4654 23.612
-18.8541 22.5526
-20.1816 21.411
-21.443 20.1905
-22.6337 18.8945
-23.749 17.5269
-24.7844 16.0916
-25.7358 14.5932
-26.599 13.0361
-27.3702 11.4253
-28.0457 9.76599
-28.6224 8.0637
-29.097 6.32413
-29.4669 4.55326
-29.7297 2.7573
-29.8833 0.942693
-29.9261 -0.883925
-29.8568 -2.71574
-29.6745 -4.54577
-29.3789 -6.36693
-28.97 -8.17202
-28.4484 -9.95376
-27.8151 -11.7049
-27.0717 -13.418
-26.2202 -15.086
-25.2633 -16.7016
-24.2039 -18.2577
-23.0458 -19.7476
-21.7931 -21.1646
-20.4503 -22.5021
-19.0227 -23.7542
-17.5157 -24.915
-15.9355 -25.9792
-14.2883 -26.9417
-12.5812 -27.7982
-10.8211 -28.5445
-9.0155 -29.1771
-7.17219 -29.6932
-5.29905 -30.0903
-3.40415 -30.3666
-1.4957 -30.521
0.418062 -30.5529
2.32886 -30.4623
4.22847 -30.2499
6.10875 -29.9169
7.96173 -29.465
9.7796 -28.8968
11.5548 -28.2151
13.28 -27.4233
14.9482 -26.5256
16.5529 -25.5261
18.0877 -24.4298
19.5468 -23.2419
20.9248 -21.968
22.2168 -20.6138
23.4181 -19.1856
24.5249 -17.6897
25.5335 -16.1326
26.4409 -14.5211
27.2444 -12.8618
27.942 -11.1618
28.5321 -9.42786
29.0134 -7.66692
29.3852 -5.88586
29.6473 -4.09148
29.7997 -2.29054
29.843 -0.489652
29.7781 1.30469
29.6063 3.08614
29.3293 4.84852
28.9489 6.58584
28.4675 8.2923
27.8875 9.96232
27.212 11.5905
26.4438 13.1718
25.5864 14.7011
24.6433 16.1739
23.6182 17.5857
22.515 18.9323
21.3378 20.2098
20.091 21.4144
18.7788 22.5428
17.4058 23.5917
15.9766 24.5581
14.496 25.4393
12.9688 26.2329
11.3999 26.9367
9.79445 27.5486
8.1574 28.067
6.49395 28.4904
4.80928 28.8175
3.10864 29.0474
1.39732 29.1794
-0.319374 29.2128
-2.03609 29.1476
-3.74746 28.9837
-5.44812 28.7214
-7.1327 28.3612
-8.79582 27.9039
-10.4321 27.3506
-12.0363 26.7025
-13.603 25.9614
-15.1271 25.1289
-16.6032 24.2074
-18.0264 23.1991
-19.3914 22.1069
-20.6935 20.9336
-21.9277 19.6827
-23.0894 18.3577
-24.174 16.9624
-25.177 15.5011
-26.0943 13.9781
-26.9219 12.3983
-27.656 10.7666
-28.2931 9.08837
-28.8299 7.3692
-29.2634 5.61493
-29.5911 3.83162
-29.8106 2.02561
-29.92 0.203425
-29.9177 -1.62819
-29.8027 -3.46233
-29.5743 -5.29195
-29.2322 -7.10985
-28.7766 -8.90878
-28.2084 -10.6814
-27.5288 -12.4204
-26.7394 -14.1184
-25.8426 -15.7682
-24.8412 -17.3625
-23.7385 -18.8945
-22.5384 -20.3571
-21.2452 -21.7439
-19.8637 -23.0484
-18.3993 -24.2647
-16.8579 -25.387
-15.2456 -26.4103
-13.5691 -27.3296
-11.8354 -28.1406
-10.0518 -28.8395
-8.22594 -29.4231
-6.36567 -29.8885
-4.47903 -30.2338
-2.57422 -30.4573
-0.65951 -30.5582
1.25678 -30.5362
3.16636 -30.3915
5.061 -30.1251
6.93257 -29.7386
8.77313 -29.2339
10.575 -28.6139
12.3306 -27.8818
14.0328 -27.0411
15.6748 -26.0962
17.25 -25.0516
18.7525 -23.9125
20.1766 -22.6842
21.517 -21.3725
22.769 -19.9834
23.9284 -18.5232
24.9913 -16.9983
25.9544 -15.4155
26.815 -13.7814
27.5706 -12.1029
28.2195 -10.3869
28.7602 -8.6403
29.1918 -6.87006
29.5137 -5.083
29.726 -3.2859
29.829 -1.48542
29.8233 0.31187
29.7102 2.09957
29.4911 3.87143
29.1678 5.62138
28.7424 7.34354
28.2174 9.03226
27.5954 10.6821
26.8794 12.2877
26.0726 13.8442
25.1785 15.3468
24.2005 16.7909
23.1426 18.1723
22.0088 19.4869
20.8031 20.7308
19.53 21.9007
18.1937 22.9931
16.7989 24.0049
15.3502 24.9335
13.8524 25.7761
12.3103 26.5304
10.7288 27.1944
9.11297 27.7663
7.46787 28.2443
5.79861 28.6272
4.11037 28.9138
2.40835 29.1033
0.697831 29.195
-1.01592 29.1885
-2.72759 29.0837
-4.43186 28.8807
-6.12339 28.5798
-7.79685 28.1818
-9.44692 27.6873
-11.0683 27.0976
-12.6557 26.4141
-14.2038 25.6384
-15.7075 24.7725
-17.1615 23.8185
-18.5609 22.7791
-19.9007 21.6568
-21.1758 20.455
-22.3816 19.1768
-23.5134 17.8259
-24.5667 16.4063
-25.537 14.9222
-26.4204 13.3782
-27.2128 11.779
-27.9106 10.1298
-28.5102 8.43591
-29.0085 6.70301
-29.4026 4.93701
-29.6899 3.14408
-29.8683 1.33061
-29.9359 -0.496798
-29.8913 -2.33133
-29.7335 -4.16602
-29.4619 -5.99373
-29.0764 -7.80724
-28.5774 -9.59921
-27.9658 -11.3623
-27.2429 -13.089
-26.4108 -14.7721
-25.4717 -16.4043
-24.4288 -17.9783
-23.2855 -19.4872
-22.0458 -20.924
-20.7144 -22.2823
-19.2962 -23.5558
-17.7969 -24.7384
-16.2224 -25.8246
-14.5792 -26.8093
-12.874 -27.6877
-11.1142 -28.4558
-9.30711 -29.1097
-7.46066 -29.6465
-5.58283 -30.0636
-3.6818 -30.359
-1.7659 -30.5316
0.156472 -30.5805
2.07692 -30.5059
3.98708 -30.3081
5.87865 -29.9885
7.74351 -29.5489
9.5737 -28.9916
11.3615 -28.3195
13.0995 -27.5363
14.7806 -26.6457
16.3981 -25.6525
17.9455 -24.5613
19.417 -23.3775
20.807 -22.1068
22.1106 -20.7552
23.3232 -19.3287
24.4407 -17.834
25.4596 -16.2776
26.3768 -14.6664
27.1896 -13.0071
27.8961 -11.3068
28.4946 -9.57249
28.984 -7.81103
29.3636 -6.02942
29.6332 -4.23451
29.7929 -2.43308
29.8434 -0.631773
29.7856 1.1629
29.6208 2.94459
29.3509 4.70713
28.9778 6.44454
28.5038 8.15107
27.9315 9.82114
27.2639 11.4494
26.504 13.0309
25.6552 14.5606
24.7211 16.034
23.7054 17.4467
22.612 18.7945
21.4451 20.0737
20.2089 21.2805
18.9077 22.4117
17.546 23.464
16.1285 24.4346
14.6598 25.3209
13.1447 26.1204
11.5881 26.831
9.99482 27.4508
8.36998 27.9781
6.71859 28.4115
5.04573 28.7498
3.35656 28.992
1.65625 29.1374
-0.0500104 29.1854
-1.75699 29.136
-3.45945 28.989
-5.15213 28.7446
-6.8298 28.4035
-8.48719 27.9662
-10.1191 27.4338
-11.7202 26.8075
-13.2855 26.0888
-14.8097 25.2795
-16.2877 24.3815
-17.7146 23.3972
-19.0852 22.3292
-20.3948 21.1802
-21.6385 19.9533
-22.8117 18.6521
-23.9098 17.2801
-24.9285 15.8413
-25.8634 14.3401
-26.7106 12.7809
-27.4662 11.1687
-28.1266 9.50837
-28.6885 7.80547
-29.1487 6.06561
-29.5045 4.2947
-29.7533 2.49891
-29.8932 0.684606
-29.9224 -1.1416
-29.8394 -2.97291
-29.6435 -4.80237
-29.334 -6.62287
-28.9111 -8.42717
-28.3751 -10.208
-27.727 -11.9579
-26.9683 -13.6696
-26.1011 -15.3358
-25.1277 -16.9491
-24.0513 -18.5023
-22.8755 -19.9886
-21.6044 -21.401
-20.2428 -22.733
-18.7956 -23.9783
-17.2686 -25.1311
-15.6679 -26.1858
-14.0001 -27.1372
-12.272 -27.9808
-10.491 -28.7124
-8.6648 -29.3284
-6.8012 -29.8259
-4.90839 -30.2023
-2.99467 -30.4559
-1.06848 -30.5854
0.861693 -30.5904
2.78732 -30.471
4.69995 -30.2278
6.5912 -29.8622
8.45285 -29.3762
10.2769 -28.7724
12.0556 -28.054
13.7814 -27.2246
15.4474 -26.2884
17.0466 -25.2501
18.5727 -24.1149
20.02 -22.8882
21.3828 -21.5759
22.6564 -20.1843
23.8362 -18.7196
24.9182 -17.1887
25.8991 -15.5984
26.7759 -13.9555
27.5462 -12.2673
28.2081 -10.5408
28.7601 -8.78305
29.2015 -7.00128
29.5315 -5.20252
29.7504 -3.39372
29.8584 -1.58174
29.8565 0.226694
29.7458 2.02503
29.528 3.8069
29.2049 5.56611
28.7789 7.2967
28.2525 8.99293
27.6286 10.6493
26.9103 12.2605
26.1009 13.8216
25.2041 15.3277
24.2235 16.7744
23.1632 18.1575
22.0273 19.4729
20.82 20.717
19.5458 21.8861
18.2091 22.9773
16.8147 23.9875
15.3672 24.9139
13.8715 25.7543
12.3324 26.5063
10.7549 27.168
9.14408 27.7378
7.50489 28.2141
5.84247 28.5958
4.16195 28.8819
2.46848 29.0716
0.767247 29.1644
-0.936565 29.1601
-2.63776 29.0587
-4.33113 28.8603
-6.01149 28.5654
-7.67365 28.1748
-9.31244 27.6892
-10.9227 27.11
-12.4994 26.4386
-14.0374 25.6766
-15.5318 24.8259
-16.9775 23.8887
-18.3696 22.8675
-19.7034 21.7651
-20.9742 20.5842
-22.1774 19.3283
-23.3084 18.0007
-24.3629 16.6054
-25.3368 15.1462
-26.226 13.6276
-27.0267 12.0542
-27.7353 10.4307
-28.3483 8.7624
-28.8627 7.05458
-29.2755 5.3129
-29.5843 3.54322
-29.7867 1.75165
-29.8808 -0.0554986
-29.8652 -1.87171
-29.7385 -3.6903
-29.5002 -5.5044
-29.1497 -7.30705
-28.6874 -9.09116
-28.1138 -10.8496
-27.4299 -12.575
-26.6373 -14.2604
-25.7382 -15.8985
-24.7351 -17.4821
-23.6312 -19.0044
-22.43 -20.4584
-21.1358 -21.8375
-19.7532 -23.1353
-18.2873 -24.3458
-16.7438 -25.4631
-15.1288 -26.4818
-13.4488 -27.397
-11.7106 -28.2042
-9.92159 -28.8993
-8.08929 -29.4788
-6.22157 -29.9398
-4.3265 -30.28
-2.41233 -30.4975
-0.487457 -30.5914
1.43968 -30.561
3.36061 -30.4066
5.26691 -30.1289
7.15023 -29.7292
9.0024 -29.2097
10.8154 -28.5728
12.5815 -27.8219
14.2933 -26.9605
15.9436 -25.9931
17.5257 -24.9242
19.0333 -23.7591
20.4604 -22.5034
21.8016 -21.1629
23.0519 -19.7439
24.207 -18.253
25.2628 -16.6968
26.216 -15.0824
27.0636 -13.4168
27.8032 -11.7071
28.4331 -9.96061
28.9517 -8.18452
29.3582 -6.38606
29.6523 -4.5724
29.8339 -2.75062
29.9037 -0.927665
29.8625 0.88963
29.7117 2.69462
29.4529 4.48082
29.0884 6.24198
28.6204 7.97206
28.0516 9.66523
27.3852 11.3159
26.6244 12.9189
25.7727 14.469
24.8338 15.9615
23.8117 17.3919
22.7106 18.7559
21.5348 20.0496
20.2886 21.2692
18.9768 22.4114
17.6039 23.4731
16.175 24.4512
14.6947 25.3432
13.1682 26.1469
11.6004 26.86
9.99658 27.4808
8.3618 28.0077
6.70129 28.4394
5.02029 28.7748
3.32404 29.0132
1.61783 29.1539
-0.0930705 29.1968
-1.80337 29.1416
-3.50779 28.9886
-5.20108 28.7382
-6.87797 28.3911
-8.53326 27.9482
-10.1618 27.4107
-11.7583 26.78
-13.3178 26.0577
-14.8353 25.2458
-16.3057 24.3465
-17.7242 23.3621
-19.0859 22.2953
-20.3862 21.1492
-21.6205 19.9268
-22.7843 18.6316
-23.8732 17.2674
-24.8832 15.8382
-25.8101 14.3481
-26.6503 12.8017
-27.4 11.2038
-28.0558 9.55935
-28.6148 7.87361
-29.0739 6.15207
-29.4305 4.40048
-29.6825 2.62477
-29.8277 0.831089
-29.8646 -0.974212
-29.792 -2.78462
-29.609 -4.59346
-29.3151 -6.39394
-28.9104 -8.17914
-28.3951 -9.94208
-27.7703 -11.6757
-27.0372 -13.373
-26.1978 -15.0269
-25.2542 -16.6304
-24.2094 -18.1766
-23.0667 -19.6588
-21.8298 -21.0704
-20.5032 -22.405
-19.0915 -23.6564
-17.6001 -24.819
-16.0346 -25.887
-14.4013 -26.8556
-12.7065 -27.72
-10.9572 -28.4759
-9.16073 -29.1197
-7.32447 -29.648
-5.45625 -30.0584
-3.56402 -30.3485
-1.65593 -30.517
0.259789 -30.5629
2.17484 -30.4859
4.08093 -30.2863
5.9698 -29.9651
7.8333 -29.5238
9.66344 -28.9645
11.4524 -28.2898
13.1927 -27.5032
14.8769 -26.6082
16.4982 -25.6093
18.05 -24.5111
19.5262 -23.3188
20.9209 -22.0381
22.2289 -20.6747
23.4453 -19.235
24.5659 -17.7253
25.5868 -16.1525
26.5046 -14.5234
27.3166 -12.845
28.0204 -11.1244
28.6143 -9.36892
29.0969 -7.58564
29.4674 -5.78176
29.7254 -3.96442
29.8712 -2.14066
29.9052 -0.317424
29.8284 1.49849
29.6422 3.30045
29.3483 5.08198
28.9488 6.83685
28.4463 8.55899
27.8434 10.2426
27.1433 11.8822
26.3492 13.4723
25.4648 15.008
24.4938 16.4844
23.4403 17.8971
22.3084 19.2417
21.1027 20.5144
19.8275 21.7115
18.4877 22.8294
17.0879 23.8652
15.6331 24.8159
14.1283 25.679
12.5786 26.4521
10.9891 27.1332
9.36512 27.7205
7.71185 28.2125
6.03462 28.608
4.33878 28.906
2.62968 29.1057
0.912693 29.2067
-0.806789 29.2088
-2.52339 29.1121
-4.23175 28.9167
-5.9265 28.6234
-7.60233 28.2328
-9.25394 27.7461
-10.8761 27.1646
-12.4635 26.4899
-14.0112 25.7238
-15.514 24.8683
-16.9669 23.9259
-18.365 22.8992
-19.7036 21.7911
-20.9779 20.6046
-22.1834 19.3432
