1.52014e+08 5.06054e+06
1.51756e+08 1.01153e+07
1.51326e+08 1.51587e+07
1.50724e+08 2.01848e+07
1.49952e+08 2.5188e+07
1.4901e+08 3.01627e+07
1.47899e+08 3.51031e+07
1.4662e+08 4.00035e+07
1.45175e+08 4.48586e+07
1.43564e+08 4.96626e+07
1.41791e+08 5.441e+07
1.39857e+08 5.90955e+07
1.37763e+08 6.37137e+07
1.35513e+08 6.82591e+07
1.33108e+08 7.27266e+07
1.30551e+08 7.71109e+07
1.27845e+08 8.1407e+07
1.24993e+08 8.56098e+07
1.21998e+08 8.97144e+07
1.18863e+08 9.37159e+07
1.15592e+08 9.76097e+07
1.12188e+08 1.01391e+08
1.08655e+08 1.05055e+08
1.04996e+08 1.08598e+08
1.01217e+08 1.12016e+08
9.73202e+07 1.15303e+08
9.33112e+07 1.18457e+08
8.9194e+07 1.21473e+08
8.49733e+07 1.24348e+08
8.06538e+07 1.27078e+08
7.62404e+07 1.29659e+08
7.17381e+07 1.32088e+08
6.7152e+07 1.34362e+08
6.24874e+07 1.36478e+08
5.77496e+07 1.38434e+08
5.2944e+07 1.40226e+08
4.80762e+07 1.41852e+08
4.31519e+07 1.43311e+08
3.81768e+07 1.44599e+08
3.31567e+07 1.45715e+08
2.80974e+07 1.46658e+08
2.30051e+07 1.47425e+08
1.78857e+07 1.48015e+08
1.27452e+07 1.48429e+08
7.58994e+06 1.48663e+08
2.42598e+06 1.48719e+08
-2.7404e+06 1.48595e+08
-7.90298e+06 1.48291e+08
-1.30554e+07 1.47807e+08
-1.81915e+07 1.47143e+08
-2.33049e+07 1.46301e+08
-2.83893e+07 1.4528e+08
-3.34385e+07 1.44081e+08
-3.8446e+07 1.42705e+08
-4.34058e+07 1.41155e+08
-4.83116e+07 1.3943e+08
-5.31572e+07 1.37534e+08
-5.79364e+07 1.35468e+08
-6.26434e+07 1.33234e+08
-6.7272e+07 1.30835e+08
-7.18164e+07 1.28274e+08
-7.62706e+07 1.25553e+08
-8.06291e+07 1.22675e+08
-8.48862e+07 1.19644e+08
-8.90364e+07 1.16464e+08
-9.30742e+07 1.13137e+08
-9.69944e+07 1.09669e+08
-1.00792e+08 1.06062e+08
-1.04462e+08 1.02323e+08
-1.07999e+08 9.84542e+07
-1.114e+08 9.44614e+07
-1.14658e+08 9.03493e+07
-1.17771e+08 8.61229e+07
-1.20733e+08 8.17875e+07
-1.23542e+08 7.73485e+07
-1.26193e+08 7.28114e+07
-1.28683e+08 6.81819e+07
-1.31008e+08 6.34658e+07
-1.33165e+08 5.86691e+07
-1.35152e+08 5.37978e+07
-1.36965e+08 4.88581e+07
-1.38603e+08 4.38562e+07
-1.40064e+08 3.87986e+07
-1.41344e+08 3.36917e+07
-1.42443e+08 2.85419e+07
-1.43359e+08 2.33559e+07
-1.44091e+08 1.81403e+07
-1.44638e+08 1.29018e+07
-1.44999e+08 7.64703e+06
-1.45174e+08 2.38274e+06
-1.45163e+08 -2.88432e+06
-1.44965e+08 -8.14744e+06
-1.44581e+08 -1.33999e+07
-1.44012e+08 -1.86349e+07
-1.43258e+08 -2.38459e+07
-1.4232e+08 -2.90263e+07
-1.412e+08 -3.41693e+07
-1.399e+08 -3.92686e+07
-1.3842e+08 -4.43176e+07
-1.36764e+08 -4.931e+07
-1.34933e+08 -5.42395e+07
-1.3293e+08 -5.90999e+07
-1.30757e+08 -6.38851e+07
-1.28418e+08 -6.85892e+07
-1.25916e+08 -7.32063e+07
-1.23253e+08 -7.77308e+07
-1.20435e+08 -8.2157e+07
-1.17464e+08 -8.64795e+07
-1.14344e+08 -9.0693e+07
-1.11079e+08 -9.47925e+07
-1.07675e+08 -9.87729e+07
-1.04135e+08 -1.0263e+08
-1.00463e+08 -1.06358e+08
-9.66657e+07 -1.09953e+08
-9.27469e+07 -1.13412e+08
-8.87118e+07 -1.16729e+08
-8.45658e+07 -1.19902e+08
-8.0314e+07 -1.22926e+08
-7.5962e+07 -1.25798e+08
-7.15153e+07 -1.28515e+08
-6.69796e+07 -1.31074e+08
-6.23606e+07 -1.33472e+08
-5.7664e+07 -1.35706e+08
-5.28959e+07 -1.37775e+08
-4.80621e+07 -1.39675e+08
-4.31686e+07 -1.41405e+08
-3.82215e+07 -1.42964e+08
-3.32269e+07 -1.44349e+08
-2.81908e+07 -1.4556e+08
-2.31195e+07 -1.46595e+08
-1.80191e+07 -1.47454e+08
-1.28956e+07 -1.48136e+08
-7.75543e+06 -1.4864e+08
-2.60456e+06 -1.48966e+08
2.55083e+06 -1.49115e+08
7.70462e+06 -1.49087e+08
1.28507e+07 -1.48881e+08
1.79831e+07 -1.48499e+08
2.30958e+07 -1.47942e+08
2.81828e+07 -1.4721e+08
3.32382e+07 -1.46304e+08
3.82561e+07 -1.45227e+08
4.32309e+07 -1.43979e+08
4.81568e+07 -1.42563e+08
5.30282e+07 -1.40981e+08
5.78395e+07 -1.39234e+08
6.25854e+07 -1.37325e+08
6.72604e+07 -1.35257e+08
7.18593e+07 -1.33032e+08
7.6377e+07 -1.30653e+08
8.08084e+07 -1.28123e+08
8.51487e+07 -1.25445e+08
8.93929e+07 -1.22623e+08
9.35364e+07 -1.1966e+08
9.75747e+07 -1.16559e+08
1.01503e+08 -1.13325e+08
1.05318e+08 -1.09961e+08
1.09014e+08 -1.06471e+08
1.12589e+08 -1.02859e+08
1.16037e+08 -9.91302e+07
1.19355e+08 -9.52881e+07
1.2254e+08 -9.13374e+07
1.25588e+08 -8.72828e+07
1.28497e+08 -8.31287e+07
1.31261e+08 -7.88801e+07
1.3388e+08 -7.45418e+07
1.36349e+08 -7.01188e+07
1.38667e+08 -6.5616e+07
1.4083e+08 -6.10387e+07
1.42837e+08 -5.63918e+07
1.44685e+08 -5.16809e+07
1.46373e+08 -4.6911e+07
1.47897e+08 -4.20877e+07
1.49258e+08 -3.72163e+07
1.50453e+08 -3.23023e+07
1.51481e+08 -2.73512e+07
1.52341e+08 -2.23685e+07
1.53031e+08 -1.73599e+07
1.53552e+08 -1.2331e+07
1.53903e+08 -7.28739e+06
1.54082e+08 -2.23472e+06
1.5409e+08 2.82133e+06
1.53927e+08 7.87509e+06
1.53593e+08 1.29209e+07
1.53088e+08 1.7953e+07
1.52413e+08 2.29658e+07
1.51568e+08 2.79536e+07
1.50554e+08 3.29109e+07
1.49373e+08 3.78318e+07
1.48024e+08 4.2711e+07
1.46511e+08 4.75428e+07
1.44833e+08 5.23216e+07
1.42994e+08 5.70421e+07
1.40994e+08 6.16988e+07
1.38836e+08 6.62863e+07
1.36523e+08 7.07994e+07
1.34056e+08 7.52327e+07
1.31438e+08 7.9581e+07
1.28672e+08 8.38394e+07
1.25761e+08 8.80027e+07
1.22709e+08 9.20661e+07
1.19517e+08 9.60246e+07
1.16191e+08 9.98736e+07
1.12732e+08 1.03608e+08
1.09146e+08 1.07224e+08
1.05436e+08 1.10717e+08
1.01606e+08 1.14083e+08
9.76601e+07 1.17317e+08
9.36031e+07 1.20415e+08
8.94394e+07 1.23374e+08
8.51735e+07 1.26189e+08
8.08104e+07 1.28857e+08
7.63548e+07 1.31375e+08
7.1812e+07 1.33739e+08
6.71871e+07 1.35947e+08
6.24853e+07 1.37994e+08
5.77121e+07 1.39879e+08
5.28731e+07 1.41598e+08
4.79738e+07 1.4315e+08
4.30201e+07 1.44532e+08
3.80177e+07 1.45742e+08
3.29726e+07 1.46778e+08
2.78907e+07 1.47638e+08
2.27781e+07 1.48321e+08
1.76411e+07 1.48826e+08
1.24856e+07 1.49151e+08
7.31817e+06 1.49297e+08
2.14492e+06 1.49261e+08
-3.02776e+06 1.49045e+08
-8.1935e+06 1.48647e+08
-1.33459e+07 1.48067e+08
-1.84786e+07 1.47307e+08
-2.35851e+07 1.46366e+08
-2.8659e+07 1.45246e+08
-3.3694e+07 1.43946e+08
-3.86836e+07 1.42469e+08
-4.36216e+07 1.40817e+08
-4.85015e+07 1.38989e+08
-5.33172e+07 1.3699e+08
-5.80624e+07 1.3482e+08
-6.27309e+07 1.32482e+08
-6.73168e+07 1.29979e+08
-7.1814e+07 1.27313e+08
-7.62167e+07 1.24488e+08
-8.0519e+07 1.21507e+08
-8.47154e+07 1.18373e+08
-8.88001e+07 1.15091e+08
-9.2768e+07 1.11664e+08
-9.66135e+07 1.08096e+08
-1.00332e+08 1.04392e+08
-1.03918e+08 1.00556e+08
-1.07366e+08 9.6593e+07
-1.10673e+08 9.25081e+07
-1.13834e+08 8.83062e+07
-1.16844e+08 8.39928e+07
-1.197e+08 7.95731e+07
-1.22397e+08 7.5053e+07
-1.24933e+08 7.0438e+07
-1.27302e+08 6.57342e+07
-1.29504e+08 6.09475e+07
-1.31533e+08 5.60841e+07
-1.33388e+08 5.11504e+07
-1.35067e+08 4.61526e+07
-1.36566e+08 4.10973e+07
-1.37884e+08 3.59909e+07
-1.39019e+08 3.08402e+07
-1.3997e+08 2.56519e+07
-1.40736e+08 2.04326e+07
-1.41315e+08 1.51891e+07
-1.41706e+08 9.9283e+06
-1.4191e+08 4.657e+06
-1.41926e+08 -617961
-1.41753e+08 -5.88974e+06
-1.41394e+08 -1.11515e+07
-1.40847e+08 -1.63964e+07
-1.40114e+08 -2.16178e+07
-1.39196e+08 -2.68088e+07
-1.38095e+08 -3.19629e+07
-1.36811e+08 -3.70733e+07
-1.35347e+08 -4.21336e+07
-1.33705e+08 -4.71373e+07
-1.31887e+08 -5.20781e+07
-1.29895e+08 -5.69497e+07
-1.27733e+08 -6.1746e+07
-1.25404e+08 -6.6461e+07
-1.2291e+08 -7.10887e+07
-1.20256e+08 -7.56235e+07
-1.17444e+08 -8.00596e+07
-1.14479e+08 -8.43918e+07
-1.11364e+08 -8.86146e+07
-1.08105e+08 -9.2723e+07
-1.04705e+08 -9.6712e+07
-1.01168e+08 -1.00577e+08
-9.74998e+07 -1.04313e+08
-9.37051e+07 -1.07916e+08
-8.97887e+07 -1.11381e+08
-8.57559e+07 -1.14705e+08
-8.16118e+07 -1.17884e+08
-7.73618e+07 -1.20914e+08
-7.30114e+07 -1.23792e+08
-6.85663e+07 -1.26515e+08
-6.40321e+07 -1.29079e+08
-5.94146e+07 -1.31482e+08
-5.47195e+07 -1.33722e+08
-4.99529e+07 -1.35795e+08
-4.51206e+07 -1.377e+08
-4.02288e+07 -1.39436e+08
-3.52834e+07 -1.40999e+08
-3.02905e+07 -1.4239e+08
-2.52563e+07 -1.43606e+08
-2.01869e+07 -1.44647e+08
-1.50884e+07 -1.45512e+08
-9.96701e+06 -1.462e+08
-4.82882e+06 -1.4671e+08
320025 -1.47044e+08
5.47342e+06 -1.472e+08
1.06253e+07 -1.47179e+08
1.57696e+07 -1.46982e+08
2.09002e+07 -1.46609e+08
2.60114e+07 -1.46061e+08
3.1097e+07 -1.45339e+08
3.61514e+07 -1.44444e+08
4.11686e+07 -1.43378e+08
4.61431e+07 -1.42142e+08
5.1069e+07 -1.40738e+08
5.5941e+07 -1.39169e+08
6.07534e+07 -1.37436e+08
6.55009e+07 -1.35542e+08
7.01783e+07 -1.33489e+08
7.47803e+07 -1.31279e+08
7.93018e+07 -1.28917e+08
8.37379e+07 -1.26404e+08
8.80837e+07 -1.23743e+08
9.23345e+07 -1.20939e+08
9.64855e+07 -1.17995e+08
1.00532e+08 -1.14913e+08
1.04471e+08 -1.11698e+08
1.08296e+08 -1.08354e+08
1.12005e+08 -1.04885e+08
1.15592e+08 -1.01294e+08
1.19055e+08 -9.75853e+07
1.22389e+08 -9.37642e+07
1.25592e+08 -8.98345e+07
1.28659e+08 -8.58009e+07
1.31587e+08 -8.16679e+07
1.34373e+08 -7.74402e+07
1.37015e+08 -7.31226e+07
1.39509e+08 -6.87199e+07
1.41853e+08 -6.42373e+07
1.44044e+08 -5.96795e+07
1.4608e+08 -5.50519e+07
1.47959e+08 -5.03595e+07
1.49679e+08 -4.56075e+07
1.51238e+08 -4.08013e+07
1.52634e+08 -3.59461e+07
1.53866e+08 -3.10474e+07
1.54932e+08 -2.61106e+07
1.55832e+08 -2.11411e+07
1.56564e+08 -1.61445e+07
1.57127e+08 -1.11263e+07
1.57521e+08 -6.09197e+06
1.57746e+08 -1.04716e+06
1.57801e+08 4.00255e+06
1.57686e+08 9.05159e+06
1.574e+08 1.40943e+07
1.56945e+08 1.91252e+07
1.56321e+08 2.41385e+07
1.55528e+08 2.91288e+07
1.54566e+08 3.40904e+07
1.53438e+08 3.90178e+07
1.52143e+08 4.39055e+07
1.50684e+08 4.87479e+07
1.49062e+08 5.35396e+07
1.47277e+08 5.82751e+07
1.45333e+08 6.29491e+07
1.43231e+08 6.75562e+07
1.40973e+08 7.20912e+07
1.38562e+08 7.65487e+07
1.36e+08 8.09237e+07
1.3329e+08 8.52111e+07
1.30434e+08 8.94058e+07
1.27435e+08 9.3503e+07
1.24298e+08 9.74977e+07
1.21024e+08 1.01385e+08
1.17618e+08 1.05161e+08
1.14083e+08 1.0882e+08
1.10422e+08 1.12359e+08
1.06641e+08 1.15772e+08
1.02743e+08 1.19056e+08
9.87322e+07 1.22206e+08
9.4613e+07 1.25219e+08
9.03901e+07 1.28091e+08
8.60681e+07 1.30817e+08
8.16518e+07 1.33396e+08
7.71463e+07 1.35822e+08
7.25566e+07 1.38093e+08
6.7888e+07 1.40206e+08
6.31457e+07 1.42158e+08
5.83352e+07 1.43947e+08
5.34621e+07 1.45568e+08
4.8532e+07 1.47022e+08
4.35507e+07 1.48304e+08
3.85241e+07 1.49413e+08
3.3458e+07 1.50348e+08
2.83586e+07 1.51106e+08
2.32318e+07 1.51687e+08
1.8084e+07 1.52089e+08
1.29212e+07 1.52312e+08
7.74976e+06 1.52353e+08
2.57603e+06 1.52214e+08
-2.59364e+06 1.51893e+08
-7.75288e+06 1.51391e+08
-1.28953e+07 1.50708e+08
-1.80144e+07 1.49844e+08
-2.31038e+07 1.48799e+08
-2.81571e+07 1.47576e+08
-3.31678e+07 1.46173e+08
-3.81296e+07 1.44594e+08
-4.30361e+07 1.42839e+08
-4.78811e+07 1.40911e+08
-5.26581e+07 1.38811e+08
-5.73611e+07 1.36542e+08
-6.19838e+07 1.34106e+08
-6.65202e+07 1.31506e+08
-7.09644e+07 1.28744e+08
-7.53105e+07 1.25825e+08
-7.95527e+07 1.22751e+08
-8.36853e+07 1.19527e+08
-8.77028e+07 1.16155e+08
-9.15999e+07 1.12641e+08
-9.53713e+07 1.08988e+08
-9.90119e+07 1.052e+08
-1.02517e+08 1.01284e+08
-1.05881e+08 9.72424e+07
-1.09101e+08 9.30817e+07
-1.12171e+08 8.88068e+07
-1.15087e+08 8.44231e+07
-1.17846e+08 7.99363e+07
-1.20443e+08 7.5352e+07
-1.22876e+08 7.06762e+07
-1.2514e+08 6.59149e+07
-1.27233e+08 6.10742e+07
-1.29152e+08 5.61605e+07
-1.30894e+08 5.11802e+07
-1.32456e+08 4.61396e+07
-1.33838e+08 4.10455e+07
-1.35036e+08 3.59045e+07
-1.36049e+08 3.07233e+07
-1.36877e+08 2.55088e+07
-1.37517e+08 2.02676e+07
-1.37969e+08 1.50068e+07
-1.38232e+08 9.73328e+06
-1.38307e+08 4.45385e+06
-1.38192e+08 -824533
-1.37889e+08 -6.09496e+06
-1.37398e+08 -1.13505e+07
-1.36719e+08 -1.65844e+07
-1.35854e+08 -2.17898e+07
-1.34804e+08 -2.696e+07
-1.3357e+08 -3.20881e+07
-1.32155e+08 -3.71677e+07
-1.30559e+08 -4.21922e+07
-1.28787e+08 -4.71551e+07
-1.26839e+08 -5.20501e+07
-1.2472e+08 -5.6871e+07
-1.22431e+08 -6.16117e+07
-1.19976e+08 -6.62662e+07
-1.17359e+08 -7.08286e+07
-1.14583e+08 -7.52933e+07
-1.11652e+08 -7.96547e+07
-1.0857e+08 -8.39075e+07
-1.05341e+08 -8.80465e+07
-1.01969e+08 -9.20666e+07
-9.84601e+07 -9.5963e+07
-9.48178e+07 -9.9731e+07
-9.10473e+07 -1.03366e+08
-8.71536e+07 -1.06864e+08
-8.31418e+07 -1.10221e+08
-7.90173e+07 -1.13433e+08
-7.47855e+07 -1.16496e+08
-7.04518e+07 -1.19407e+08
-6.60219e+07 -1.22163e+08
-6.15016e+07 -1.2476e+08
-5.68966e+07 -1.27196e+08
-5.22128e+07 -1.29468e+08
-4.74562e+07 -1.31574e+08
-4.26327e+07 -1.33511e+08
-3.77484e+07 -1.35278e+08
-3.28094e+07 -1.36874e+08
-2.78218e+07 -1.38296e+08
-2.27917e+07 -1.39543e+08
-1.77255e+07 -1.40615e+08
-1.26291e+07 -1.4151e+08
-7.5088e+06 -1.42228e+08
-2.37077e+06 -1.42769e+08
2.77883e+06 -1.43132e+08
7.93388e+06 -1.43317e+08
1.30883e+07 -1.43325e+08
1.82359e+07 -1.43156e+08
2.33708e+07 -1.42811e+08
2.84869e+07 -1.4229e+08
3.35784e+07 -1.41595e+08
3.86393e+07 -1.40727e+08
4.36638e+07 -1.39687e+08
4.86462e+07 -1.38478e+08
5.35809e+07 -1.371e+08
5.84623e+07 -1.35555e+08
6.32849e+07 -1.33847e+08
6.80432e+07 -1.31977e+08
7.27321e+07 -1.29948e+08
7.73462e+07 -1.27762e+08
8.18806e+07 -1.25423e+08
8.63302e+07 -1.22933e+08
9.06902e+07 -1.20295e+08
9.49557e+07 -1.17513e+08
9.91223e+07 -1.1459e+08
1.03185e+08 -1.11529e+08
1.0714e+08 -1.08335e+08
1.10983e+08 -1.05012e+08
1.1471e+08 -1.01562e+08
1.18316e+08 -9.79903e+07
1.21799e+08 -9.43011e+07
1.25153e+08 -9.04985e+07
1.28377e+08 -8.65869e+07
1.31465e+08 -8.25708e+07
1.34416e+08 -7.84548e+07
1.37225e+08 -7.42436e+07
1.3989e+08 -6.99419e+07
1.42409e+08 -6.55546e+07
1.44778e+08 -6.10867e+07
1.46995e+08 -5.6543e+07
1.49057e+08 -5.19288e+07
1.50963e+08 -4.72492e+07
1.52711e+08 -4.25092e+07
1.54298e+08 -3.77143e+07
1.55723e+08 -3.28696e+07
1.56985e+08 -2.79807e+07
1.58082e+08 -2.30527e+07
1.59013e+08 -1.80912e+07
1.59777e+08 -1.31017e+07
1.60373e+08 -8.0896e+06
1.608e+08 -3.06046e+06
1.61058e+08 1.9802e+06
1.61147e+08 7.02683e+06
1.61067e+08 1.20738e+07
1.60817e+08 1.71157e+07
1.60398e+08 2.21468e+07
1.59809e+08 2.71616e+07
1.59053e+08 3.21546e+07
1.58128e+08 3.71202e+07
1.57037e+08 4.20528e+07
1.5578e+08 4.6947e+07
1.54359e+08 5.17974e+07
1.52775e+08 5.65984e+07
1.51029e+08 6.13446e+07
1.49123e+08 6.60308e+07
1.4706e+08 7.06515e+07
1.4484e+08 7.52016e+07
1.42468e+08 7.96758e+07
1.39944e+08 8.4069e+07
1.37272e+08 8.83761e+07
1.34454e+08 9.25921e+07
1.31493e+08 9.67122e+07
1.28393e+08 1.00731e+08
1.25156e+08 1.04645e+08
1.21786e+08 1.08448e+08
1.18287e+08 1.12137e+08
1.14662e+08 1.15706e+08
1.10916e+08 1.19152e+08
1.07052e+08 1.2247e+08
1.03074e+08 1.25656e+08
9.89868e+07 1.28706e+08
9.47951e+07 1.31616e+08
9.05032e+07 1.34383e+08
8.61159e+07 1.37003e+08
8.16382e+07 1.39472e+08
7.70751e+07 1.41788e+08
7.24316e+07 1.43947e+08
6.77131e+07 1.45946e+08
6.29249e+07 1.47783e+08
5.80725e+07 1.49455e+08
5.31615e+07 1.50959e+08
4.81977e+07 1.52293e+08
4.31867e+07 1.53456e+08
3.81345e+07 1.54444e+08
3.30471e+07 1.55258e+08
2.79305e+07 1.55895e+08
2.27908e+07 1.56353e+08
1.76341e+07 1.56633e+08
1.24668e+07 1.56733e+08
7.29502e+06 1.56652e+08
2.12518e+06 1.5639e+08
-3.03639e+06 1.55948e+08
-8.18331e+06 1.55324e+08
-1.33092e+07 1.54519e+08
-1.84076e+07 1.53535e+08
-2.34721e+07 1.52371e+08
-2.84964e+07 1.51028e+08
-3.3474e+07 1.49508e+08
-3.83986e+07 1.47813e+08
-4.32638e+07 1.45943e+08
-4.80635e+07 1.43901e+08
-5.27913e+07 1.41689e+08
-5.74411e+07 1.3931e+08
-6.20068e+07 1.36765e+08
-6.64824e+07 1.34059e+08
-7.0862e+07 1.31193e+08
-7.51398e+07 1.28172e+08
-7.93101e+07 1.24999e+08
-8.33673e+07 1.21678e+08
-8.73059e+07 1.18212e+08
-9.11208e+07 1.14606e+08
-9.48066e+07 1.10864e+08
-9.83585e+07 1.06991e+08
-1.01772e+08 1.02992e+08
-1.05041e+08 9.88715e+07
-1.08163e+08 9.46349e+07
-1.11132e+08 9.02876e+07
-1.13945e+08 8.5835e+07
-1.16598e+08 8.12829e+07
-1.19088e+08 7.66371e+07
-1.2141e+08 7.19036e+07
-1.23561e+08 6.70885e+07
-1.2554e+08 6.21981e+07
-1.27342e+08 5.72387e+07
-1.28965e+08 5.22168e+07
-1.30408e+08 4.7139e+07
-1.31668e+08 4.20119e+07
-1.32743e+08 3.68423e+07
-1.33633e+08 3.16369e+07
-1.34335e+08 2.64025e+07
-1.34849e+08 2.11462e+07
-1.35175e+08 1.58746e+07
-1.35311e+08 1.05949e+07
-1.35258e+08 5.31394e+06
-1.35016e+08 38628.3
-1.34585e+08 -5.2241e+06
-1.33966e+08 -1.04674e+07
-1.3316e+08 -1.56843e+07
-1.32168e+08 -2.08681e+07
-1.30992e+08 -2.6012e+07
-1.29633e+08 -3.11093e+07
-1.28093e+08 -3.61535e+07
-1.26375e+08 -4.11381e+07
-1.2448e+08 -4.60566e+07
-1.22412e+08 -5.09027e+07
-1.20174e+08 -5.56704e+07
-1.17768e+08 -6.03534e+07
-1.15199e+08 -6.4946e+07
-1.12469e+08 -6.94423e+07
-1.09582e+08 -7.38368e+07
-1.06543e+08 -7.8124e+07
-1.03355e+08 -8.22986e+07
-1.00023e+08 -8.63555e+07
-9.6552e+07 -9.02897e+07
-9.29459e+07 -9.40967e+07
-8.92098e+07 -9.77717e+07
-8.53487e+07 -1.0131e+08
-8.13679e+07 -1.04709e+08
-7.72725e+07 -1.07963e+08
-7.3068e+07 -1.11069e+08
-6.87599e+07 -1.14023e+08
-6.43538e+07 -1.16822e+08
-5.98554e+07 -1.19464e+08
-5.52706e+07 -1.21944e+08
-5.06052e+07 -1.24261e+08
-4.58653e+07 -1.26412e+08
-4.10567e+07 -1.28395e+08
-3.61856e+07 -1.30207e+08
-3.12582e+07 -1.31848e+08
-2.62804e+07 -1.33315e+08
-2.12586e+07 -1.34608e+08
-1.61989e+07 -1.35724e+08
-1.11075e+07 -1.36664e+08
-5.99058e+06 -1.37427e+08
-854412 -1.38011e+08
4.29485e+06 -1.38418e+08
9.45104e+06 -1.38647e+08
1.4608e+07 -1.38698e+08
1.97597e+07 -1.38571e+08
2.48999e+07 -1.38268e+08
3.00228e+07 -1.37788e+08
3.51223e+07 -1.37134e+08
4.01925e+07 -1.36306e+08
4.52276e+07 -1.35306e+08
5.02218e+07 -1.34135e+08
5.51694e+07 -1.32795e+08
6.00649e+07 -1.31288e+08
6.49027e+07 -1.29616e+08
6.96773e+07 -1.27782e+08
7.43835e+07 -1.25788e+08
7.90159e+07 -1.23636e+08
8.35696e+07 -1.2133e+08
8.80394e+07 -1.18873e+08
9.24205e+07 -1.16267e+08
9.67081e+07 -1.13515e+08
1.00898e+08 -1.10622e+08
1.04984e+08 -1.07591e+08
1.08964e+08 -1.04425e+08
1.12832e+08 -1.01128e+08
1.16585e+08 -9.77048e+07
1.20218e+08 -9.41585e+07
1.23728e+08 -9.04935e+07
1.2711e+08 -8.67143e+07
1.30362e+08 -8.28251e+07
1.3348e+08 -7.88304e+07
1.3646e+08 -7.47348e+07
1.393e+08 -7.0543e+07
1.41996e+08 -6.62598e+07
1.44546e+08 -6.18899e+07
1.46947e+08 -5.74384e+07
1.49197e+08 -5.29101e+07
1.51292e+08 -4.83103e+07
1.53231e+08 -4.36439e+07
1.55013e+08 -3.89162e+07
1.56634e+08 -3.41324e+07
1.58094e+08 -2.92979e+07
1.5939e+08 -2.44179e+07
1.60522e+08 -1.94979e+07
1.61488e+08 -1.45433e+07
1.62287e+08 -9.5595e+06
1.62919e+08 -4.55203e+06
1.63383e+08 473596
1.63677e+08 5.51187e+06
1.63802e+08 1.05572e+07
1.63758e+08 1.56042e+07
1.63545e+08 2.06471e+07
1.63162e+08 2.56804e+07
1.62611e+08 3.06986e+07
1.61891e+08 3.56961e+07
1.61003e+08 4.06675e+07
1.59949e+08 4.56071e+07
1.58728e+08 5.05094e+07
1.57343e+08 5.53691e+07
1.55795e+08 6.01807e+07
1.54086e+08 6.49388e+07
1.52216e+08 6.9638e+07
1.50188e+08 7.4273e+07
1.48004e+08 7.88386e+07
1.45667e+08 8.33296e+07
1.43178e+08 8.77407e+07
1.4054e+08 9.20671e+07
1.37756e+08 9.63036e+07
1.34829e+08 1.00445e+08
1.31761e+08 1.04487e+08
1.28557e+08 1.08425e+08
1.25219e+08 1.12254e+08
1.21751e+08 1.15969e+08
1.18157e+08 1.19566e+08
1.1444e+08 1.23041e+08
1.10605e+08 1.26389e+08
1.06655e+08 1.29607e+08
1.02595e+08 1.32689e+08
9.84297e+07 1.35633e+08
9.41632e+07 1.38435e+08
8.98003e+07 1.41091e+08
8.53459e+07 1.43598e+08
8.08049e+07 1.45951e+08
7.61824e+07 1.4815e+08
7.14837e+07 1.50189e+08
6.67141e+07 1.52067e+08
6.18789e+07 1.5378e+08
5.69839e+07 1.55327e+08
5.20346e+07 1.56706e+08
4.70367e+07 1.57913e+08
4.19962e+07 1.58947e+08
3.69189e+07 1.59806e+08
3.18108e+07 1.6049e+08
2.6678e+07 1.60996e+08
2.15267e+07 1.61323e+08
1.6363e+07 1.61471e+08
1.11932e+07 1.61439e+08
6.02363e+06 1.61227e+08
860537 1.60834e+08
-4.28969e+06 1.6026e+08
-9.42067e+06 1.59505e+08
-1.4526e+07 1.5857e+08
-1.95994e+07 1.57456e+08
-2.46343e+07 1.56164e+08
-2.96244e+07 1.54694e+08
-3.45634e+07 1.53048e+08
-3.94449e+07 1.51228e+08
-4.42627e+07 1.49235e+08
-4.90106e+07 1.47072e+08
-5.36823e+07 1.44741e+08
-5.82718e+07 1.42244e+08
-6.27731e+07 1.39584e+08
-6.71802e+07 1.36765e+08
-7.14872e+07 1.33789e+08
-7.56886e+07 1.30661e+08
-7.97787e+07 1.27383e+08
-8.37519e+07 1.23959e+08
-8.7603e+07 1.20394e+08
-9.13268e+07 1.16693e+08
-9.49182e+07 1.12859e+08
-9.83723e+07 1.08897e+08
-1.01684e+08 1.04813e+08
-1.0485e+08 1.0061e+08
-1.07865e+08 9.6296e+07
-1.10725e+08 9.18748e+07
-1.13426e+08 8.73523e+07
-1.15964e+08 8.27344e+07
-1.18337e+08 7.8027e+07
-1.2054e+08 7.32362e+07
-1.2257e+08 6.83681e+07
-1.24425e+08 6.34291e+07
-1.26103e+08 5.84257e+07
-1.276e+08 5.33643e+07
-1.28916e+08 4.82516e+07
-1.30047e+08 4.30943e+07
-1.30993e+08 3.78991e+07
-1.31752e+08 3.26729e+07
-1.32323e+08 2.74225e+07
-1.32705e+08 2.21548e+07
-1.32899e+08 1.68768e+07
-1.32903e+08 1.15954e+07
-1.32718e+08 6.31757e+06
-1.32344e+08 1.05017e+06
-1.31782e+08 -4.19988e+06
-1.31032e+08 -9.42569e+06
-1.30096e+08 -1.46204e+07
-1.28975e+08 -1.97774e+07
-1.27671e+08 -2.48898e+07
-1.26185e+08 -2.9951e+07
-1.2452e+08 -3.49545e+07
-1.22678e+08 -3.98939e+07
-1.20661e+08 -4.47628e+07
-1.18473e+08 -4.95549e+07
-1.16117e+08 -5.42643e+07
-1.13595e+08 -5.88849e+07
-1.10912e+08 -6.3411e+07
-1.08071e+08 -6.78367e+07
-1.05076e+08 -7.21567e+07
-1.01931e+08 -7.63657e+07
-9.86409e+07 -8.04583e+07
-9.52096e+07 -8.44296e+07
-9.16419e+07 -8.82749e+07
-8.79427e+07 -9.19895e+07
-8.41169e+07 -9.55689e+07
-8.01696e+07 -9.9009e+07
-7.61061e+07 -1.02306e+08
-7.19318e+07 -1.05455e+08
-6.76522e+07 -1.08454e+08
-6.32728e+07 -1.11299e+08
-5.87994e+07 -1.13986e+08
-5.42378e+07 -1.16513e+08
-4.95939e+07 -1.18877e+08
-4.48735e+07 -1.21076e+08
-4.00828e+07 -1.23106e+08
-3.52277e+07 -1.24967e+08
-3.03144e+07 -1.26657e+08
-2.53491e+07 -1.28173e+08
-2.03379e+07 -1.29514e+08
-1.5287e+07 -1.3068e+08
-1.02027e+07 -1.31669e+08
-5.09115e+06 -1.3248e+08
41408.5 -1.33114e+08
5.18877e+06 -1.33569e+08
1.03448e+07 -1.33846e+08
1.55032e+07 -1.33945e+08
2.06579e+07 -1.33867e+08
2.58029e+07 -1.33611e+08
3.09321e+07 -1.33178e+08
3.60394e+07 -1.3257e+08
4.1119e+07 -1.31788e+08
4.6165e+07 -1.30833e+08
5.11715e+07 -1.29707e+08
5.6133e+07 -1.28411e+08
6.10436e+07 -1.26947e+08
6.58979e+07 -1.25318e+08
7.06903e+07 -1.23525e+08
7.54156e+07 -1.21572e+08
8.00685e+07 -1.1946e+08
8.46437e+07 -1.17193e+08
8.91363e+07 -1.14774e+08
9.35412e+07 -1.12205e+08
9.78538e+07 -1.09489e+08
1.02069e+08 -1.06631e+08
1.06183e+08 -1.03634e+08
1.10191e+08 -1.00501e+08
1.14088e+08 -9.72362e+07
1.1787e+08 -9.38434e+07
1.21534e+08 -9.03268e+07
1.25075e+08 -8.66903e+07
1.2849e+08 -8.29384e+07
1.31775e+08 -7.90754e+07
1.34927e+08 -7.51056e+07
1.37942e+08 -7.10338e+07
1.40816e+08 -6.68646e+07
1.43548e+08 -6.26027e+07
1.46134e+08 -5.82529e+07
1.48572e+08 -5.38202e+07
1.50858e+08 -4.93096e+07
1.52991e+08 -4.4726e+07
1.54969e+08 -4.00747e+07
1.56788e+08 -3.53609e+07
1.58448e+08 -3.05897e+07
1.59947e+08 -2.57664e+07
1.61283e+08 -2.08964e+07
1.62454e+08 -1.59851e+07
1.6346e+08 -1.10379e+07
1.64299e+08 -6.06028e+06
1.64971e+08 -1.05766e+06
1.65474e+08 3.96441e+06
1.65809e+08 9.00041e+06
1.65974e+08 1.40448e+07
1.6597e+08 1.9092e+07
1.65797e+08 2.41365e+07
1.65454e+08 2.91727e+07
1.64942e+08 3.41951e+07
1.64262e+08 3.9198e+07
1.63414e+08 4.41761e+07
1.62399e+08 4.91236e+07
1.52014e+08 5.06054e+06
1.51756e+08 1.01153e+07
1.51326e+08 1.51587e+07
1.50724e+08 2.01848e+07
1.49952e+08 2.5188e+07
1.4901e+08 3.01627e+07
1.47899e+08 3.51031e+07
1.4662e+08 4.00035e+07
1.45175e+08 4.48586e+07
1.43564e+08 4.96626e+07
1.41791e+08 5.441e+07
1.39857e+08 5.90955e+07
1.37763e+08 6.37137e+07
1.35513e+08 6.82591e+07
1.33108e+08 7.27266e+07
1.30551e+08 7.71109e+07
1.27845e+08 8.1407e+07
1.24993e+08 8.56098e+07
1.21998e+08 8.97144e+07
1.18863e+08 9.37159e+07
1.15592e+08 9.76097e+07
1.12188e+08 1.01391e+08
1.08655e+08 1.05055e+08
1.04996e+08 1.08598e+08
1.01217e+08 1.12016e+08
9.73202e+07 1.15303e+08
9.33112e+07 1.18457e+08
8.9194e+07 1.21473e+08
8.49733e+07 1.24348e+08
8.06538e+07 1.27078e+08
7.62404e+07 1.29659e+08
7.17381e+07 1.32088e+08
6.7152e+07 1.34362e+08
6.24874e+07 1.36478e+08
5.77496e+07 1.38434e+08
5.2944e+07 1.40226e+08
4.80762e+07 1.41852e+08
4.31519e+07 1.43311e+08
3.81768e+07 1.44599e+08
3.31567e+07 1.45715e+08
2.80974e+07 1.46658e+08
2.30051e+07 1.47425e+08
1.78857e+07 1.48015e+08
1.27452e+07 1.48429e+08
7.58994e+06 1.48663e+08
2.42598e+06 1.48719e+08
-2.7404e+06 1.48595e+08
-7.90298e+06 1.48291e+08
-1.30554e+07 1.47807e+08
-1.81915e+07 1.47143e+08
-2.33049e+07 1.46301e+08
-2.83893e+07 1.4528e+08
-3.34385e+07 1.44081e+08
-3.8446e+07 1.42705e+08
-4.34058e+07 1.41155e+08
-4.83116e+07 1.3943e+08
-5.31572e+07 1.37534e+08
-5.79364e+07 1.35468e+08
-6.26434e+07 1.33234e+08
-6.7272e+07 1.30835e+08
-7.18164e+07 1.28274e+08
-7.62706e+07 1.25553e+08
-8.06291e+07 1.22675e+08
-8.48862e+07 1.19644e+08
-8.90364e+07 1.16464e+08
-9.30742e+07 1.13137e+08
-9.69944e+07 1.09669e+08
-1.00792e+08 1.06062e+08
-1.04462e+08 1.02323e+08
-1.07999e+08 9.84542e+07
-1.114e+08 9.44614e+07
-1.14658e+08 9.03493e+07
-1.17771e+08 8.61229e+07
-1.20733e+08 8.17875e+07
-1.23542e+08 7.73485e+07
-1.26193e+08 7.28114e+07
-1.28683e+08 6.81819e+07
-1.31008e+08 6.34658e+07
-1.33165e+08 5.86691e+07
-1.35152e+08 5.37978e+07
-1.36965e+08 4.88581e+07
-1.38603e+08 4.38562e+07
-1.40064e+08 3.87986e+07
-1.41344e+08 3.36917e+07
-1.42443e+08 2.85419e+07
-1.43359e+08 2.33559e+07
-1.44091e+08 1.81403e+07
-1.44638e+08 1.29018e+07
-1.44999e+08 7.64703e+06
-1.45174e+08 2.38274e+06
-1.45163e+08 -2.88432e+06
-1.44965e+08 -8.14744e+06
-1.44581e+08 -1.33999e+07
-1.44012e+08 -1.86349e+07
-1.43258e+08 -2.38459e+07
-1.4232e+08 -2.90263e+07
-1.412e+08 -3.41693e+07
-1.399e+08 -3.92686e+07
-1.3842e+08 -4.43176e+07
-1.36764e+08 -4.931e+07
-1.34933e+08 -5.42395e+07
-1.3293e+08 -5.90999e+07
-1.30757e+08 -6.38851e+07
-1.28418e+08 -6.85892e+07
-1.25916e+08 -7.32063e+07
-1.23253e+08 -7.77308e+07
-1.20435e+08 -8.2157e+07
-1.17464e+08 -8.64795e+07
-1.14344e+08 -9.0693e+07
-1.11079e+08 -9.47925e+07
-1.07675e+08 -9.87729e+07
-1.04135e+08 -1.0263e+08
-1.00463e+08 -1.06358e+08
-9.66657e+07 -1.09953e+08
-9.27469e+07 -1.13412e+08
-8.87118e+07 -1.16729e+08
-8.45658e+07 -1.19902e+08
-8.0314e+07 -1.22926e+08
-7.5962e+07 -1.25798e+08
-7.15153e+07 -1.28515e+08
-6.69796e+07 -1.31074e+08
-6.23606e+07 -1.33472e+08
-5.7664e+07 -1.35706e+08
-5.28959e+07 -1.37775e+08
-4.80621e+07 -1.39675e+08
-4.31686e+07 -1.41405e+08
-3.82215e+07 -1.42964e+08
-3.32269e+07 -1.44349e+08
-2.81908e+07 -1.4556e+08
-2.31195e+07 -1.46595e+08
-1.80191e+07 -1.47454e+08
-1.28956e+07 -1.48136e+08
-7.75543e+06 -1.4864e+08
-2.60456e+06 -1.48966e+08
2.55083e+06 -1.49115e+08
7.70462e+06 -1.49087e+08
1.28507e+07 -1.48881e+08
1.79831e+07 -1.48499e+08
2.30958e+07 -1.47942e+08
2.81828e+07 -1.4721e+08
3.32382e+07 -1.46304e+08
3.82561e+07 -1.45227e+08
4.32309e+07 -1.43979e+08
4.81568e+07 -1.42563e+08
5.30282e+07 -1.40981e+08
5.78395e+07 -1.39234e+08
6.25854e+07 -1.37325e+08
6.72604e+07 -1.35257e+08
7.18593e+07 -1.33032e+08
7.6377e+07 -1.30653e+08
8.08084e+07 -1.28123e+08
8.51487e+07 -1.25445e+08
8.93929e+07 -1.22623e+08
9.35364e+07 -1.1966e+08
9.75747e+07 -1.16559e+08
1.01503e+08 -1.13325e+08
1.05318e+08 -1.09961e+08
1.09014e+08 -1.06471e+08
1.12589e+08 -1.02859e+08
1.16037e+08 -9.91302e+07
1.19355e+08 -9.52881e+07
1.2254e+08 -9.13374e+07
1.25588e+08 -8.72828e+07
1.28497e+08 -8.31287e+07
1.31261e+08 -7.88801e+07
1.3388e+08 -7.45418e+07
1.36349e+08 -7.01188e+07
1.38667e+08 -6.5616e+07
1.4083e+08 -6.10387e+07
1.42837e+08 -5.63918e+07
1.44685e+08 -5.16809e+07
1.46373e+08 -4.6911e+07
1.47897e+08 -4.20877e+07
1.49258e+08 -3.72163e+07
1.50453e+08 -3.23023e+07
1.51481e+08 -2.73512e+07
1.52341e+08 -2.23685e+07
1.53031e+08 -1.73599e+07
1.53552e+08 -1.2331e+07
1.53903e+08 -7.28739e+06
1.54082e+08 -2.23472e+06
1.5409e+08 2.82133e+06
1.53927e+08 7.87509e+06
1.53593e+08 1.29209e+07
1.53088e+08 1.7953e+07
1.52413e+08 2.29658e+07
1.51568e+08 2.79536e+07
1.50554e+08 3.29109e+07
1.49373e+08 3.78318e+07
1.48024e+08 4.2711e+07
1.46511e+08 4.75428e+07
1.44833e+08 5.23216e+07
1.42994e+08 5.70421e+07
1.40994e+08 6.16988e+07
1.38836e+08 6.62863e+07
1.36523e+08 7.07994e+07
1.34056e+08 7.52327e+07
1.31438e+08 7.9581e+07
1.28672e+08 8.38394e+07
1.25761e+08 8.80027e+07
1.22709e+08 9.20661e+07
1.19517e+08 9.60246e+07
1.16191e+08 9.98736e+07
1.12732e+08 1.03608e+08
1.09146e+08 1.07224e+08
1.05436e+08 1.10717e+08
1.01606e+08 1.14083e+08
9.76601e+07 1.17317e+08
9.36031e+07 1.20415e+08
8.94394e+07 1.23374e+08
8.51735e+07 1.26189e+08
8.08104e+07 1.28857e+08
7.63548e+07 1.31375e+08
7.1812e+07 1.33739e+08
6.71871e+07 1.35947e+08
6.24853e+07 1.37994e+08
5.77121e+07 1.39879e+08
5.28731e+07 1.41598e+08
4.79738e+07 1.4315e+08
4.30201e+07 1.44532e+08
3.80177e+07 1.45742e+08
3.29726e+07 1.46778e+08
2.78907e+07 1.47638e+08
2.27781e+07 1.48321e+08
1.76411e+07 1.48826e+08
1.24856e+07 1.49151e+08
7.31817e+06 1.49297e+08
2.14492e+06 1.49261e+08
-3.02776e+06 1.49045e+08
-8.1935e+06 1.48647e+08
-1.33459e+07 1.48067e+08
-1.84786e+07 1.47307e+08
-2.35851e+07 1.46366e+08
-2.8659e+07 1.45246e+08
-3.3694e+07 1.43946e+08
-3.86836e+07 1.42469e+08
-4.36216e+07 1.40817e+08
-4.85015e+07 1.38989e+08
-5.33172e+07 1.3699e+08
-5.80624e+07 1.3482e+08
-6.27309e+07 1.32482e+08
-6.73168e+07 1.29979e+08
-7.1814e+07 1.27313e+08
-7.62167e+07 1.24488e+08
-8.0519e+07 1.21507e+08
-8.47154e+07 1.18373e+08
-8.88001e+07 1.15091e+08
-9.2768e+07 1.11664e+08
-9.66135e+07 1.08096e+08
-1.00332e+08 1.04392e+08
-1.03918e+08 1.00556e+08
-1.07366e+08 9.6593e+07
-1.10673e+08 9.25081e+07
-1.13834e+08 8.83062e+07
-1.16844e+08 8.39928e+07
-1.197e+08 7.95731e+07
-1.22397e+08 7.5053e+07
-1.24933e+08 7.0438e+07
-1.27302e+08 6.57342e+07
-1.29504e+08 6.09475e+07
-1.31533e+08 5.60841e+07
-1.33388e+08 5.11504e+07
-1.35067e+08 4.61526e+07
-1.36566e+08 4.10973e+07
-1.37884e+08 3.59909e+07
-1.39019e+08 3.08402e+07
-1.3997e+08 2.56519e+07
-1.40736e+08 2.04326e+07
-1.41315e+08 1.51891e+07
-1.41706e+08 9.9283e+06
-1.4191e+08 4.657e+06
-1.41926e+08 -617961
-1.41753e+08 -5.88974e+06
-1.41394e+08 -1.11515e+07
-1.40847e+08 -1.63964e+07
-1.40114e+08 -2.16178e+07
-1.39196e+08 -2.68088e+07
-1.38095e+08 -3.19629e+07
-1.36811e+08 -3.70733e+07
-1.35347e+08 -4.21336e+07
-1.33705e+08 -4.71373e+07
-1.31887e+08 -5.20781e+07
-1.29895e+08 -5.69497e+07
-1.27733e+08 -6.1746e+07
-1.25404e+08 -6.6461e+07
-1.2291e+08 -7.10887e+07
-1.20256e+08 -7.56235e+07
-1.17444e+08 -8.00596e+07
-1.14479e+08 -8.43918e+07
-1.11364e+08 -8.86146e+07
-1.08105e+08 -9.2723e+07
-1.04705e+08 -9.6712e+07
-1.01168e+08 -1.00577e+08
-9.74998e+07 -1.04313e+08
-9.37051e+07 -1.07916e+08
-8.97887e+07 -1.11381e+08
-8.57559e+07 -1.14705e+08
-8.16118e+07 -1.17884e+08
-7.73618e+07 -1.20914e+08
-7.30114e+07 -1.23792e+08
-6.85663e+07 -1.26515e+08
-6.40321e+07 -1.29079e+08
-5.94146e+07 -1.31482e+08
-5.47195e+07 -1.33722e+08
-4.99529e+07 -1.35795e+08
-4.51206e+07 -1.377e+08
-4.02288e+07 -1.39436e+08
-3.52834e+07 -1.40999e+08
-3.02905e+07 -1.4239e+08
-2.52563e+07 -1.43606e+08
-2.01869e+07 -1.44647e+08
-1.50884e+07 -1.45512e+08
-9.96701e+06 -1.462e+08
-4.82882e+06 -1.4671e+08
320025 -1.47044e+08
5.47342e+06 -1.472e+08
1.06253e+07 -1.47179e+08
1.57696e+07 -1.46982e+08
2.09002e+07 -1.46609e+08
2.60114e+07 -1.46061e+08
3.1097e+07 -1.45339e+08
3.61514e+07 -1.44444e+08
4.11686e+07 -1.43378e+08
4.61431e+07 -1.42142e+08
5.1069e+07 -1.40738e+08
5.5941e+07 -1.39169e+08
6.07534e+07 -1.37436e+08
6.55009e+07 -1.35542e+08
7.01783e+07 -1.33489e+08
7.47803e+07 -1.31279e+08
7.93018e+07 -1.28917e+08
8.37379e+07 -1.26404e+08
8.80837e+07 -1.23743e+08
9.23345e+07 -1.20939e+08
9.64855e+07 -1.17995e+08
1.00532e+08 -1.14913e+08
1.04471e+08 -1.11698e+08
1.08296e+08 -1.08354e+08
1.12005e+08 -1.04885e+08
1.15592e+08 -1.01294e+08
1.19055e+08 -9.75853e+07
1.22389e+08 -9.37642e+07
1.25592e+08 -8.98345e+07
1.28659e+08 -8.58009e+07
1.31587e+08 -8.16679e+07
1.34373e+08 -7.74402e+07
1.37015e+08 -7.31226e+07
1.39509e+08 -6.87199e+07
1.41853e+08 -6.42373e+07
1.44044e+08 -5.96795e+07
1.4608e+08 -5.50519e+07
1.47959e+08 -5.03595e+07
1.49679e+08 -4.56075e+07
1.51238e+08 -4.08013e+07
1.52634e+08 -3.59461e+07
1.53866e+08 -3.10474e+07
1.54932e+08 -2.61106e+07
1.55832e+08 -2.11411e+07
1.56564e+08 -1.61445e+07
1.57127e+08 -1.11263e+07
1.57521e+08 -6.09197e+06
1.57746e+08 -1.04716e+06
1.57801e+08 4.00255e+06
1.57686e+08 9.05159e+06
1.574e+08 1.40943e+07
1.56945e+08 1.91252e+07
1.56321e+08 2.41385e+07
1.55528e+08 2.91288e+07
1.54566e+08 3.40904e+07
1.53438e+08 3.90178e+07
1.52143e+08 4.39055e+07
1.50684e+08 4.87479e+07
1.49062e+08 5.35396e+07
1.47277e+08 5.82751e+07
1.45333e+08 6.29491e+07
1.43231e+08 6.75562e+07
1.40973e+08 7.20912e+07
1.38562e+08 7.65487e+07
1.36e+08 8.09237e+07
1.3329e+08 8.52111e+07
1.30434e+08 8.94058e+07
1.27435e+08 9.3503e+07
1.24298e+08 9.74977e+07
1.21024e+08 1.01385e+08
1.17618e+08 1.05161e+08
1.14083e+08 1.0882e+08
1.10422e+08 1.12359e+08
1.06641e+08 1.15772e+08
1.02743e+08 1.19056e+08
9.87322e+07 1.22206e+08
9.4613e+07 1.25219e+08
9.03901e+07 1.28091e+08
8.60681e+07 1.30817e+08
8.16518e+07 1.33396e+08
7.71463e+07 1.35822e+08
7.25566e+07 1.38093e+08
6.7888e+07 1.40206e+08
6.31457e+07 1.42158e+08
5.83352e+07 1.43947e+08
5.34621e+07 1.45568e+08
4.8532e+07 1.47022e+08
4.35507e+07 1.48304e+08
3.85241e+07 1.49413e+08
3.3458e+07 1.50348e+08
2.83586e+07 1.51106e+08
2.32318e+07 1.51687e+08
1.8084e+07 1.52089e+08
1.29212e+07 1.52312e+08
7.74976e+06 1.52353e+08
2.57603e+06 1.52214e+08
-2.59364e+06 1.51893e+08
-7.75288e+06 1.51391e+08
-1.28953e+07 1.50708e+08
-1.80144e+07 1.49844e+08
-2.31038e+07 1.48799e+08
-2.81571e+07 1.47576e+08
-3.31678e+07 1.46173e+08
-3.81296e+07 1.44594e+08
-4.30361e+07 1.42839e+08
-4.78811e+07 1.40911e+08
-5.26581e+07 1.38811e+08
-5.73611e+07 1.36542e+08
-6.19838e+07 1.34106e+08
-6.65202e+07 1.31506e+08
-7.09644e+07 1.28744e+08
-7.53105e+07 1.25825e+08
-7.95527e+07 1.22751e+08
-8.36853e+07 1.19527e+08
-8.77028e+07 1.16155e+08
-9.15999e+07 1.12641e+08
-9.53713e+07 1.08988e+08
-9.90119e+07 1.052e+08
-1.02517e+08 1.01284e+08
-1.05881e+08 9.72424e+07
-1.09101e+08 9.30817e+07
-1.12171e+08 8.88068e+07
-1.15087e+08 8.44231e+07
-1.17846e+08 7.99363e+07
-1.20443e+08 7.5352e+07
-1.22876e+08 7.06762e+07
-1.2514e+08 6.59149e+07
-1.27233e+08 6.10742e+07
-1.29152e+08 5.61605e+07
-1.30894e+08 5.11802e+07
-1.32456e+08 4.61396e+07
-1.33838e+08 4.10455e+07
-1.35036e+08 3.59045e+07
-1.36049e+08 3.07233e+07
-1.36877e+08 2.55088e+07
-1.37517e+08 2.02676e+07
-1.37969e+08 1.50068e+07
-1.38232e+08 9.73328e+06
-1.38307e+08 4.45385e+06
-1.38192e+08 -824533
-1.37889e+08 -6.09496e+06
-1.37398e+08 -1.13505e+07
-1.36719e+08 -1.65844e+07
-1.35854e+08 -2.17898e+07
-1.34804e+08 -2.696e+07
-1.3357e+08 -3.20881e+07
-1.32155e+08 -3.71677e+07
-1.30559e+08 -4.21922e+07
-1.28787e+08 -4.71551e+07
-1.26839e+08 -5.20501e+07
-1.2472e+08 -5.6871e+07
-1.22431e+08 -6.16117e+07
-1.19976e+08 -6.62662e+07
-1.17359e+08 -7.08286e+07
-1.14583e+08 -7.52933e+07
-1.11652e+08 -7.96547e+07
-1.0857e+08 -8.39075e+07
-1.05341e+08 -8.80465e+07
-1.01969e+08 -9.20666e+07
-9.84601e+07 -9.5963e+07
-9.48178e+07 -9.9731e+07
-9.10473e+07 -1.03366e+08
-8.71536e+07 -1.06864e+08
-8.31418e+07 -1.10221e+08
-7.90173e+07 -1.13433e+08
-7.47855e+07 -1.16496e+08
-7.04518e+07 -1.19407e+08
-6.60219e+07 -1.22163e+08
-6.15016e+07 -1.2476e+08
-5.68966e+07 -1.27196e+08
-5.22128e+07 -1.29468e+08
-4.74562e+07 -1.31574e+08
-4.26327e+07 -1.33511e+08
-3.77484e+07 -1.35278e+08
-3.28094e+07 -1.36874e+08
-2.78218e+07 -1.38296e+08
-2.27917e+07 -1.39543e+08
-1.77255e+07 -1.40615e+08
-1.26291e+07 -1.4151e+08
-7.5088e+06 -1.42228e+08
-2.37077e+06 -1.42769e+08
2.77883e+06 -1.43132e+08
7.93388e+06 -1.43317e+08
1.30883e+07 -1.43325e+08
1.82359e+07 -1.43156e+08
2.33708e+07 -1.42811e+08
2.84869e+07 -1.4229e+08
3.35784e+07 -1.41595e+08
3.86393e+07 -1.40727e+08
4.36638e+07 -1.39687e+08
4.86462e+07 -1.38478e+08
5.35809e+07 -1.371e+08
5.84623e+07 -1.35555e+08
6.32849e+07 -1.33847e+08
6.80432e+07 -1.31977e+08
7.27321e+07 -1.29948e+08
7.73462e+07 -1.27762e+08
8.18806e+07 -1.25423e+08
8.63302e+07 -1.22933e+08
9.06902e+07 -1.20295e+08
9.49557e+07 -1.17513e+08
9.91223e+07 -1.1459e+08
1.03185e+08 -1.11529e+08
1.0714e+08 -1.08335e+08
1.10983e+08 -1.05012e+08
1.1471e+08 -1.01562e+08
1.18316e+08 -9.79903e+07
1.21799e+08 -9.43011e+07
1.25153e+08 -9.04985e+07
1.28377e+08 -8.65869e+07
1.31465e+08 -8.25708e+07
1.34416e+08 -7.84548e+07
1.37225e+08 -7.42436e+07
1.3989e+08 -6.99419e+07
1.42409e+08 -6.55546e+07
1.44778e+08 -6.10867e+07
1.46995e+08 -5.6543e+07
1.49057e+08 -5.19288e+07
1.50963e+08 -4.72492e+07
1.52711e+08 -4.25092e+07
1.54298e+08 -3.77143e+07
1.55723e+08 -3.28696e+07
1.56985e+08 -2.79807e+07
1.58082e+08 -2.30527e+07
1.59013e+08 -1.80912e+07
1.59777e+08 -1.31017e+07
1.60373e+08 -8.0896e+06
1.608e+08 -3.06046e+06
1.61058e+08 1.9802e+06
1.61147e+08 7.02683e+06
1.61067e+08 1.20738e+07
1.60817e+08 1.71157e+07
1.60398e+08 2.21468e+07
1.59809e+08 2.71616e+07
1.59053e+08 3.21546e+07
1.58128e+08 3.71202e+07
1.57037e+08 4.20528e+07
1.5578e+08 4.6947e+07
1.54359e+08 5.17974e+07
1.52775e+08 5.65984e+07
1.51029e+08 6.13446e+07
1.49123e+08 6.60308e+07
1.4706e+08 7.06515e+07
1.4484e+08 7.52016e+07
1.42468e+08 7.96758e+07
1.39944e+08 8.4069e+07
1.37272e+08 8.83761e+07
1.34454e+08 9.25921e+07
1.31493e+08 9.67122e+07
1.28393e+08 1.00731e+08
1.25156e+08 1.04645e+08
1.21786e+08 1.08448e+08
1.18287e+08 1.12137e+08
1.14662e+08 1.15706e+08
1.10916e+08 1.19152e+08
1.07052e+08 1.2247e+08
1.03074e+08 1.25656e+08
9.89868e+07 1.28706e+08
9.47951e+07 1.31616e+08
9.05032e+07 1.34383e+08
8.61159e+07 1.37003e+08
8.16382e+07 1.39472e+08
7.70751e+07 1.41788e+08
7.24316e+07 1.43947e+08
6.77131e+07 1.45946e+08
6.29249e+07 1.47783e+08
5.80725e+07 1.49455e+08
5.31615e+07 1.50959e+08
4.81977e+07 1.52293e+08
4.31867e+07 1.53456e+08
3.81345e+07 1.54444e+08
3.30471e+07 1.55258e+08
2.79305e+07 1.55895e+08
2.27908e+07 1.56353e+08
1.76341e+07 1.56633e+08
1.24668e+07 1.56733e+08
7.29502e+06 1.56652e+08
2.12518e+06 1.5639e+08
-3.03639e+06 1.55948e+08
-8.18331e+06 1.55324e+08
-1.33092e+07 1.54519e+08
-1.84076e+07 1.53535e+08
-2.34721e+07 1.52371e+08
-2.84964e+07 1.51028e+08
-3.3474e+07 1.49508e+08
-3.83986e+07 1.47813e+08
-4.32638e+07 1.45943e+08
-4.80635e+07 1.43901e+08
-5.27913e+07 1.41689e+08
-5.74411e+07 1.3931e+08
-6.20068e+07 1.36765e+08
-6.64824e+07 1.34059e+08
-7.0862e+07 1.31193e+08
-7.51398e+07 1.28172e+08
-7.93101e+07 1.24999e+08
-8.33673e+07 1.21678e+08
-8.73059e+07 1.18212e+08
-9.11208e+07 1.14606e+08
-9.48066e+07 1.10864e+08
-9.83585e+07 1.06991e+08
-1.01772e+08 1.02992e+08
-1.05041e+08 9.88715e+07
-1.08163e+08 9.46349e+07
-1.11132e+08 9.02876e+07
-1.13945e+08 8.5835e+07
-1.16598e+08 8.12829e+07
-1.19088e+08 7.66371e+07
-1.2141e+08 7.19036e+07
-1.23561e+08 6.70885e+07
-1.2554e+08 6.21981e+07
-1.27342e+08 5.72387e+07
-1.28965e+08 5.22168e+07
-1.30408e+08 4.7139e+07
-1.31668e+08 4.20119e+07
-1.32743e+08 3.68423e+07
-1.33633e+08 3.16369e+07
-1.34335e+08 2.64025e+07
-1.34849e+08 2.11462e+07
-1.35175e+08 1.58746e+07
-1.35311e+08 1.05949e+07
-1.35258e+08 5.31394e+06
-1.35016e+08 38628.3
-1.34585e+08 -5.2241e+06
-1.33966e+08 -1.04674e+07
-1.3316e+08 -1.56843e+07
-1.32168e+08 -2.08681e+07
-1.30992e+08 -2.6012e+07
-1.29633e+08 -3.11093e+07
-1.28093e+08 -3.61535e+07
-1.26375e+08 -4.11381e+07
-1.2448e+08 -4.60566e+07
-1.22412e+08 -5.09027e+07
-1.20174e+08 -5.56704e+07
-1.17768e+08 -6.03534e+07
-1.15199e+08 -6.4946e+07
-1.12469e+08 -6.94423e+07
-1.09582e+08 -7.38368e+07
-1.06543e+08 -7.8124e+07
-1.03355e+08 -8.22986e+07
-1.00023e+08 -8.63555e+07
-9.6552e+07 -9.02897e+07
-9.29459e+07 -9.40967e+07
-8.92098e+07 -9.77717e+07
-8.53487e+07 -1.0131e+08
-8.13679e+07 -1.04709e+08
-7.72725e+07 -1.07963e+08
-7.3068e+07 -1.11069e+08
-6.87599e+07 -1.14023e+08
-6.43538e+07 -1.16822e+08
-5.98554e+07 -1.19464e+08
-5.52706e+07 -1.21944e+08
-5.06052e+07 -1.24261e+08
-4.58653e+07 -1.26412e+08
-4.10567e+07 -1.28395e+08
-3.61856e+07 -1.30207e+08
-3.12582e+07 -1.31848e+08
-2.62804e+07 -1.33315e+08
-2.12586e+07 -1.34608e+08
-1.61989e+07 -1.35724e+08
-1.11075e+07 -1.36664e+08
-5.99058e+06 -1.37427e+08
-854412 -1.38011e+08
4.29485e+06 -1.38418e+08
9.45104e+06 -1.38647e+08
1.4608e+07 -1.38698e+08
1.97597e+07 -1.38571e+08
2.48999e+07 -1.38268e+08
3.00228e+07 -1.37788e+08
3.51223e+07 -1.37134e+08
4.01925e+07 -1.36306e+08
4.52276e+07 -1.35306e+08
5.02218e+07 -1.34135e+08
5.51694e+07 -1.32795e+08
6.00649e+07 -1.31288e+08
6.49027e+07 -1.29616e+08
6.96773e+07 -1.27782e+08
7.43835e+07 -1.25788e+08
7.90159e+07 -1.23636e+08
8.35696e+07 -1.2133e+08
8.80394e+07 -1.18873e+08
9.24205e+07 -1.16267e+08
9.67081e+07 -1.13515e+08
1.00898e+08 -1.10622e+08
1.04984e+08 -1.07591e+08
1.08964e+08 -1.04425e+08
1.12832e+08 -1.01128e+08
1.16585e+08 -9.77048e+07
1.20218e+08 -9.41585e+07
1.23728e+08 -9.04935e+07
1.2711e+08 -8.67143e+07
1.30362e+08 -8.28251e+07
1.3348e+08 -7.88304e+07
1.3646e+08 -7.47348e+07
1.393e+08 -7.0543e+07
1.41996e+08 -6.62598e+07
1.44546e+08 -6.18899e+07
1.46947e+08 -5.74384e+07
1.49197e+08 -5.29101e+07
1.51292e+08 -4.83103e+07
1.53231e+08 -4.36439e+07
1.55013e+08 -3.89162e+07
1.56634e+08 -3.41324e+07
1.58094e+08 -2.92979e+07
1.5939e+08 -2.44179e+07
1.60522e+08 -1.94979e+07
1.61488e+08 -1.45433e+07
1.62287e+08 -9.5595e+06
1.62919e+08 -4.55203e+06
1.63383e+08 473596
1.63677e+08 5.51187e+06
1.63802e+08 1.05572e+07
1.63758e+08 1.56042e+07
1.63545e+08 2.06471e+07
1.63162e+08 2.56804e+07
1.62611e+08 3.06986e+07
1.61891e+08 3.56961e+07
1.61003e+08 4.06675e+07
1.59949e+08 4.56071e+07
1.58728e+08 5.05094e+07
1.57343e+08 5.53691e+07
1.55795e+08 6.01807e+07
1.54086e+08 6.49388e+07
1.52216e+08 6.9638e+07
1.50188e+08 7.4273e+07
1.48004e+08 7.88386e+07
1.45667e+08 8.33296e+07
1.43178e+08 8.77407e+07
1.4054e+08 9.20671e+07
1.37756e+08 9.63036e+07
1.34829e+08 1.00445e+08
1.31761e+08 1.04487e+08
1.28557e+08 1.08425e+08
1.25219e+08 1.12254e+08
1.21751e+08 1.15969e+08
1.18157e+08 1.19566e+08
1.1444e+08 1.23041e+08
1.10605e+08 1.26389e+08
1.06655e+08 1.29607e+08
1.02595e+08 1.32689e+08
9.84297e+07 1.35633e+08
9.41632e+07 1.38435e+08
8.98003e+07 1.41091e+08
8.53459e+07 1.43598e+08
8.08049e+07 1.45951e+08
7.61824e+07 1.4815e+08
7.14837e+07 1.50189e+08
6.67141e+07 1.52067e+08
6.18789e+07 1.5378e+08
5.69839e+07 1.55327e+08
5.20346e+07 1.56706e+08
4.70367e+07 1.57913e+08
4.19962e+07 1.58947e+08
3.69189e+07 1.59806e+08
3.18108e+07 1.6049e+08
2.6678e+07 1.60996e+08
2.15267e+07 1.61323e+08
1.6363e+07 1.61471e+08
1.11932e+07 1.61439e+08
6.02363e+06 1.61227e+08
860537 1.60834e+08
-4.28969e+06 1.6026e+08
-9.42067e+06 1.59505e+08
-1.4526e+07 1.5857e+08
-1.95994e+07 1.57456e+08
-2.46343e+07 1.56164e+08
-2.96244e+07 1.54694e+08
-3.45634e+07 1.53048e+08
-3.94449e+07 1.51228e+08
-4.42627e+07 1.49235e+08
-4.90106e+07 1.47072e+08
-5.36823e+07 1.44741e+08
-5.82718e+07 1.42244e+08
-6.27731e+07 1.39584e+08
-6.71802e+07 1.36765e+08
-7.14872e+07 1.33789e+08
-7.56886e+07 1.30661e+08
-7.97787e+07 1.27383e+08
-8.37519e+07 1.23959e+08
-8.7603e+07 1.20394e+08
-9.13268e+07 1.16693e+08
-9.49182e+07 1.12859e+08
-9.83723e+07 1.08897e+08
-1.01684e+08 1.04813e+08
-1.0485e+08 1.0061e+08
-1.07865e+08 9.6296e+07
-1.10725e+08 9.18748e+07
-1.13426e+08 8.73523e+07
-1.15964e+08 8.27344e+07
-1.18337e+08 7.8027e+07
-1.2054e+08 7.32362e+07
-1.2257e+08 6.83681e+07
-1.24425e+08 6.34291e+07
-1.26103e+08 5.84257e+07
-1.276e+08 5.33643e+07
-1.28916e+08 4.82516e+07
-1.30047e+08 4.30943e+07
-1.30993e+08 3.78991e+07
-1.31752e+08 3.26729e+07
-1.32323e+08 2.74225e+07
-1.32705e+08 2.21548e+07
-1.32899e+08 1.68768e+07
-1.32903e+08 1.15954e+07
-1.32718e+08 6.31757e+06
-1.32344e+08 1.05017e+06
-1.31782e+08 -4.19988e+06
-1.31032e+08 -9.42569e+06
-1.30096e+08 -1.46204e+07
-1.28975e+08 -1.97774e+07
-1.27671e+08 -2.48898e+07
-1.26185e+08 -2.9951e+07
-1.2452e+08 -3.49545e+07
-1.22678e+08 -3.98939e+07
-1.20661e+08 -4.47628e+07
-1.18473e+08 -4.95549e+07
-1.16117e+08 -5.42643e+07
-1.13595e+08 -5.88849e+07
-1.10912e+08 -6.3411e+07
-1.08071e+08 -6.78367e+07
-1.05076e+08 -7.21567e+07
-1.01931e+08 -7.63657e+07
-9.86409e+07 -8.04583e+07
-9.52096e+07 -8.44296e+07
-9.16419e+07 -8.82749e+07
-8.79427e+07 -9.19895e+07
-8.41169e+07 -9.55689e+07
-8.01696e+07 -9.9009e+07
-7.61061e+07 -1.02306e+08
-7.19318e+07 -1.05455e+08
-6.76522e+07 -1.08454e+08
-6.32728e+07 -1.11299e+08
-5.87994e+07 -1.13986e+08
-5.42378e+07 -1.16513e+08
-4.95939e+07 -1.18877e+08
-4.48735e+07 -1.21076e+08
-4.00828e+07 -1.23106e+08
-3.52277e+07 -1.24967e+08
-3.03144e+07 -1.26657e+08
-2.53491e+07 -1.28173e+08
-2.03379e+07 -1.29514e+08
-1.5287e+07 -1.3068e+08
-1.02027e+07 -1.31669e+08
-5.09115e+06 -1.3248e+08
41408.5 -1.33114e+08
5.18877e+06 -1.33569e+08
1.03448e+07 -1.33846e+08
1.55032e+07 -1.33945e+08
2.06579e+07 -1.33867e+08
2.58029e+07 -1.33611e+08
3.09321e+07 -1.33178e+08
3.60394e+07 -1.3257e+08
4.1119e+07 -1.31788e+08
4.6165e+07 -1.30833e+08
5.11715e+07 -1.29707e+08
5.6133e+07 -1.28411e+08
6.10436e+07 -1.26947e+08
6.58979e+07 -1.25318e+08
7.06903e+07 -1.23525e+08
7.54156e+07 -1.21572e+08
8.00685e+07 -1.1946e+08
8.46437e+07 -1.17193e+08
8.91363e+07 -1.14774e+08
9.35412e+07 -1.12205e+08
9.78538e+07 -1.09489e+08
1.02069e+08 -1.06631e+08
1.06183e+08 -1.03634e+08
1.10191e+08 -1.00501e+08
1.14088e+08 -9.72362e+07
1.1787e+08 -9.38434e+07
1.21534e+08 -9.03268e+07
1.25075e+08 -8.66903e+07
1.2849e+08 -8.29384e+07
1.31775e+08 -7.90754e+07
1.34927e+08 -7.51056e+07
1.37942e+08 -7.10338e+07
1.40816e+08 -6.68646e+07
1.43548e+08 -6.26027e+07
1.46134e+08 -5.82529e+07
1.48572e+08 -5.38202e+07
1.50858e+08 -4.93096e+07
1.52991e+08 -4.4726e+07
1.54969e+08 -4.00747e+07
1.56788e+08 -3.53609e+07
1.58448e+08 -3.05897e+07
1.59947e+08 -2.57664e+07
1.61283e+08 -2.08964e+07
1.62454e+08 -1.59851e+07
1.6346e+08 -1.10379e+07
1.64299e+08 -6.06028e+06
1.64971e+08 -1.05766e+06
1.65474e+08 3.96441e+06
1.65809e+08 9.00041e+06
1.65974e+08 1.40448e+07
1.6597e+08 1.9092e+07
1.65797e+08 2.41365e+07
1.65454e+08 2.91727e+07
1.64942e+08 3.41951e+07
1.64262e+08 3.9198e+07
1.63414e+08 4.41761e+07
1.62399e+08 4.91236e+07
