8.16354e+08 3.76184e+06
8.16327e+08 7.5236e+06
8.16281e+08 1.12852e+07
8.16217e+08 1.50465e+07
8.16135e+08 1.88075e+07
8.16035e+08 2.25681e+07
8.15917e+08 2.63282e+07
8.15781e+08 3.00877e+07
8.15626e+08 3.38465e+07
8.15453e+08 3.76046e+07
8.15262e+08 4.13618e+07
8.15053e+08 4.51181e+07
8.14825e+08 4.88734e+07
8.1458e+08 5.26276e+07
8.14316e+08 5.63807e+07
8.14034e+08 6.01325e+07
8.13734e+08 6.38829e+07
8.13416e+08 6.76319e+07
8.1308e+08 7.13794e+07
8.12725e+08 7.51254e+07
8.12352e+08 7.88696e+07
8.11962e+08 8.26121e+07
8.11553e+08 8.63527e+07
8.11126e+08 9.00914e+07
8.10681e+08 9.38281e+07
8.10217e+08 9.75627e+07
8.09736e+08 1.01295e+08
8.09237e+08 1.05025e+08
8.08719e+08 1.08753e+08
8.08184e+08 1.12479e+08
8.0763e+08 1.16201e+08
8.07059e+08 1.19922e+08
8.06469e+08 1.23639e+08
8.05861e+08 1.27354e+08
8.05236e+08 1.31066e+08
8.04592e+08 1.34775e+08
8.03931e+08 1.38481e+08
8.03251e+08 1.42184e+08
8.02553e+08 1.45884e+08
8.01838e+08 1.49581e+08
8.01104e+08 1.53274e+08
8.00353e+08 1.56964e+08
7.99584e+08 1.6065e+08
7.98797e+08 1.64332e+08
7.97991e+08 1.68011e+08
7.97169e+08 1.71687e+08
7.96328e+08 1.75358e+08
7.95469e+08 1.79025e+08
7.94593e+08 1.82689e+08
7.93699e+08 1.86348e+08
7.92787e+08 1.90003e+08
7.91857e+08 1.93654e+08
7.90909e+08 1.97301e+08
7.89944e+08 2.00943e+08
7.88961e+08 2.04581e+08
7.8796e+08 2.08214e+08
7.86942e+08 2.11842e+08
7.85906e+08 2.15466e+08
7.84852e+08 2.19085e+08
7.83781e+08 2.22698e+08
7.82692e+08 2.26307e+08
7.81586e+08 2.29911e+08
7.80462e+08 2.3351e+08
7.7932e+08 2.37103e+08
7.78161e+08 2.40691e+08
7.76985e+08 2.44274e+08
7.75791e+08 2.47851e+08
7.74579e+08 2.51423e+08
7.7335e+08 2.54988e+08
7.72104e+08 2.58549e+08
7.7084e+08 2.62103e+08
7.69559e+08 2.65651e+08
7.68261e+08 2.69194e+08
7.66945e+08 2.7273e+08
7.65612e+08 2.76261e+08
7.64262e+08 2.79785e+08
7.62894e+08 2.83302e+08
7.61509e+08 2.86814e+08
7.60107e+08 2.90318e+08
7.58688e+08 2.93817e+08
7.57252e+08 2.97308e+08
7.55799e+08 3.00793e+08
7.54328e+08 3.04271e+08
7.52841e+08 3.07743e+08
7.51337e+08 3.11207e+08
7.49815e+08 3.14664e+08
7.48277e+08 3.18114e+08
7.46721e+08 3.21557e+08
7.45149e+08 3.24993e+08
7.4356e+08 3.28421e+08
7.41954e+08 3.31842e+08
7.40331e+08 3.35255e+08
7.38692e+08 3.38661e+08
7.37035e+08 3.42059e+08
7.35362e+08 3.45449e+08
7.33672e+08 3.48832e+08
7.31966e+08 3.52206e+08
7.30243e+08 3.55573e+08
7.28503e+08 3.58931e+08
7.26747e+08 3.62282e+08
7.24974e+08 3.65624e+08
7.23185e+08 3.68957e+08
7.21379e+08 3.72283e+08
7.19557e+08 3.75599e+08
7.17719e+08 3.78908e+08
7.15864e+08 3.82207e+08
7.13993e+08 3.85498e+08
7.12105e+08 3.8878e+08
7.10202e+08 3.92053e+08
7.08282e+08 3.95318e+08
7.06346e+08 3.98573e+08
7.04394e+08 4.01819e+08
7.02425e+08 4.05056e+08
7.00441e+08 4.08284e+08
6.98441e+08 4.11502e+08
6.96424e+08 4.14711e+08
6.94392e+08 4.1791e+08
6.92344e+08 4.211e+08
6.9028e+08 4.2428e+08
6.882e+08 4.27451e+08
6.86104e+08 4.30611e+08
6.83993e+08 4.33762e+08
6.81865e+08 4.36903e+08
6.79723e+08 4.40034e+08
6.77564e+08 4.43154e+08
6.7539e+08 4.46265e+08
6.73201e+08 4.49365e+08
6.70996e+08 4.52455e+08
6.68775e+08 4.55534e+08
6.6654e+08 4.58603e+08
6.64288e+08 4.61661e+08
6.62022e+08 4.64709e+08
6.5974e+08 4.67746e+08
6.57443e+08 4.70772e+08
6.55131e+08 4.73787e+08
6.52804e+08 4.76791e+08
6.50461e+08 4.79784e+08
6.48104e+08 4.82766e+08
6.45731e+08 4.85737e+08
6.43344e+08 4.88697e+08
6.40942e+08 4.91645e+08
6.38525e+08 4.94582e+08
6.36093e+08 4.97508e+08
6.33646e+08 5.00422e+08
6.31185e+08 5.03324e+08
6.28709e+08 5.06214e+08
6.26218e+08 5.09093e+08
6.23713e+08 5.1196e+08
6.21193e+08 5.14815e+08
6.18659e+08 5.17658e+08
6.1611e+08 5.20489e+08
6.13547e+08 5.23308e+08
6.1097e+08 5.26114e+08
6.08379e+08 5.28908e+08
6.05773e+08 5.3169e+08
6.03153e+08 5.3446e+08
6.0052e+08 5.37217e+08
5.97872e+08 5.39961e+08
5.9521e+08 5.42693e+08
5.92534e+08 5.45412e+08
5.89844e+08 5.48118e+08
5.87141e+08 5.50811e+08
5.84424e+08 5.53492e+08
5.81693e+08 5.56159e+08
5.78948e+08 5.58813e+08
5.7619e+08 5.61454e+08
5.73418e+08 5.64082e+08
5.70633e+08 5.66697e+08
5.67834e+08 5.69298e+08
5.65022e+08 5.71886e+08
5.62197e+08 5.7446e+08
5.59358e+08 5.77021e+08
5.56507e+08 5.79568e+08
5.53642e+08 5.82101e+08
5.50764e+08 5.84621e+08
5.47873e+08 5.87127e+08
5.44969e+08 5.89618e+08
5.42052e+08 5.92096e+08
5.39123e+08 5.9456e+08
5.3618e+08 5.9701e+08
5.33225e+08 5.99445e+08
5.30258e+08 6.01866e+08
5.27277e+08 6.04273e+08
5.24285e+08 6.06666e+08
5.21279e+08 6.09044e+08
5.18262e+08 6.11407e+08
5.15232e+08 6.13756e+08
5.1219e+08 6.1609e+08
5.09135e+08 6.1841e+08
5.06069e+08 6.20714e+08
5.0299e+08 6.23004e+08
4.999e+08 6.25279e+08
4.96797e+08 6.27539e+08
4.93683e+08 6.29784e+08
4.90557e+08 6.32014e+08
4.87419e+08 6.34228e+08
4.84269e+08 6.36428e+08
4.81108e+08 6.38612e+08
4.77936e+08 6.4078e+08
4.74752e+08 6.42933e+08
4.71556e+08 6.45071e+08
4.68349e+08 6.47193e+08
4.65131e+08 6.493e+08
4.61902e+08 6.51391e+08
4.58662e+08 6.53466e+08
4.5541e+08 6.55525e+08
4.52148e+08 6.57568e+08
4.48875e+08 6.59596e+08
4.45591e+08 6.61607e+08
4.42296e+08 6.63603e+08
4.3899e+08 6.65582e+08
4.35674e+08 6.67545e+08
4.32348e+08 6.69492e+08
4.29011e+08 6.71422e+08
4.25663e+08 6.73337e+08
4.22305e+08 6.75234e+08
4.18937e+08 6.77116e+08
4.15559e+08 6.7898e+08
4.12171e+08 6.80828e+08
4.08773e+08 6.8266e+08
4.05365e+08 6.84475e+08
4.01947e+08 6.86273e+08
3.98519e+08 6.88054e+08
3.95081e+08 6.89818e+08
3.91634e+08 6.91566e+08
3.88178e+08 6.93296e+08
3.84711e+08 6.95009e+08
3.81236e+08 6.96705e+08
3.77751e+08 6.98384e+08
3.74257e+08 7.00046e+08
3.70754e+08 7.01691e+08
3.67242e+08 7.03318e+08
3.6372e+08 7.04928e+08
3.6019e+08 7.0652e+08
3.56651e+08 7.08095e+08
3.53104e+08 7.09652e+08
3.49547e+08 7.11192e+08
3.45982e+08 7.12714e+08
3.42409e+08 7.14218e+08
3.38827e+08 7.15705e+08
3.35237e+08 7.17174e+08
3.31638e+08 7.18625e+08
3.28031e+08 7.20058e+08
3.24417e+08 7.21473e+08
3.20794e+08 7.2287e+08
3.17163e+08 7.24249e+08
3.13525e+08 7.2561e+08
3.09879e+08 7.26953e+08
3.06225e+08 7.28277e+08
3.02563e+08 7.29583e+08
2.98895e+08 7.30871e+08
2.95218e+08 7.32141e+08
2.91535e+08 7.33392e+08
2.87844e+08 7.34625e+08
2.84146e+08 7.35839e+08
2.80441e+08 7.37035e+08
2.76729e+08 7.38212e+08
2.7301e+08 7.3937e+08
2.69284e+08 7.4051e+08
2.65552e+08 7.41631e+08
2.61813e+08 7.42733e+08
2.58068e+08 7.43817e+08
2.54316e+08 7.44881e+08
2.50558e+08 7.45927e+08
2.46793e+08 7.46954e+08
2.43023e+08 7.47962e+08
2.39246e+08 7.4895e+08
2.35464e+08 7.4992e+08
2.31675e+08 7.50871e+08
2.27881e+08 7.51802e+08
2.24081e+08 7.52714e+08
2.20276e+08 7.53607e+08
2.16465e+08 7.54481e+08
2.12648e+08 7.55335e+08
2.08827e+08 7.5617e+08
2.05e+08 7.56986e+08
2.01168e+08 7.57782e+08
1.97331e+08 7.58559e+08
1.93489e+08 7.59316e+08
1.89642e+08 7.60054e+08
1.85791e+08 7.60772e+08
1.81934e+08 7.6147e+08
1.78074e+08 7.62149e+08
1.74209e+08 7.62808e+08
1.70339e+08 7.63448e+08
1.66465e+08 7.64067e+08
1.62587e+08 7.64667e+08
1.58705e+08 7.65247e+08
1.54819e+08 7.65808e+08
1.5093e+08 7.66348e+08
1.47036e+08 7.66868e+08
1.43139e+08 7.67369e+08
1.39238e+08 7.67849e+08
1.35334e+08 7.6831e+08
1.31426e+08 7.6875e+08
1.27516e+08 7.6917e+08
1.23602e+08 7.6957e+08
1.19685e+08 7.69951e+08
1.15765e+08 7.7031e+08
1.11842e+08 7.7065e+08
1.07916e+08 7.7097e+08
1.03988e+08 7.71269e+08
1.00057e+08 7.71548e+08
9.61237e+07 7.71807e+08
9.21881e+07 7.72045e+08
8.82502e+07 7.72263e+08
8.43103e+07 7.72461e+08
8.03682e+07 7.72638e+08
7.64243e+07 7.72795e+08
7.24785e+07 7.72931e+08
6.85311e+07 7.73047e+08
6.4582e+07 7.73143e+08
6.06313e+07 7.73218e+08
5.66793e+07 7.73272e+08
5.2726e+07 7.73306e+08
4.87715e+07 7.73319e+08
4.48159e+07 7.73312e+08
4.08593e+07 7.73284e+08
3.69019e+07 7.73236e+08
3.29437e+07 7.73166e+08
2.89848e+07 7.73077e+08
2.50253e+07 7.72966e+08
2.10654e+07 7.72835e+08
1.71052e+07 7.72683e+08
1.31447e+07 7.72511e+08
9.18415e+06 7.72317e+08
5.22355e+06 7.72103e+08
1.26304e+06 7.71868e+08
-2.69728e+06 7.71613e+08
-6.65728e+06 7.71336e+08
-1.06169e+07 7.71039e+08
-1.45759e+07 7.70721e+08
-1.85343e+07 7.70382e+08
-2.2492e+07 7.70022e+08
-2.64488e+07 7.69642e+08
-3.04047e+07 7.6924e+08
-3.43595e+07 7.68818e+08
-3.83131e+07 7.68375e+08
-4.22654e+07 7.67911e+08
-4.62162e+07 7.67426e+08
-5.01656e+07 7.6692e+08
-5.41134e+07 7.66394e+08
-5.80594e+07 7.65846e+08
-6.20035e+07 7.65278e+08
-6.59457e+07 7.64688e+08
-6.98858e+07 7.64078e+08
-7.38237e+07 7.63447e+08
-7.77593e+07 7.62795e+08
-8.16925e+07 7.62122e+08
-8.56232e+07 7.61428e+08
-8.95513e+07 7.60713e+08
-9.34766e+07 7.59977e+08
-9.7399e+07 7.59221e+08
-1.01318e+08 7.58443e+08
-1.05235e+08 7.57645e+08
-1.09148e+08 7.56825e+08
-1.13058e+08 7.55985e+08
-1.16964e+08 7.55124e+08
-1.20867e+08 7.54242e+08
-1.24766e+08 7.53339e+08
-1.28662e+08 7.52415e+08
-1.32554e+08 7.5147e+08
-1.36441e+08 7.50505e+08
-1.40325e+08 7.49518e+08
-1.44204e+08 7.48511e+08
-1.48079e+08 7.47483e+08
-1.51949e+08 7.46434e+08
-1.55815e+08 7.45364e+08
-1.59676e+08 7.44274e+08
-1.63533e+08 7.43162e+08
-1.67384e+08 7.4203e+08
-1.71231e+08 7.40877e+08
-1.75072e+08 7.39704e+08
-1.78908e+08 7.38509e+08
-1.82739e+08 7.37294e+08
-1.86564e+08 7.36058e+08
-1.90384e+08 7.34802e+08
-1.94198e+08 7.33524e+08
-1.98006e+08 7.32226e+08
-2.01808e+08 7.30908e+08
-2.05604e+08 7.29569e+08
-2.09394e+08 7.28209e+08
-2.13178e+08 7.26829e+08
-2.16955e+08 7.25428e+08
-2.20726e+08 7.24006e+08
-2.2449e+08 7.22564e+08
-2.28247e+08 7.21102e+08
-2.31997e+08 7.19619e+08
-2.35741e+08 7.18116e+08
-2.39477e+08 7.16592e+08
-2.43206e+08 7.15048e+08
-2.46928e+08 7.13483e+08
-2.50643e+08 7.11898e+08
-2.54349e+08 7.10293e+08
-2.58048e+08 7.08668e+08
-2.6174e+08 7.07022e+08
-2.65423e+08 7.05356e+08
-2.69099e+08 7.0367e+08
-2.72766e+08 7.01964e+08
-2.76425e+08 7.00237e+08
-2.80076e+08 6.98491e+08
-2.83718e+08 6.96724e+08
-2.87351e+08 6.94938e+08
-2.90976e+08 6.93131e+08
-2.94592e+08 6.91305e+08
-2.98199e+08 6.89458e+08
-3.01797e+08 6.87592e+08
-3.05386e+08 6.85706e+08
-3.08966e+08 6.838e+08
-3.12536e+08 6.81874e+08
-3.16097e+08 6.79929e+08
-3.19648e+08 6.77964e+08
-3.23189e+08 6.75979e+08
-3.26721e+08 6.73975e+08
-3.30242e+08 6.71951e+08
-3.33754e+08 6.69907e+08
-3.37255e+08 6.67844e+08
-3.40746e+08 6.65762e+08
-3.44226e+08 6.6366e+08
-3.47696e+08 6.61539e+08
-3.51155e+08 6.59399e+08
-3.54604e+08 6.57239e+08
-3.58041e+08 6.55061e+08
-3.61468e+08 6.52863e+08
-3.64884e+08 6.50646e+08
-3.68288e+08 6.4841e+08
-3.71681e+08 6.46155e+08
-3.75063e+08 6.43881e+08
-3.78433e+08 6.41588e+08
-3.81791e+08 6.39276e+08
-3.85138e+08 6.36946e+08
-3.88472e+08 6.34597e+08
-3.91795e+08 6.32229e+08
-3.95106e+08 6.29843e+08
-3.98404e+08 6.27438e+08
-4.0169e+08 6.25014e+08
-4.04964e+08 6.22572e+08
-4.08225e+08 6.20112e+08
-4.11473e+08 6.17634e+08
-4.14709e+08 6.15137e+08
-4.17932e+08 6.12622e+08
-4.21142e+08 6.10089e+08
-4.24338e+08 6.07538e+08
-4.27522e+08 6.04968e+08
-4.30692e+08 6.02381e+08
-4.33849e+08 5.99776e+08
-4.36992e+08 5.97153e+08
-4.40122e+08 5.94513e+08
-4.43238e+08 5.91855e+08
-4.4634e+08 5.89179e+08
-4.49428e+08 5.86486e+08
-4.52502e+08 5.83775e+08
-4.55562e+08 5.81047e+08
-4.58608e+08 5.78301e+08
-4.61639e+08 5.75538e+08
-4.64656e+08 5.72758e+08
-4.67658e+08 5.69961e+08
-4.70646e+08 5.67147e+08
-4.73619e+08 5.64316e+08
-4.76577e+08 5.61468e+08
-4.79519e+08 5.58604e+08
-4.82447e+08 5.55722e+08
-4.8536e+08 5.52824e+08
-4.88257e+08 5.49909e+08
-4.91139e+08 5.46978e+08
-4.94005e+08 5.44031e+08
-4.96856e+08 5.41067e+08
-4.99691e+08 5.38086e+08
-5.02511e+08 5.3509e+08
-5.05314e+08 5.32078e+08
-5.08101e+08 5.29049e+08
-5.10873e+08 5.26005e+08
-5.13628e+08 5.22945e+08
-5.16367e+08 5.19869e+08
-5.19089e+08 5.16777e+08
-5.21795e+08 5.1367e+08
-5.24484e+08 5.10547e+08
-5.27157e+08 5.07409e+08
-5.29813e+08 5.04255e+08
-5.32452e+08 5.01087e+08
-5.35074e+08 4.97903e+08
-5.37679e+08 4.94704e+08
-5.40267e+08 4.9149e+08
-5.42837e+08 4.88261e+08
-5.45391e+08 4.85018e+08
-5.47927e+08 4.81759e+08
-5.50445e+08 4.78487e+08
-5.52946e+08 4.75199e+08
-5.55429e+08 4.71898e+08
-5.57894e+08 4.68582e+08
-5.60341e+08 4.65252e+08
-5.6277e+08 4.61907e+08
-5.65182e+08 4.58549e+08
-5.67575e+08 4.55177e+08
-5.6995e+08 4.5179e+08
-5.72306e+08 4.48391e+08
-5.74644e+08 4.44977e+08
-5.76964e+08 4.4155e+08
-5.79265e+08 4.3811e+08
-5.81548e+08 4.34656e+08
-5.83811e+08 4.31189e+08
-5.86056e+08 4.27709e+08
-5.88282e+08 4.24216e+08
-5.90489e+08 4.2071e+08
-5.92677e+08 4.17192e+08
-5.94846e+08 4.1366e+08
-5.96995e+08 4.10116e+08
-5.99125e+08 4.0656e+08
-6.01236e+08 4.02991e+08
-6.03327e+08 3.9941e+08
-6.05399e+08 3.95817e+08
-6.07451e+08 3.92211e+08
-6.09484e+08 3.88594e+08
-6.11496e+08 3.84965e+08
-6.13489e+08 3.81324e+08
-6.15462e+08 3.77672e+08
-6.17415e+08 3.74008e+08
-6.19347e+08 3.70332e+08
-6.2126e+08 3.66646e+08
-6.23152e+08 3.62948e+08
-6.25025e+08 3.59239e+08
-6.26876e+08 3.5552e+08
-6.28708e+08 3.51789e+08
-6.30518e+08 3.48048e+08
-6.32308e+08 3.44296e+08
-6.34078e+08 3.40534e+08
-6.35827e+08 3.36761e+08
-6.37555e+08 3.32978e+08
-6.39262e+08 3.29185e+08
-6.40949e+08 3.25382e+08
-6.42614e+08 3.21569e+08
-6.44258e+08 3.17747e+08
-6.45882e+08 3.13914e+08
-6.47484e+08 3.10073e+08
-6.49065e+08 3.06221e+08
-6.50624e+08 3.02361e+08
-6.52162e+08 2.98491e+08
-6.53679e+08 2.94613e+08
-6.55175e+08 2.90725e+08
-6.56649e+08 2.86829e+08
-6.58101e+08 2.82924e+08
-6.59532e+08 2.7901e+08
-6.60941e+08 2.75088e+08
-6.62328e+08 2.71158e+08
-6.63694e+08 2.67219e+08
-6.65037e+08 2.63273e+08
-6.66359e+08 2.59318e+08
-6.67659e+08 2.55356e+08
-6.68937e+08 2.51386e+08
-6.70193e+08 2.47409e+08
-6.71426e+08 2.43424e+08
-6.72638e+08 2.39432e+08
-6.73827e+08 2.35433e+08
-6.74994e+08 2.31427e+08
-6.76139e+08 2.27413e+08
-6.77262e+08 2.23393e+08
-6.78362e+08 2.19367e+08
-6.7944e+08 2.15334e+08
-6.80495e+08 2.11294e+08
-6.81528e+08 2.07249e+08
-6.82538e+08 2.03197e+08
-6.83526e+08 1.99139e+08
-6.84491e+08 1.95075e+08
-6.85434e+08 1.91006e+08
-6.86353e+08 1.86931e+08
-6.87251e+08 1.8285e+08
-6.88125e+08 1.78765e+08
-6.88976e+08 1.74674e+08
-6.89805e+08 1.70578e+08
-6.90611e+08 1.66477e+08
-6.91394e+08 1.62371e+08
-6.92154e+08 1.58261e+08
-6.92891e+08 1.54146e+08
-6.93605e+08 1.50026e+08
-6.94296e+08 1.45903e+08
-6.94964e+08 1.41775e+08
-6.95609e+08 1.37643e+08
-6.96231e+08 1.33508e+08
-6.9683e+08 1.29369e+08
-6.97405e+08 1.25226e+08
-6.97958e+08 1.21079e+08
-6.98487e+08 1.1693e+08
-6.98993e+08 1.12777e+08
-6.99476e+08 1.08621e+08
-6.99936e+08 1.04463e+08
-7.00372e+08 1.00301e+08
-7.00785e+08 9.61369e+07
-7.01175e+08 9.19703e+07
-7.01541e+08 8.78014e+07
-7.01884e+08 8.36302e+07
-7.02204e+08 7.94569e+07
-7.025e+08 7.52817e+07
-7.02773e+08 7.11047e+07
-7.03023e+08 6.69261e+07
-7.03249e+08 6.27459e+07
-7.03452e+08 5.85643e+07
-7.03631e+08 5.43814e+07
-7.03787e+08 5.01975e+07
-7.0392e+08 4.60125e+07
-7.04029e+08 4.18267e+07
-7.04115e+08 3.76402e+07
-7.04177e+08 3.34532e+07
-7.04216e+08 2.92657e+07
-7.04231e+08 2.50779e+07
-7.04223e+08 2.089e+07
-7.04191e+08 1.6702e+07
-7.04136e+08 1.25142e+07
-7.04058e+08 8.32662e+06
-7.03956e+08 4.13946e+06
-7.03831e+08 -47165.1
-7.03682e+08 -4.23311e+06
-7.0351e+08 -8.41825e+06
-7.03314e+08 -1.26024e+07
-7.03095e+08 -1.67855e+07
-7.02852e+08 -2.09674e+07
-7.02586e+08 -2.51479e+07
-7.02297e+08 -2.93269e+07
-7.01984e+08 -3.35042e+07
-7.01648e+08 -3.76798e+07
-7.01289e+08 -4.18535e+07
-7.00906e+08 -4.60251e+07
-7.005e+08 -5.01945e+07
-7.0007e+08 -5.43616e+07
-6.99617e+08 -5.85263e+07
-6.99141e+08 -6.26883e+07
-6.98642e+08 -6.68476e+07
-6.98119e+08 -7.1004e+07
-6.97573e+08 -7.51574e+07
-6.97004e+08 -7.93076e+07
-6.96412e+08 -8.34546e+07
-6.95797e+08 -8.75982e+07
-6.95158e+08 -9.17382e+07
-6.94496e+08 -9.58745e+07
-6.93811e+08 -1.00007e+08
-6.93103e+08 -1.04135e+08
-6.92372e+08 -1.0826e+08
-6.91618e+08 -1.1238e+08
-6.90841e+08 -1.16496e+08
-6.90041e+08 -1.20607e+08
-6.89218e+08 -1.24714e+08
-6.88372e+08 -1.28816e+08
-6.87504e+08 -1.32913e+08
-6.86612e+08 -1.37005e+08
-6.85698e+08 -1.41092e+08
-6.8476e+08 -1.45173e+08
-6.83801e+08 -1.49249e+08
-6.82818e+08 -1.5332e+08
-6.81813e+08 -1.57384e+08
-6.80785e+08 -1.61443e+08
-6.79734e+08 -1.65496e+08
-6.78661e+08 -1.69543e+08
-6.77565e+08 -1.73584e+08
-6.76447e+08 -1.77618e+08
-6.75307e+08 -1.81646e+08
-6.74144e+08 -1.85667e+08
-6.72958e+08 -1.89682e+08
-6.71751e+08 -1.93689e+08
-6.70521e+08 -1.9769e+08
-6.69269e+08 -2.01683e+08
-6.67995e+08 -2.05669e+08
-6.66698e+08 -2.09648e+08
-6.6538e+08 -2.1362e+08
-6.64039e+08 -2.17583e+08
-6.62677e+08 -2.21539e+08
-6.61293e+08 -2.25487e+08
-6.59886e+08 -2.29427e+08
-6.58458e+08 -2.33359e+08
-6.57009e+08 -2.37282e+08
-6.55537e+08 -2.41197e+08
-6.54044e+08 -2.45104e+08
-6.52529e+08 -2.49001e+08
-6.50993e+08 -2.52891e+08
-6.49435e+08 -2.56771e+08
-6.47856e+08 -2.60642e+08
-6.46255e+08 -2.64504e+08
-6.44633e+08 -2.68357e+08
-6.4299e+08 -2.722e+08
-6.41326e+08 -2.76034e+08
-6.3964e+08 -2.79858e+08
-6.37934e+08 -2.83673e+08
-6.36206e+08 -2.87477e+08
-6.34457e+08 -2.91272e+08
-6.32688e+08 -2.95056e+08
-6.30898e+08 -2.98831e+08
-6.29087e+08 -3.02595e+08
-6.27255e+08 -3.06348e+08
-6.25403e+08 -3.10091e+08
-6.2353e+08 -3.13823e+08
-6.21637e+08 -3.17545e+08
-6.19723e+08 -3.21255e+08
-6.17789e+08 -3.24955e+08
-6.15835e+08 -3.28643e+08
-6.1386e+08 -3.3232e+08
-6.11866e+08 -3.35985e+08
-6.09851e+08 -3.3964e+08
-6.07817e+08 -3.43282e+08
-6.05762e+08 -3.46913e+08
-6.03688e+08 -3.50532e+08
-6.01594e+08 -3.54139e+08
-5.9948e+08 -3.57734e+08
-5.97347e+08 -3.61317e+08
-5.95194e+08 -3.64887e+08
-5.93021e+08 -3.68445e+08
-5.9083e+08 -3.71991e+08
-5.88619e+08 -3.75524e+08
-5.86389e+08 -3.79044e+08
-5.84139e+08 -3.82552e+08
-5.81871e+08 -3.86046e+08
-5.79584e+08 -3.89528e+08
-5.77278e+08 -3.92997e+08
-5.74953e+08 -3.96452e+08
-5.72609e+08 -3.99894e+08
-5.70247e+08 -4.03322e+08
-5.67866e+08 -4.06737e+08
-5.65467e+08 -4.10139e+08
-5.63049e+08 -4.13526e+08
-5.60613e+08 -4.169e+08
-5.58159e+08 -4.2026e+08
-5.55687e+08 -4.23606e+08
-5.53196e+08 -4.26938e+08
-5.50688e+08 -4.30255e+08
-5.48162e+08 -4.33558e+08
-5.45619e+08 -4.36847e+08
-5.43057e+08 -4.40121e+08
-5.40478e+08 -4.43381e+08
-5.37882e+08 -4.46626e+08
-5.35268e+08 -4.49856e+08
-5.32637e+08 -4.53071e+08
-5.29988e+08 -4.56271e+08
-5.27323e+08 -4.59456e+08
-5.2464e+08 -4.62626e+08
-5.21941e+08 -4.65781e+08
-5.19225e+08 -4.68921e+08
-5.16492e+08 -4.72045e+08
-5.13742e+08 -4.75153e+08
-5.10976e+08 -4.78246e+08
-5.08194e+08 -4.81323e+08
-5.05395e+08 -4.84384e+08
-5.0258e+08 -4.8743e+08
-4.99749e+08 -4.90459e+08
-4.96901e+08 -4.93473e+08
-4.94038e+08 -4.9647e+08
-4.91159e+08 -4.99451e+08
-4.88264e+08 -5.02416e+08
-4.85354e+08 -5.05365e+08
-4.82428e+08 -5.08297e+08
-4.79486e+08 -5.11212e+08
-4.76529e+08 -5.14111e+08
-4.73557e+08 -5.16994e+08
-4.7057e+08 -5.19859e+08
-4.67568e+08 -5.22708e+08
-4.6455e+08 -5.25539e+08
-4.61518e+08 -5.28354e+08
-4.58472e+08 -5.31152e+08
-4.5541e+08 -5.33932e+08
-4.52334e+08 -5.36696e+08
-4.49244e+08 -5.39442e+08
-4.4614e+08 -5.4217e+08
-4.43021e+08 -5.44882e+08
-4.39888e+08 -5.47575e+08
-4.36741e+08 -5.50252e+08
-4.3358e+08 -5.5291e+08
-4.30406e+08 -5.55551e+08
-4.27217e+08 -5.58174e+08
-4.24016e+08 -5.60779e+08
-4.208e+08 -5.63366e+08
-4.17572e+08 -5.65936e+08
-4.1433e+08 -5.68487e+08
-4.11075e+08 -5.7102e+08
-4.07807e+08 -5.73535e+08
-4.04526e+08 -5.76032e+08
-4.01232e+08 -5.7851e+08
-3.97926e+08 -5.8097e+08
-3.94607e+08 -5.83412e+08
-3.91275e+08 -5.85835e+08
-3.87931e+08 -5.88239e+08
-3.84575e+08 -5.90625e+08
-3.81207e+08 -5.92993e+08
-3.77827e+08 -5.95341e+08
-3.74435e+08 -5.97671e+08
-3.71031e+08 -5.99982e+08
-3.67615e+08 -6.02274e+08
-3.64188e+08 -6.04548e+08
-3.60749e+08 -6.06802e+08
-3.57299e+08 -6.09037e+08
-3.53838e+08 -6.11253e+08
-3.50365e+08 -6.1345e+08
-3.46882e+08 -6.15628e+08
-3.43387e+08 -6.17787e+08
-3.39882e+08 -6.19926e+08
-3.36366e+08 -6.22046e+08
-3.32839e+08 -6.24146e+08
-3.29302e+08 -6.26227e+08
-3.25755e+08 -6.28289e+08
-3.22198e+08 -6.30331e+08
-3.1863e+08 -6.32353e+08
-3.15052e+08 -6.34356e+08
-3.11465e+08 -6.36339e+08
-3.07868e+08 -6.38303e+08
-3.04261e+08 -6.40247e+08
-3.00644e+08 -6.42171e+08
-2.97018e+08 -6.44075e+08
-2.93383e+08 -6.45959e+08
-2.89739e+08 -6.47823e+08
-2.86085e+08 -6.49668e+08
-2.82423e+08 -6.51492e+08
-2.78751e+08 -6.53296e+08
-2.75071e+08 -6.55081e+08
-2.71382e+08 -6.56845e+08
-2.67685e+08 -6.58589e+08
-2.6398e+08 -6.60313e+08
-2.60266e+08 -6.62017e+08
-2.56544e+08 -6.637e+08
-2.52814e+08 -6.65364e+08
-2.49076e+08 -6.67007e+08
-2.4533e+08 -6.68629e+08
-2.41576e+08 -6.70232e+08
-2.37815e+08 -6.71814e+08
-2.34047e+08 -6.73375e+08
-2.30271e+08 -6.74916e+08
-2.26488e+08 -6.76437e+08
-2.22697e+08 -6.77937e+08
-2.189e+08 -6.79417e+08
-2.15096e+08 -6.80876e+08
-2.11285e+08 -6.82314e+08
-2.07467e+08 -6.83732e+08
-2.03643e+08 -6.8513e+08
-1.99813e+08 -6.86506e+08
-1.95976e+08 -6.87862e+08
-1.92133e+08 -6.89198e+08
-1.88284e+08 -6.90512e+08
-1.84429e+08 -6.91806e+08
-1.80568e+08 -6.93079e+08
-1.76701e+08 -6.94332e+08
-1.72829e+08 -6.95564e+08
-1.68951e+08 -6.96774e+08
-1.65068e+08 -6.97964e+08
-1.6118e+08 -6.99134e+08
-1.57286e+08 -7.00282e+08
-1.53387e+08 -7.0141e+08
-1.49484e+08 -7.02516e+08
-1.45576e+08 -7.03602e+08
-1.41663e+08 -7.04667e+08
-1.37745e+08 -7.05711e+08
-1.33823e+08 -7.06734e+08
-1.29897e+08 -7.07737e+08
-1.25966e+08 -7.08718e+08
-1.22031e+08 -7.09678e+08
-1.18093e+08 -7.10618e+08
-1.1415e+08 -7.11536e+08
-1.10204e+08 -7.12434e+08
-1.06254e+08 -7.1331e+08
-1.023e+08 -7.14166e+08
-9.83431e+07 -7.15e+08
-9.43828e+07 -7.15814e+08
-9.04193e+07 -7.16606e+08
-8.64527e+07 -7.17378e+08
-8.24832e+07 -7.18128e+08
-7.85107e+07 -7.18858e+08
-7.45356e+07 -7.19567e+08
-7.05578e+07 -7.20254e+08
-6.65775e+07 -7.20921e+08
-6.25948e+07 -7.21566e+08
-5.86097e+07 -7.22191e+08
-5.46225e+07 -7.22795e+08
-5.06333e+07 -7.23377e+08
-4.66421e+07 -7.23939e+08
-4.2649e+07 -7.24479e+08
-3.86542e+07 -7.24999e+08
-3.46578e+07 -7.25498e+08
-3.06599e+07 -7.25975e+08
-2.66606e+07 -7.26432e+08
-2.266e+07 -7.26868e+08
-1.86582e+07 -7.27283e+08
-1.46554e+07 -7.27676e+08
-1.06516e+07 -7.28049e+08
-6.64701e+06 -7.28401e+08
-2.64166e+06 -7.28732e+08
1.36431e+06 -7.29043e+08
5.37079e+06 -7.29332e+08
9.37767e+06 -7.296e+08
1.33848e+07 -7.29848e+08
1.73922e+07 -7.30074e+08
2.13996e+07 -7.3028e+08
2.5407e+07 -7.30465e+08
2.94142e+07 -7.30629e+08
3.34212e+07 -7.30772e+08
3.74278e+07 -7.30895e+08
4.1434e+07 -7.30997e+08
4.54396e+07 -7.31078e+08
4.94445e+07 -7.31138e+08
5.34485e+07 -7.31177e+08
5.74517e+07 -7.31196e+08
6.14539e+07 -7.31194e+08
6.5455e+07 -7.31171e+08
6.94548e+07 -7.31128e+08
7.34533e+07 -7.31064e+08
7.74504e+07 -7.3098e+08
8.14459e+07 -7.30875e+08
8.54398e+07 -7.30749e+08
8.94319e+07 -7.30603e+08
9.34222e+07 -7.30436e+08
9.74105e+07 -7.30248e+08
1.01397e+08 -7.30041e+08
1.05381e+08 -7.29812e+08
1.09363e+08 -7.29564e+08
1.13342e+08 -7.29295e+08
1.17319e+08 -7.29005e+08
1.21293e+08 -7.28695e+08
1.25265e+08 -7.28365e+08
1.29234e+08 -7.28015e+08
1.332e+08 -7.27644e+08
1.37163e+08 -7.27253e+08
1.41123e+08 -7.26842e+08
1.4508e+08 -7.2641e+08
1.49033e+08 -7.25959e+08
1.52983e+08 -7.25487e+08
1.56929e+08 -7.24995e+08
1.60872e+08 -7.24483e+08
1.64811e+08 -7.23951e+08
1.68747e+08 -7.234e+08
1.72678e+08 -7.22828e+08
1.76606e+08 -7.22236e+08
1.80529e+08 -7.21624e+08
1.84448e+08 -7.20992e+08
1.88363e+08 -7.20341e+08
1.92274e+08 -7.19669e+08
1.96179e+08 -7.18978e+08
2.00081e+08 -7.18268e+08
2.03978e+08 -7.17537e+08
2.07869e+08 -7.16787e+08
2.11756e+08 -7.16017e+08
2.15638e+08 -7.15228e+08
2.19515e+08 -7.14419e+08
2.23387e+08 -7.1359e+08
2.27254e+08 -7.12742e+08
2.31115e+08 -7.11875e+08
2.3497e+08 -7.10988e+08
2.38821e+08 -7.10082e+08
2.42665e+08 -7.09156e+08
2.46504e+08 -7.08211e+08
2.50337e+08 -7.07247e+08
2.54164e+08 -7.06264e+08
2.57985e+08 -7.05262e+08
2.61799e+08 -7.0424e+08
2.65608e+08 -7.032e+08
2.6941e+08 -7.0214e+08
2.73206e+08 -7.01061e+08
2.76996e+08 -6.99964e+08
2.80779e+08 -6.98847e+08
2.84555e+08 -6.97712e+08
2.88324e+08 -6.96558e+08
2.92087e+08 -6.95385e+08
2.95842e+08 -6.94194e+08
2.99591e+08 -6.92983e+08
3.03333e+08 -6.91754e+08
3.07067e+08 -6.90507e+08
3.10794e+08 -6.89241e+08
3.14514e+08 -6.87956e+08
3.18226e+08 -6.86654e+08
3.2193e+08 -6.85332e+08
3.25627e+08 -6.83993e+08
3.29317e+08 -6.82635e+08
3.32998e+08 -6.81258e+08
3.36672e+08 -6.79864e+08
3.40337e+08 -6.78451e+08
3.43995e+08 -6.77021e+08
3.47644e+08 -6.75572e+08
3.51285e+08 -6.74106e+08
3.54918e+08 -6.72621e+08
3.58542e+08 -6.71118e+08
3.62158e+08 -6.69598e+08
3.65765e+08 -6.6806e+08
3.69364e+08 -6.66504e+08
3.72954e+08 -6.64931e+08
3.76535e+08 -6.6334e+08
3.80107e+08 -6.61731e+08
3.8367e+08 -6.60105e+08
3.87224e+08 -6.58461e+08
3.90769e+08 -6.568e+08
3.94304e+08 -6.55121e+08
3.97831e+08 -6.53426e+08
4.01348e+08 -6.51713e+08
4.04855e+08 -6.49982e+08
4.08353e+08 -6.48235e+08
4.11841e+08 -6.46471e+08
4.1532e+08 -6.44689e+08
4.18789e+08 -6.42891e+08
4.22248e+08 -6.41076e+08
4.25697e+08 -6.39244e+08
4.29136e+08 -6.37395e+08
4.32565e+08 -6.35529e+08
4.35983e+08 -6.33647e+08
4.39392e+08 -6.31748e+08
4.4279e+08 -6.29833e+08
4.46177e+08 -6.27901e+08
4.49555e+08 -6.25952e+08
4.52921e+08 -6.23988e+08
4.56277e+08 -6.22007e+08
4.59623e+08 -6.20009e+08
4.62957e+08 -6.17996e+08
4.66281e+08 -6.15966e+08
4.69594e+08 -6.1392e+08
4.72896e+08 -6.11859e+08
4.76187e+08 -6.09781e+08
4.79466e+08 -6.07688e+08
4.82735e+08 -6.05578e+08
4.85992e+08 -6.03453e+08
4.89238e+08 -6.01312e+08
4.92472e+08 -5.99156e+08
4.95695e+08 -5.96984e+08
4.98906e+08 -5.94797e+08
5.02106e+08 -5.92594e+08
5.05294e+08 -5.90375e+08
5.0847e+08 -5.88142e+08
5.11635e+08 -5.85893e+08
5.14787e+08 -5.83629e+08
5.17928e+08 -5.8135e+08
5.21056e+08 -5.79056e+08
5.24173e+08 -5.76746e+08
5.27277e+08 -5.74422e+08
5.30369e+08 -5.72083e+08
5.33449e+08 -5.6973e+08
5.36516e+08 -5.67361e+08
5.39571e+08 -5.64978e+08
5.42613e+08 -5.6258e+08
5.45643e+08 -5.60168e+08
5.4866e+08 -5.57741e+08
5.51665e+08 -5.553e+08
5.54657e+08 -5.52845e+08
5.57636e+08 -5.50375e+08
5.60602e+08 -5.47891e+08
5.63555e+08 -5.45394e+08
5.66495e+08 -5.42882e+08
5.69422e+08 -5.40356e+08
5.72336e+08 -5.37816e+08
5.75237e+08 -5.35262e+08
5.78124e+08 -5.32695e+08
5.80999e+08 -5.30114e+08
5.8386e+08 -5.27519e+08
5.86707e+08 -5.24911e+08
5.89541e+08 -5.22289e+08
5.92361e+08 -5.19654e+08
5.95168e+08 -5.17005e+08
5.97961e+08 -5.14343e+08
6.00741e+08 -5.11668e+08
6.03507e+08 -5.0898e+08
6.06259e+08 -5.06279e+08
6.08997e+08 -5.03564e+08
6.11721e+08 -5.00837e+08
6.14431e+08 -4.98097e+08
6.17127e+08 -4.95345e+08
6.19809e+08 -4.92579e+08
6.22477e+08 -4.89801e+08
6.2513e+08 -4.8701e+08
6.27769e+08 -4.84207e+08
6.30394e+08 -4.81392e+08
6.33005e+08 -4.78564e+08
6.35601e+08 -4.75724e+08
6.38183e+08 -4.72872e+08
6.4075e+08 -4.70007e+08
6.43303e+08 -4.67131e+08
6.45841e+08 -4.64242e+08
6.48364e+08 -4.61342e+08
6.50873e+08 -4.5843e+08
6.53366e+08 -4.55506e+08
6.55845e+08 -4.5257e+08
6.58309e+08 -4.49623e+08
6.60759e+08 -4.46665e+08
6.63193e+08 -4.43694e+08
6.65612e+08 -4.40713e+08
6.68016e+08 -4.3772e+08
6.70405e+08 -4.34716e+08
6.72779e+08 -4.31701e+08
6.75137e+08 -4.28675e+08
6.77481e+08 -4.25638e+08
6.79808e+08 -4.22589e+08
6.82121e+08 -4.19531e+08
6.84418e+08 -4.16461e+08
6.867e+08 -4.1338e+08
6.88966e+08 -4.10289e+08
6.91217e+08 -4.07188e+08
6.93452e+08 -4.04076e+08
6.95672e+08 -4.00953e+08
6.97876e+08 -3.97821e+08
7.00064e+08 -3.94678e+08
7.02236e+08 -3.91525e+08
7.04393e+08 -3.88362e+08
7.06534e+08 -3.85189e+08
7.08659e+08 -3.82006e+08
7.10768e+08 -3.78813e+08
7.12861e+08 -3.7561e+08
7.14938e+08 -3.72398e+08
7.16999e+08 -3.69176e+08
7.19044e+08 -3.65944e+08
7.21072e+08 -3.62704e+08
7.23085e+08 -3.59453e+08
7.25081e+08 -3.56194e+08
7.27062e+08 -3.52925e+08
7.29026e+08 -3.49647e+08
7.30973e+08 -3.4636e+08
7.32905e+08 -3.43064e+08
7.34819e+08 -3.3976e+08
7.36718e+08 -3.36446e+08
7.386e+08 -3.33124e+08
7.40465e+08 -3.29793e+08
7.42314e+08 -3.26453e+08
7.44147e+08 -3.23105e+08
7.45963e+08 -3.19749e+08
7.47762e+08 -3.16384e+08
7.49544e+08 -3.13011e+08
7.5131e+08 -3.0963e+08
7.53059e+08 -3.0624e+08
7.54791e+08 -3.02843e+08
7.56507e+08 -2.99438e+08
7.58206e+08 -2.96024e+08
7.59887e+08 -2.92604e+08
7.61552e+08 -2.89175e+08
7.632e+08 -2.85739e+08
7.64831e+08 -2.82295e+08
7.66445e+08 -2.78844e+08
7.68042e+08 -2.75385e+08
7.69622e+08 -2.71919e+08
7.71185e+08 -2.68446e+08
7.72731e+08 -2.64966e+08
7.7426e+08 -2.61479e+08
7.75771e+08 -2.57985e+08
7.77265e+08 -2.54484e+08
7.78742e+08 -2.50976e+08
7.80202e+08 -2.47461e+08
7.81645e+08 -2.4394e+08
7.8307e+08 -2.40412e+08
7.84478e+08 -2.36878e+08
7.85868e+08 -2.33337e+08
7.87241e+08 -2.2979e+08
7.88597e+08 -2.26237e+08
7.89936e+08 -2.22678e+08
7.91256e+08 -2.19112e+08
7.9256e+08 -2.15541e+08
7.93846e+08 -2.11964e+08
7.95114e+08 -2.08381e+08
7.96365e+08 -2.04792e+08
7.97598e+08 -2.01197e+08
7.98813e+08 -1.97597e+08
8.00011e+08 -1.93992e+08
8.01192e+08 -1.90381e+08
8.02354e+08 -1.86765e+08
8.03499e+08 -1.83143e+08
8.04627e+08 -1.79517e+08
8.05736e+08 -1.75885e+08
8.06828e+08 -1.72248e+08
8.07902e+08 -1.68606e+08
8.08958e+08 -1.6496e+08
8.09997e+08 -1.61309e+08
8.11017e+08 -1.57653e+08
8.1202e+08 -1.53993e+08
8.13005e+08 -1.50328e+08
8.13972e+08 -1.46658e+08
8.14921e+08 -1.42985e+08
8.15852e+08 -1.39307e+08
8.16766e+08 -1.35625e+08
8.17661e+08 -1.31939e+08
8.18538e+08 -1.28249e+08
8.19398e+08 -1.24555e+08
8.20239e+08 -1.20857e+08
8.21063e+08 -1.17155e+08
8.21868e+08 -1.1345e+08
8.22655e+08 -1.09741e+08
8.23425e+08 -1.06029e+08
8.24176e+08 -1.02313e+08
8.24909e+08 -9.85945e+07
8.25624e+08 -9.48722e+07
8.26321e+08 -9.11469e+07
8.27e+08 -8.74184e+07
8.2766e+08 -8.3687e+07
8.28303e+08 -7.99526e+07
8.28927e+08 -7.62155e+07
8.29533e+08 -7.24756e+07
8.30121e+08 -6.8733e+07
8.30691e+08 -6.49879e+07
8.31243e+08 -6.12403e+07
8.31776e+08 -5.74903e+07
8.32292e+08 -5.3738e+07
8.32789e+08 -4.99835e+07
8.33267e+08 -4.62268e+07
8.33728e+08 -4.24681e+07
8.3417e+08 -3.87074e+07
8.34594e+08 -3.49448e+07
8.35e+08 -3.11803e+07
8.35387e+08 -2.74142e+07
8.35757e+08 -2.36464e+07
8.36108e+08 -1.98771e+07
8.3644e+08 -1.61063e+07
8.36754e+08 -1.23341e+07
8.37051e+08 -8.5606e+06
8.37328e+08 -4.78589e+06
8.37588e+08 -1.01005e+06
8.37829e+08 2.76685e+06
8.38052e+08 6.54471e+06
8.38256e+08 1.03234e+07
8.38442e+08 1.4103e+07
8.3861e+08 1.78832e+07
8.38759e+08 2.16641e+07
8.38891e+08 2.54455e+07
8.39003e+08 2.92274e+07
8.39098e+08 3.30097e+07
8.39174e+08 3.67922e+07
8.39232e+08 4.05749e+07
8.39271e+08 4.43578e+07
8.39292e+08 4.81407e+07
8.39295e+08 5.19236e+07
8.3928e+08 5.57063e+07
8.39246e+08 5.94888e+07
8.39194e+08 6.3271e+07
8.39123e+08 6.70528e+07
8.39034e+08 7.08342e+07
8.38927e+08 7.4615e+07
8.38801e+08 7.83951e+07
8.38657e+08 8.21746e+07
8.38495e+08 8.59532e+07
8.38315e+08 8.97309e+07
8.38116e+08 9.35077e+07
8.37899e+08 9.72834e+07
8.37663e+08 1.01058e+08
8.3741e+08 1.04831e+08
8.37138e+08 1.08603e+08
8.36847e+08 1.12374e+08
8.36539e+08 1.16143e+08
8.36212e+08 1.19911e+08
8.35866e+08 1.23677e+08
8.35503e+08 1.27441e+08
8.35121e+08 1.31203e+08
8.34721e+08 1.34964e+08
8.34303e+08 1.38722e+08
8.33867e+08 1.42478e+08
8.33412e+08 1.46233e+08
8.32939e+08 1.49985e+08
8.32448e+08 1.53734e+08
8.31939e+08 1.57482e+08
8.31411e+08 1.61226e+08
8.30866e+08 1.64969e+08
8.30302e+08 1.68708e+08
8.2972e+08 1.72445e+08
8.2912e+08 1.76179e+08
8.28502e+08 1.7991e+08
8.27865e+08 1.83638e+08
8.27211e+08 1.87363e+08
8.26538e+08 1.91085e+08
8.25848e+08 1.94804e+08
8.25139e+08 1.98519e+08
8.24412e+08 2.02231e+08
8.23667e+08 2.05939e+08
8.22904e+08 2.09644e+08
8.22124e+08 2.13345e+08
8.21325e+08 2.17042e+08
8.20508e+08 2.20736e+08
8.19673e+08 2.24425e+08
8.1882e+08 2.28111e+08
8.1795e+08 2.31793e+08
8.17061e+08 2.3547e+08
8.16155e+08 2.39143e+08
8.1523e+08 2.42812e+08
8.14288e+08 2.46476e+08
8.13328e+08 2.50136e+08
8.1235e+08 2.53791e+08
8.11354e+08 2.57442e+08
8.10341e+08 2.61088e+08
8.09309e+08 2.64729e+08
8.0826e+08 2.68365e+08
8.07193e+08 2.71996e+08
8.06109e+08 2.75622e+08
8.05007e+08 2.79243e+08
8.03887e+08 2.82859e+08
8.02749e+08 2.86469e+08
8.01594e+08 2.90074e+08
8.00422e+08 2.93674e+08
7.99231e+08 2.97267e+08
7.98023e+08 3.00856e+08
7.96798e+08 3.04438e+08
7.95555e+08 3.08015e+08
7.94295e+08 3.11586e+08
7.93017e+08 3.1515e+08
7.91721e+08 3.18709e+08
7.90409e+08 3.22262e+08
7.89079e+08 3.25808e+08
7.87731e+08 3.29348e+08
7.86366e+08 3.32882e+08
7.84984e+08 3.36409e+08
7.83585e+08 3.39929e+08
7.82168e+08 3.43443e+08
7.80734e+08 3.46951e+08
7.79283e+08 3.50451e+08
7.77815e+08 3.53945e+08
7.7633e+08 3.57431e+08
7.74827e+08 3.60911e+08
7.73307e+08 3.64383e+08
7.71771e+08 3.67848e+08
7.70217e+08 3.71306e+08
7.68646e+08 3.74757e+08
7.67059e+08 3.782e+08
7.65454e+08 3.81636e+08
7.63833e+08 3.85064e+08
7.62194e+08 3.88484e+08
7.60539e+08 3.91896e+08
7.58867e+08 3.95301e+08
7.57178e+08 3.98698e+08
7.55473e+08 4.02086e+08
7.5375e+08 4.05467e+08
7.52012e+08 4.0884e+08
7.50256e+08 4.12204e+08
7.48484e+08 4.1556e+08
7.46695e+08 4.18907e+08
7.4489e+08 4.22246e+08
7.43068e+08 4.25576e+08
7.4123e+08 4.28898e+08
7.39375e+08 4.32211e+08
7.37504e+08 4.35515e+08
7.35616e+08 4.38811e+08
7.33713e+08 4.42097e+08
7.31793e+08 4.45375e+08
7.29856e+08 4.48643e+08
7.27904e+08 4.51902e+08
7.25935e+08 4.55151e+08
7.2395e+08 4.58392e+08
7.21949e+08 4.61623e+08
7.19932e+08 4.64844e+08
7.17899e+08 4.68056e+08
7.1585e+08 4.71258e+08
7.13785e+08 4.7445e+08
7.11705e+08 4.77633e+08
7.09608e+08 4.80806e+08
7.07496e+08 4.83968e+08
7.05367e+08 4.87121e+08
7.03224e+08 4.90264e+08
7.01064e+08 4.93396e+08
6.98889e+08 4.96518e+08
6.96698e+08 4.99629e+08
6.94491e+08 5.02731e+08
6.9227e+08 5.05821e+08
6.90032e+08 5.08901e+08
6.87779e+08 5.11971e+08
6.85511e+08 5.15029e+08
6.83228e+08 5.18077e+08
6.80929e+08 5.21114e+08
6.78615e+08 5.2414e+08
6.76286e+08 5.27155e+08
6.73942e+08 5.30159e+08
6.71582e+08 5.33151e+08
6.69208e+08 5.36133e+08
6.66818e+08 5.39103e+08
6.64414e+08 5.42061e+08
6.61994e+08 5.45008e+08
6.5956e+08 5.47944e+08
6.57111e+08 5.50867e+08
6.54648e+08 5.53779e+08
6.52169e+08 5.5668e+08
6.49676e+08 5.59568e+08
6.47169e+08 5.62445e+08
6.44646e+08 5.65309e+08
6.4211e+08 5.68161e+08
6.39558e+08 5.71001e+08
6.36993e+08 5.73829e+08
6.34413e+08 5.76645e+08
6.31819e+08 5.79448e+08
6.2921e+08 5.82239e+08
6.26588e+08 5.85017e+08
6.23951e+08 5.87783e+08
6.213e+08 5.90536e+08
6.18635e+08 5.93276e+08
6.15957e+08 5.96003e+08
6.13264e+08 5.98718e+08
6.10557e+08 6.01419e+08
6.07837e+08 6.04108e+08
6.05103e+08 6.06783e+08
6.02355e+08 6.09446e+08
5.99594e+08 6.12095e+08
5.96819e+08 6.1473e+08
5.9403e+08 6.17352e+08
5.91229e+08 6.19961e+08
5.88413e+08 6.22557e+08
5.85585e+08 6.25138e+08
5.82743e+08 6.27706e+08
5.79888e+08 6.30261e+08
5.77019e+08 6.32801e+08
5.74138e+08 6.35328e+08
5.71244e+08 6.3784e+08
5.68336e+08 6.40339e+08
5.65416e+08 6.42824e+08
5.62483e+08 6.45294e+08
5.59537e+08 6.4775e+08
5.56578e+08 6.50192e+08
5.53607e+08 6.5262e+08
5.50623e+08 6.55033e+08
5.47627e+08 6.57432e+08
5.44618e+08 6.59816e+08
5.41597e+08 6.62186e+08
5.38563e+08 6.6454e+08
5.35517e+08 6.66881e+08
5.32459e+08 6.69206e+08
5.29389e+08 6.71516e+08
5.26307e+08 6.73812e+08
5.23212e+08 6.76092e+08
5.20106e+08 6.78358e+08
5.16988e+08 6.80608e+08
5.13858e+08 6.82843e+08
5.10716e+08 6.85063e+08
5.07563e+08 6.87267e+08
5.04398e+08 6.89456e+08
5.01221e+08 6.9163e+08
4.98033e+08 6.93788e+08
4.94834e+08 6.9593e+08
4.91623e+08 6.98057e+08
4.88402e+08 7.00168e+08
4.85168e+08 7.02263e+08
4.81924e+08 7.04343e+08
4.78669e+08 7.06406e+08
4.75403e+08 7.08454e+08
4.72126e+08 7.10486e+08
4.68838e+08 7.12501e+08
4.65539e+08 7.145e+08
4.6223e+08 7.16484e+08
4.5891e+08 7.18451e+08
4.55579e+08 7.20401e+08
4.52238e+08 7.22335e+08
4.48887e+08 7.24253e+08
4.45525e+08 7.26154e+08
4.42153e+08 7.28039e+08
4.38771e+08 7.29907e+08
4.35379e+08 7.31759e+08
4.31977e+08 7.33593e+08
4.28565e+08 7.35411e+08
4.25143e+08 7.37212e+08
4.21712e+08 7.38996e+08
4.1827e+08 7.40763e+08
4.1482e+08 7.42514e+08
4.11359e+08 7.44247e+08
4.07889e+08 7.45963e+08
4.0441e+08 7.47661e+08
4.00921e+08 7.49343e+08
3.97423e+08 7.51007e+08
3.93917e+08 7.52654e+08
3.90401e+08 7.54283e+08
3.86876e+08 7.55895e+08
3.83342e+08 7.5749e+08
3.79799e+08 7.59067e+08
3.76248e+08 7.60626e+08
3.72688e+08 7.62168e+08
3.69119e+08 7.63691e+08
3.65542e+08 7.65198e+08
3.61956e+08 7.66686e+08
3.58363e+08 7.68156e+08
3.54761e+08 7.69609e+08
3.5115e+08 7.71043e+08
3.47532e+08 7.7246e+08
3.43906e+08 7.73858e+08
3.40272e+08 7.75238e+08
3.3663e+08 7.766e+08
3.3298e+08 7.77944e+08
3.29323e+08 7.7927e+08
3.25658e+08 7.80577e+08
3.21986e+08 7.81866e+08
3.18307e+08 7.83136e+08
3.1462e+08 7.84388e+08
3.10926e+08 7.85622e+08
3.07224e+08 7.86837e+08
3.03516e+08 7.88033e+08
2.99801e+08 7.89211e+08
2.96079e+08 7.9037e+08
2.9235e+08 7.9151e+08
2.88615e+08 7.92631e+08
2.84873e+08 7.93734e+08
2.81124e+08 7.94817e+08
2.7737e+08 7.95882e+08
2.73609e+08 7.96928e+08
2.69841e+08 7.97955e+08
2.66068e+08 7.98963e+08
2.62288e+08 7.99951e+08
2.58503e+08 8.00921e+08
2.54712e+08 8.01871e+08
2.50915e+08 8.02802e+08
2.47112e+08 8.03714e+08
2.43304e+08 8.04607e+08
2.3949e+08 8.0548e+08
2.35671e+08 8.06334e+08
2.31847e+08 8.07169e+08
2.28018e+08 8.07984e+08
2.24183e+08 8.08779e+08
2.20344e+08 8.09555e+08
2.16499e+08 8.10312e+08
2.1265e+08 8.11049e+08
2.08796e+08 8.11766e+08
2.04938e+08 8.12464e+08
2.01075e+08 8.13142e+08
1.97207e+08 8.138e+08
1.93336e+08 8.14438e+08
1.8946e+08 8.15057e+08
1.8558e+08 8.15656e+08
1.81696e+08 8.16234e+08
1.77808e+08 8.16793e+08
1.73916e+08 8.17333e+08
1.70021e+08 8.17852e+08
1.66122e+08 8.18351e+08
1.62219e+08 8.1883e+08
1.58313e+08 8.19289e+08
1.54404e+08 8.19728e+08
1.50491e+08 8.20147e+08
1.46575e+08 8.20545e+08
1.42657e+08 8.20924e+08
1.38735e+08 8.21282e+08
1.34811e+08 8.2162e+08
1.30884e+08 8.21938e+08
1.26954e+08 8.22236e+08
1.23022e+08 8.22513e+08
1.19087e+08 8.2277e+08
1.1515e+08 8.23006e+08
1.11211e+08 8.23222e+08
1.0727e+08 8.23418e+08
1.03327e+08 8.23594e+08
9.93821e+07 8.23749e+08
9.54353e+07 8.23883e+08
9.14869e+07 8.23997e+08
8.75369e+07 8.2409e+08
8.35854e+07 8.24163e+08
7.96325e+07 8.24216e+08
7.56785e+07 8.24247e+08
7.17233e+07 8.24258e+08
6.7767e+07 8.24249e+08
6.38098e+07 8.24219e+08
5.98518e+07 8.24168e+08
5.58931e+07 8.24097e+08
5.19337e+07 8.24005e+08
4.79739e+07 8.23892e+08
4.40137e+07 8.23758e+08
4.00532e+07 8.23604e+08
3.60925e+07 8.23429e+08
3.21317e+07 8.23234e+08
2.8171e+07 8.23017e+08
2.42104e+07 8.2278e+08
2.02501e+07 8.22522e+08
1.62901e+07 8.22243e+08
1.23306e+07 8.21943e+08
8.37169e+06 8.21623e+08
4.41347e+06 8.21281e+08
456049 8.20919e+08
-3.50046e+06 8.20536e+08
-7.45594e+06 8.20132e+08
-1.14103e+07 8.19707e+08
-1.53634e+07 8.19262e+08
-1.93152e+07 8.18795e+08
-2.32655e+07 8.18308e+08
-2.72142e+07 8.17799e+08
-3.11612e+07 8.1727e+08
-3.51065e+07 8.1672e+08
-3.90498e+07 8.16149e+08
-4.29911e+07 8.15557e+08
-4.69303e+07 8.14944e+08
-5.08672e+07 8.1431e+08
-5.48018e+07 8.13656e+08
-5.87339e+07 8.1298e+08
-6.26635e+07 8.12284e+08
-6.65903e+07 8.11566e+08
-7.05143e+07 8.10828e+08
-7.44355e+07 8.10069e+08
-7.83536e+07 8.09288e+08
-8.22685e+07 8.08487e+08
-8.61802e+07 8.07665e+08
-9.00885e+07 8.06822e+08
-9.39933e+07 8.05959e+08
-9.78946e+07 8.05074e+08
-1.01792e+08 8.04169e+08
-1.05686e+08 8.03242e+08
-1.09576e+08 8.02295e+08
-1.13461e+08 8.01327e+08
-1.17343e+08 8.00338e+08
-1.2122e+08 7.99328e+08
-1.25093e+08 7.98297e+08
-1.28961e+08 7.97246e+08
-1.32825e+08 7.96174e+08
-1.36684e+08 7.9508e+08
-1.40538e+08 7.93967e+08
-1.44387e+08 7.92832e+08
-1.48232e+08 7.91677e+08
-1.52071e+08 7.90501e+08
-1.55904e+08 7.89304e+08
-1.59732e+08 7.88086e+08
-1.63555e+08 7.86848e+08
-1.67372e+08 7.85589e+08
-1.71183e+08 7.8431e+08
-1.74989e+08 7.83009e+08
-1.78788e+08 7.81688e+08
-1.82581e+08 7.80347e+08
-1.86368e+08 7.78985e+08
-1.90149e+08 7.77603e+08
-1.93923e+08 7.76199e+08
-1.97691e+08 7.74776e+08
-2.01451e+08 7.73332e+08
-2.05206e+08 7.71867e+08
-2.08953e+08 7.70382e+08
-2.12693e+08 7.68877e+08
-2.16426e+08 7.67351e+08
-2.20152e+08 7.65805e+08
-2.2387e+08 7.64239e+08
-2.27581e+08 7.62652e+08
-2.31284e+08 7.61045e+08
-2.3498e+08 7.59417e+08
-2.38668e+08 7.5777e+08
-2.42347e+08 7.56102e+08
-2.46019e+08 7.54414e+08
-2.49682e+08 7.52706e+08
-2.53338e+08 7.50978e+08
-2.56984e+08 7.4923e+08
-2.60623e+08 7.47462e+08
-2.64252e+08 7.45674e+08
-2.67873e+08 7.43866e+08
-2.71485e+08 7.42038e+08
-2.75088e+08 7.4019e+08
-2.78682e+08 7.38322e+08
-2.82267e+08 7.36435e+08
-2.85842e+08 7.34527e+08
-2.89408e+08 7.326e+08
-2.92964e+08 7.30654e+08
-2.96511e+08 7.28688e+08
-3.00048e+08 7.26702e+08
-3.03575e+08 7.24696e+08
-3.07092e+08 7.22671e+08
-3.10599e+08 7.20627e+08
-3.14096e+08 7.18563e+08
-3.17582e+08 7.1648e+08
-3.21058e+08 7.14377e+08
-3.24523e+08 7.12255e+08
-3.27977e+08 7.10114e+08
-3.31421e+08 7.07954e+08
-3.34854e+08 7.05775e+08
-3.38276e+08 7.03576e+08
-3.41687e+08 7.01359e+08
-3.45086e+08 6.99122e+08
-3.48474e+08 6.96867e+08
-3.51851e+08 6.94593e+08
-3.55216e+08 6.923e+08
-3.58569e+08 6.89988e+08
-3.61911e+08 6.87657e+08
-3.6524e+08 6.85308e+08
-3.68558e+08 6.8294e+08
-3.71863e+08 6.80554e+08
-3.75157e+08 6.78149e+08
-3.78437e+08 6.75726e+08
-3.81706e+08 6.73284e+08
-3.84962e+08 6.70824e+08
-3.88205e+08 6.68346e+08
-3.91435e+08 6.65849e+08
-3.94653e+08 6.63335e+08
-3.97857e+08 6.60802e+08
-4.01048e+08 6.58252e+08
-4.04226e+08 6.55683e+08
-4.07391e+08 6.53097e+08
-4.10543e+08 6.50493e+08
-4.1368e+08 6.47871e+08
-4.16804e+08 6.45231e+08
-4.19915e+08 6.42574e+08
-4.23011e+08 6.39899e+08
-4.26094e+08 6.37207e+08
-4.29162e+08 6.34497e+08
-4.32217e+08 6.3177e+08
-4.35257e+08 6.29026e+08
-4.38282e+08 6.26265e+08
-4.41294e+08 6.23487e+08
-4.4429e+08 6.20691e+08
-4.47272e+08 6.17879e+08
-4.50239e+08 6.15049e+08
-4.53191e+08 6.12203e+08
-4.56128e+08 6.0934e+08
-4.59051e+08 6.06461e+08
-4.61957e+08 6.03565e+08
-4.64849e+08 6.00652e+08
-4.67725e+08 5.97723e+08
-4.70586e+08 5.94778e+08
-4.73431e+08 5.91816e+08
-4.7626e+08 5.88839e+08
-4.79074e+08 5.85845e+08
-4.81871e+08 5.82835e+08
-4.84653e+08 5.79809e+08
-4.87418e+08 5.76767e+08
-4.90168e+08 5.7371e+08
-4.92901e+08 5.70637e+08
-4.95617e+08 5.67548e+08
-4.98317e+08 5.64444e+08
-5.01001e+08 5.61324e+08
-5.03668e+08 5.58189e+08
-5.06318e+08 5.55039e+08
-5.08951e+08 5.51874e+08
-5.11567e+08 5.48694e+08
-5.14167e+08 5.45498e+08
-5.16749e+08 5.42288e+08
-5.19314e+08 5.39063e+08
-5.21861e+08 5.35823e+08
-5.24391e+08 5.32569e+08
-5.26904e+08 5.293e+08
-5.29399e+08 5.26017e+08
-5.31876e+08 5.2272e+08
-5.34336e+08 5.19408e+08
-5.36777e+08 5.16082e+08
-5.39201e+08 5.12742e+08
-5.41607e+08 5.09388e+08
-5.43994e+08 5.06021e+08
-5.46364e+08 5.02639e+08
-5.48715e+08 4.99244e+08
-5.51047e+08 4.95836e+08
-5.53361e+08 4.92414e+08
-5.55657e+08 4.88978e+08
-5.57934e+08 4.8553e+08
-5.60192e+08 4.82068e+08
-5.62432e+08 4.78593e+08
-5.64652e+08 4.75106e+08
-5.66854e+08 4.71605e+08
-5.69036e+08 4.68092e+08
-5.712e+08 4.64566e+08
-5.73344e+08 4.61028e+08
-5.75469e+08 4.57477e+08
-5.77575e+08 4.53914e+08
-5.79661e+08 4.50339e+08
-5.81727e+08 4.46752e+08
-5.83774e+08 4.43153e+08
-5.85802e+08 4.39542e+08
-5.87809e+08 4.35919e+08
-5.89797e+08 4.32285e+08
-5.91765e+08 4.28639e+08
-5.93713e+08 4.24982e+08
-5.95641e+08 4.21313e+08
-5.97549e+08 4.17633e+08
-5.99436e+08 4.13942e+08
-6.01304e+08 4.1024e+08
-6.03151e+08 4.06528e+08
-6.04977e+08 4.02804e+08
-6.06784e+08 3.9907e+08
-6.08569e+08 3.95326e+08
-6.10335e+08 3.91571e+08
-6.12079e+08 3.87806e+08
-6.13803e+08 3.84031e+08
-6.15506e+08 3.80245e+08
-6.17188e+08 3.7645e+08
-6.18849e+08 3.72645e+08
-6.20489e+08 3.6883e+08
-6.22108e+08 3.65006e+08
-6.23707e+08 3.61172e+08
-6.25283e+08 3.57329e+08
-6.26839e+08 3.53477e+08
-6.28374e+08 3.49616e+08
-6.29887e+08 3.45746e+08
-6.31379e+08 3.41867e+08
-6.32849e+08 3.37979e+08
-6.34298e+08 3.34083e+08
-6.35725e+08 3.30178e+08
-6.37131e+08 3.26265e+08
-6.38514e+08 3.22343e+08
-6.39877e+08 3.18414e+08
-6.41217e+08 3.14477e+08
-6.42536e+08 3.10531e+08
-6.43833e+08 3.06579e+08
-6.45108e+08 3.02618e+08
-6.46361e+08 2.9865e+08
-6.47591e+08 2.94675e+08
-6.488e+08 2.90692e+08
-6.49987e+08 2.86703e+08
-6.51152e+08 2.82706e+08
-6.52294e+08 2.78703e+08
-6.53414e+08 2.74693e+08
-6.54512e+08 2.70676e+08
-6.55588e+08 2.66653e+08
-6.56641e+08 2.62624e+08
-6.57672e+08 2.58589e+08
-6.5868e+08 2.54547e+08
-6.59666e+08 2.505e+08
-6.60629e+08 2.46447e+08
-6.6157e+08 2.42388e+08
-6.62488e+08 2.38323e+08
-6.63384e+08 2.34254e+08
-6.64257e+08 2.30179e+08
-6.65107e+08 2.26098e+08
-6.65934e+08 2.22013e+08
-6.66739e+08 2.17923e+08
-6.67521e+08 2.13829e+08
-6.6828e+08 2.09729e+08
-6.69016e+08 2.05626e+08
-6.6973e+08 2.01518e+08
-6.7042e+08 1.97405e+08
-6.71087e+08 1.93289e+08
-6.71732e+08 1.89169e+08
-6.72354e+08 1.85045e+08
-6.72952e+08 1.80917e+08
-6.73528e+08 1.76786e+08
-6.7408e+08 1.72651e+08
-6.7461e+08 1.68514e+08
-6.75116e+08 1.64373e+08
-6.75599e+08 1.60229e+08
-6.76059e+08 1.56082e+08
-6.76496e+08 1.51933e+08
-6.7691e+08 1.47781e+08
-6.773e+08 1.43626e+08
-6.77667e+08 1.39469e+08
-6.78012e+08 1.35311e+08
-6.78332e+08 1.3115e+08
-6.7863e+08 1.26987e+08
-6.78904e+08 1.22822e+08
-6.79156e+08 1.18656e+08
-6.79383e+08 1.14488e+08
-6.79588e+08 1.10319e+08
-6.79769e+08 1.06149e+08
-6.79927e+08 1.01978e+08
-6.80062e+08 9.78058e+07
-6.80173e+08 9.36328e+07
-6.80261e+08 8.94592e+07
-6.80326e+08 8.5285e+07
-6.80367e+08 8.11105e+07
-6.80385e+08 7.69357e+07
-6.8038e+08 7.27608e+07
-6.80351e+08 6.85859e+07
-6.80299e+08 6.44112e+07
-6.80224e+08 6.02368e+07
-6.80126e+08 5.60629e+07
-6.80004e+08 5.18895e+07
-6.79859e+08 4.77168e+07
-6.7969e+08 4.3545e+07
-6.79498e+08 3.93742e+07
-6.79283e+08 3.52045e+07
-6.79045e+08 3.1036e+07
-6.78783e+08 2.6869e+07
-6.78498e+08 2.27035e+07
-6.7819e+08 1.85396e+07
-6.77859e+08 1.43776e+07
-6.77504e+08 1.02175e+07
-6.77126e+08 6.05954e+06
-6.76725e+08 1.90376e+06
-6.76301e+08 -2.24967e+06
-6.75853e+08 -6.40061e+06
-6.75383e+08 -1.05489e+07
-6.74889e+08 -1.46945e+07
-6.74372e+08 -1.88371e+07
-6.73832e+08 -2.29767e+07
-6.73269e+08 -2.71132e+07
-6.72683e+08 -3.12464e+07
-6.72074e+08 -3.53761e+07
-6.71442e+08 -3.95022e+07
-6.70787e+08 -4.36246e+07
-6.70109e+08 -4.77432e+07
-6.69408e+08 -5.18579e+07
-6.68684e+08 -5.59684e+07
-6.67937e+08 -6.00746e+07
-6.67167e+08 -6.41765e+07
-6.66375e+08 -6.82739e+07
-6.65559e+08 -7.23666e+07
-6.64721e+08 -7.64546e+07
-6.6386e+08 -8.05376e+07
-6.62977e+08 -8.46156e+07
-6.62071e+08 -8.86885e+07
-6.61142e+08 -9.2756e+07
-6.6019e+08 -9.68181e+07
-6.59216e+08 -1.00875e+08
-6.5822e+08 -1.04925e+08
-6.57201e+08 -1.0897e+08
-6.5616e+08 -1.13009e+08
-6.55096e+08 -1.17042e+08
-6.5401e+08 -1.21069e+08
-6.52901e+08 -1.25089e+08
-6.5177e+08 -1.29103e+08
-6.50617e+08 -1.33111e+08
-6.49442e+08 -1.37111e+08
-6.48244e+08 -1.41105e+08
-6.47025e+08 -1.45092e+08
-6.45783e+08 -1.49071e+08
-6.4452e+08 -1.53043e+08
-6.43234e+08 -1.57008e+08
-6.41926e+08 -1.60966e+08
-6.40597e+08 -1.64916e+08
-6.39246e+08 -1.68858e+08
-6.37873e+08 -1.72792e+08
-6.36478e+08 -1.76718e+08
-6.35062e+08 -1.80636e+08
-6.33624e+08 -1.84546e+08
-6.32164e+08 -1.88447e+08
-6.30683e+08 -1.9234e+08
-6.29181e+08 -1.96224e+08
-6.27657e+08 -2.001e+08
-6.26111e+08 -2.03967e+08
-6.24545e+08 -2.07824e+08
-6.22957e+08 -2.11673e+08
-6.21348e+08 -2.15512e+08
-6.19718e+08 -2.19342e+08
-6.18067e+08 -2.23163e+08
-6.16395e+08 -2.26973e+08
-6.14702e+08 -2.30775e+08
-6.12988e+08 -2.34566e+08
-6.11254e+08 -2.38347e+08
-6.09498e+08 -2.42119e+08
-6.07722e+08 -2.4588e+08
-6.05926e+08 -2.49631e+08
-6.04108e+08 -2.53371e+08
-6.02271e+08 -2.57101e+08
-6.00413e+08 -2.6082e+08
-5.98534e+08 -2.64529e+08
-5.96636e+08 -2.68227e+08
-5.94717e+08 -2.71913e+08
-5.92778e+08 -2.75589e+08
-5.90819e+08 -2.79253e+08
-5.8884e+08 -2.82906e+08
-5.86841e+08 -2.86548e+08
-5.84823e+08 -2.90178e+08
-5.82784e+08 -2.93796e+08
-5.80726e+08 -2.97402e+08
-5.78649e+08 -3.00997e+08
-5.76551e+08 -3.0458e+08
-5.74435e+08 -3.0815e+08
-5.72299e+08 -3.11709e+08
-5.70143e+08 -3.15255e+08
-5.67969e+08 -3.18789e+08
-5.65775e+08 -3.2231e+08
-5.63562e+08 -3.25818e+08
-5.6133e+08 -3.29314e+08
-5.5908e+08 -3.32797e+08
-5.5681e+08 -3.36267e+08
-5.54522e+08 -3.39724e+08
-5.52215e+08 -3.43168e+08
-5.4989e+08 -3.46598e+08
-5.47546e+08 -3.50015e+08
-5.45183e+08 -3.53419e+08
-5.42803e+08 -3.56809e+08
-5.40404e+08 -3.60186e+08
-5.37987e+08 -3.63549e+08
-5.35552e+08 -3.66898e+08
-5.33099e+08 -3.70233e+08
-5.30628e+08 -3.73553e+08
-5.28139e+08 -3.7686e+08
-5.25632e+08 -3.80153e+08
-5.23108e+08 -3.83431e+08
-5.20567e+08 -3.86695e+08
-5.18008e+08 -3.89944e+08
-5.15431e+08 -3.93179e+08
-5.12838e+08 -3.96399e+08
-5.10227e+08 -3.99604e+08
-5.07599e+08 -4.02794e+08
-5.04954e+08 -4.0597e+08
-5.02292e+08 -4.0913e+08
-4.99614e+08 -4.12275e+08
-4.96919e+08 -4.15405e+08
-4.94207e+08 -4.18519e+08
-4.91478e+08 -4.21618e+08
-4.88734e+08 -4.24702e+08
-4.85972e+08 -4.2777e+08
-4.83195e+08 -4.30822e+08
-4.80402e+08 -4.33858e+08
-4.77592e+08 -4.36879e+08
-4.74767e+08 -4.39884e+08
-4.71926e+08 -4.42873e+08
-4.69069e+08 -4.45845e+08
-4.66196e+08 -4.48802e+08
-4.63308e+08 -4.51742e+08
-4.60404e+08 -4.54666e+08
-4.57486e+08 -4.57573e+08
-4.54551e+08 -4.60464e+08
-4.51602e+08 -4.63338e+08
-4.48638e+08 -4.66196e+08
-4.45659e+08 -4.69037e+08
-4.42665e+08 -4.71861e+08
-4.39656e+08 -4.74669e+08
-4.36632e+08 -4.77459e+08
-4.33595e+08 -4.80232e+08
-4.30542e+08 -4.82988e+08
-4.27476e+08 -4.85727e+08
-4.24395e+08 -4.88449e+08
-4.213e+08 -4.91154e+08
-4.18191e+08 -4.93841e+08
-4.15068e+08 -4.9651e+08
-4.11931e+08 -4.99163e+08
-4.08781e+08 -5.01797e+08
-4.05617e+08 -5.04414e+08
-4.0244e+08 -5.07013e+08
-3.99249e+08 -5.09595e+08
-3.96045e+08 -5.12158e+08
-3.92828e+08 -5.14704e+08
-3.89598e+08 -5.17231e+08
-3.86355e+08 -5.19741e+08
-3.83099e+08 -5.22232e+08
-3.7983e+08 -5.24706e+08
-3.76549e+08 -5.27161e+08
-3.73255e+08 -5.29597e+08
-3.69949e+08 -5.32016e+08
-3.66631e+08 -5.34416e+08
-3.633e+08 -5.36797e+08
-3.59958e+08 -5.3916e+08
-3.56603e+08 -5.41505e+08
-3.53237e+08 -5.43831e+08
-3.49859e+08 -5.46138e+08
-3.46469e+08 -5.48426e+08
-3.43068e+08 -5.50696e+08
-3.39655e+08 -5.52946e+08
-3.36231e+08 -5.55178e+08
-3.32796e+08 -5.57391e+08
-3.2935e+08 -5.59585e+08
-3.25892e+08 -5.61759e+08
-3.22424e+08 -5.63915e+08
-3.18946e+08 -5.66052e+08
-3.15456e+08 -5.68169e+08
-3.11957e+08 -5.70267e+08
-3.08446e+08 -5.72346e+08
-3.04926e+08 -5.74405e+08
-3.01395e+08 -5.76445e+08
-2.97854e+08 -5.78466e+08
-2.94304e+08 -5.80467e+08
-2.90743e+08 -5.82448e+08
-2.87173e+08 -5.8441e+08
-2.83593e+08 -5.86353e+08
-2.80004e+08 -5.88276e+08
-2.76405e+08 -5.90179e+08
-2.72797e+08 -5.92062e+08
-2.6918e+08 -5.93926e+08
-2.65554e+08 -5.95769e+08
-2.61919e+08 -5.97593e+08
-2.58275e+08 -5.99398e+08
-2.54623e+08 -6.01182e+08
-2.50962e+08 -6.02946e+08
-2.47292e+08 -6.0469e+08
-2.43614e+08 -6.06414e+08
-2.39928e+08 -6.08119e+08
-2.36234e+08 -6.09803e+08
-2.32531e+08 -6.11467e+08
-2.28821e+08 -6.1311e+08
-2.25103e+08 -6.14734e+08
-2.21378e+08 -6.16338e+08
-2.17645e+08 -6.17921e+08
-2.13904e+08 -6.19484e+08
-2.10156e+08 -6.21026e+08
-2.06401e+08 -6.22549e+08
-2.02639e+08 -6.24051e+08
-1.9887e+08 -6.25532e+08
-1.95094e+08 -6.26994e+08
-1.91311e+08 -6.28434e+08
-1.87522e+08 -6.29855e+08
-1.83726e+08 -6.31255e+08
-1.79924e+08 -6.32634e+08
-1.76115e+08 -6.33993e+08
-1.723e+08 -6.35331e+08
-1.6848e+08 -6.36649e+08
-1.64653e+08 -6.37946e+08
-1.6082e+08 -6.39223e+08
-1.56982e+08 -6.40479e+08
-1.53138e+08 -6.41715e+08
-1.49289e+08 -6.42929e+08
-1.45434e+08 -6.44124e+08
-1.41574e+08 -6.45297e+08
-1.37709e+08 -6.4645e+08
-1.33839e+08 -6.47582e+08
-1.29964e+08 -6.48693e+08
-1.26084e+08 -6.49784e+08
-1.222e+08 -6.50854e+08
-1.18311e+08 -6.51903e+08
-1.14417e+08 -6.52931e+08
-1.10519e+08 -6.53939e+08
-1.06617e+08 -6.54926e+08
-1.02711e+08 -6.55892e+08
-9.88009e+07 -6.56837e+08
-9.48869e+07 -6.57761e+08
-9.0969e+07 -6.58665e+08
-8.70475e+07 -6.59548e+08
-8.31225e+07 -6.6041e+08
-7.9194e+07 -6.61251e+08
-7.52622e+07 -6.62071e+08
-7.13272e+07 -6.62871e+08
-6.73891e+07 -6.63649e+08
-6.3448e+07 -6.64407e+08
-5.9504e+07 -6.65144e+08
-5.55573e+07 -6.6586e+08
-5.16079e+07 -6.66555e+08
-4.76561e+07 -6.67229e+08
-4.37017e+07 -6.67883e+08
-3.97451e+07 -6.68515e+08
-3.57863e+07 -6.69127e+08
-3.18254e+07 -6.69718e+08
-2.78625e+07 -6.70288e+08
-2.38978e+07 -6.70837e+08
-1.99313e+07 -6.71365e+08
-1.59631e+07 -6.71873e+08
-1.19934e+07 -6.7236e+08
-8.02234e+06 -6.72826e+08
-4.04994e+06 -6.73271e+08
-76328.7 -6.73695e+08
3.89837e+06 -6.74098e+08
7.87405e+06 -6.74481e+08
