-0.0343928 12.44
-0.0687854 12.4398
-0.103178 12.4396
-0.137569 12.4393
-0.17196 12.4389
-0.20635 12.4384
-0.240738 12.4378
-0.275125 12.4371
-0.309511 12.4363
-0.343894 12.4355
-0.378276 12.4345
-0.412655 12.4335
-0.447032 12.4324
-0.481406 12.4311
-0.515778 12.4298
-0.550146 12.4284
-0.584511 12.4269
-0.618872 12.4253
-0.65323 12.4237
-0.687584 12.4219
-0.721934 12.42
-0.75628 12.4181
-0.790621 12.4161
-0.824957 12.4139
-0.859288 12.4117
-0.893615 12.4094
-0.927936 12.407
-0.962251 12.4045
-0.996561 12.4019
-1.03086 12.3993
-1.06516 12.3965
-1.09945 12.3937
-1.13374 12.3907
-1.16802 12.3877
-1.20229 12.3846
-1.23655 12.3814
-1.27081 12.3781
-1.30506 12.3747
-1.3393 12.3712
-1.37353 12.3676
-1.40776 12.3639
-1.44197 12.3602
-1.47618 12.3563
-1.51038 12.3524
-1.54457 12.3484
-1.57875 12.3443
-1.61292 12.3401
-1.64708 12.3358
-1.68123 12.3314
-1.71538 12.3269
-1.74951 12.3223
-1.78363 12.3177
-1.81774 12.3129
-1.85184 12.3081
-1.88593 12.3032
-1.92 12.2982
-1.95407 12.2931
-1.98812 12.2879
-2.02217 12.2826
-2.0562 12.2772
-2.09021 12.2717
-2.12422 12.2662
-2.15821 12.2605
-2.19219 12.2548
-2.22616 12.249
-2.26011 12.2431
-2.29405 12.237
-2.32797 12.231
-2.36189 12.2248
-2.39578 12.2185
-2.42967 12.2121
-2.46353 12.2057
-2.49739 12.1991
-2.53123 12.1925
-2.56505 12.1858
-2.59886 12.179
-2.63265 12.172
-2.66643 12.1651
-2.70019 12.158
-2.73393 12.1508
-2.76766 12.1435
-2.80137 12.1362
-2.83507 12.1287
-2.86874 12.1212
-2.9024 12.1136
-2.93605 12.1059
-2.96967 12.0981
-3.00328 12.0902
-3.03687 12.0822
-3.07044 12.0741
-3.10399 12.066
-3.13752 12.0577
-3.17104 12.0494
-3.20453 12.041
-3.23801 12.0325
-3.27146 12.0239
-3.3049 12.0152
-3.33832 12.0064
-3.37171 11.9975
-3.40509 11.9886
-3.43844 11.9795
-3.47178 11.9704
-3.50509 11.9611
-3.53838 11.9518
-3.57165 11.9424
-3.6049 11.9329
-3.63813 11.9234
-3.67134 11.9137
-3.70452 11.9039
-3.73768 11.8941
-3.77082 11.8841
-3.80393 11.8741
-3.83702 11.864
-3.87009 11.8538
-3.90314 11.8435
-3.93616 11.8331
-3.96915 11.8226
-4.00213 11.8121
-4.03508 11.8014
-4.068 11.7907
-4.1009 11.7799
-4.13377 11.769
-4.16662 11.758
-4.19945 11.7469
-4.23224 11.7357
-4.26502 11.7244
-4.29776 11.7131
-4.33048 11.7016
-4.36318 11.6901
-4.39584 11.6785
-4.42848 11.6668
-4.4611 11.655
-4.49368 11.6431
-4.52624 11.6312
-4.55877 11.6191
-4.59127 11.607
-4.62375 11.5947
-4.65619 11.5824
-4.68861 11.57
-4.721 11.5575
-4.75336 11.5449
-4.78569 11.5322
-4.81799 11.5195
-4.85026 11.5066
-4.8825 11.4937
-4.91471 11.4807
-4.94689 11.4676
-4.97905 11.4544
-5.01117 11.4411
-5.04325 11.4277
-5.07531 11.4143
-5.10734 11.4007
-5.13933 11.3871
-5.1713 11.3734
-5.20323 11.3596
-5.23513 11.3457
-5.267 11.3317
-5.29883 11.3177
-5.33063 11.3035
-5.3624 11.2893
-5.39414 11.2749
-5.42584 11.2605
-5.45751 11.246
-5.48914 11.2314
-5.52074 11.2168
-5.55231 11.202
-5.58384 11.1872
-5.61533 11.1722
-5.6468 11.1572
-5.67822 11.1421
-5.70961 11.1269
-5.74097 11.1117
-5.77229 11.0963
-5.80357 11.0809
-5.83482 11.0653
-5.86603 11.0497
-5.89721 11.034
-5.92835 11.0182
-5.95945 11.0023
-5.99051 10.9864
-6.02154 10.9703
-6.05252 10.9542
-6.08347 10.938
-6.11439 10.9217
-6.14526 10.9053
-6.1761 10.8888
-6.20689 10.8723
-6.23765 10.8556
-6.26837 10.8389
-6.29905 10.8221
-6.32969 10.8052
-6.36028 10.7882
-6.39084 10.7711
-6.42136 10.754
-6.45184 10.7368
-6.48228 10.7194
-6.51268 10.702
-6.54303 10.6845
-6.57335 10.667
-6.60362 10.6493
-6.63385 10.6316
-6.66404 10.6137
-6.69418 10.5958
-6.72429 10.5778
-6.75435 10.5598
-6.78437 10.5416
-6.81434 10.5233
-6.84428 10.505
-6.87416 10.4866
-6.90401 10.4681
-6.93381 10.4495
-6.96357 10.4309
-6.99328 10.4121
-7.02295 10.3933
-7.05257 10.3744
-7.08215 10.3554
-7.11168 10.3363
-7.14117 10.3171
-7.17061 10.2979
-7.2 10.2785
-7.22935 10.2591
-7.25866 10.2396
-7.28791 10.2201
-7.31712 10.2004
-7.34628 10.1807
-7.3754 10.1608
-7.40447 10.1409
-7.43349 10.1209
-7.46246 10.1009
-7.49138 10.0807
-7.52026 10.0605
-7.54909 10.0401
-7.57787 10.0197
-7.6066 9.99926
-7.63528 9.9787
-7.66391 9.95806
-7.69249 9.93733
-7.72102 9.91652
-7.7495 9.89563
-7.77793 9.87466
-7.80631 9.85361
-7.83464 9.83248
-7.86292 9.81126
-7.89115 9.78997
-7.91933 9.76859
-7.94745 9.74714
-7.97552 9.7256
-8.00354 9.70398
-8.03151 9.68228
-8.05943 9.66051
-8.08729 9.63865
-8.1151 9.61671
-8.14286 9.59469
-8.17057 9.57259
-8.19822 9.55041
-8.22581 9.52816
-8.25336 9.50582
-8.28084 9.4834
-8.30828 9.4609
-8.33566 9.43833
-8.36298 9.41567
-8.39025 9.39293
-8.41747 9.37012
-8.44462 9.34723
-8.47173 9.32426
-8.49877 9.3012
-8.52576 9.27807
-8.5527 9.25487
-8.57958 9.23158
-8.6064 9.20821
-8.63316 9.18477
-8.65987 9.16125
-8.68651 9.13765
-8.71311 9.11397
-8.73964 9.09022
-8.76611 9.06638
-8.79253 9.04247
-8.81889 9.01848
-8.84519 8.99441
-8.87143 8.97027
-8.89761 8.94605
-8.92373 8.92175
-8.94979 8.89738
-8.97579 8.87292
-9.00173 8.8484
-9.02761 8.82379
-9.05343 8.79911
-9.07919 8.77435
-9.10489 8.74951
-9.13052 8.7246
-9.1561 8.69961
-9.18161 8.67455
-9.20706 8.64941
-9.23245 8.6242
-9.25778 8.5989
-9.28304 8.57354
-9.30825 8.5481
-9.33338 8.52258
-9.35846 8.49699
-9.38347 8.47132
-9.40842 8.44557
-9.4333 8.41976
-9.45812 8.39386
-9.48288 8.3679
-9.50757 8.34186
-9.53219 8.31574
-9.55675 8.28955
-9.58125 8.26329
-9.60568 8.23695
-9.63004 8.21054
-9.65434 8.18405
-9.67857 8.15749
-9.70274 8.13086
-9.72684 8.10415
-9.75087 8.07737
-9.77484 8.05052
-9.79874 8.02359
-9.82257 7.99659
-9.84633 7.96952
-9.87002 7.94238
-9.89365 7.91516
-9.91721 7.88787
-9.9407 7.86051
-9.96412 7.83308
-9.98747 7.80557
-10.0108 7.778
-10.034 7.75035
-10.0571 7.72263
-10.0802 7.69484
-10.1032 7.66697
-10.1261 7.63904
-10.149 7.61104
-10.1718 7.58296
-10.1945 7.55481
-10.2171 7.5266
-10.2397 7.49831
-10.2622 7.46995
-10.2847 7.44152
-10.307 7.41303
-10.3293 7.38446
-10.3515 7.35582
-10.3737 7.32712
-10.3957 7.29834
-10.4177 7.26949
-10.4397 7.24058
-10.4615 7.2116
-10.4833 7.18254
-10.505 7.15342
-10.5266 7.12423
-10.5482 7.09498
-10.5697 7.06565
-10.5911 7.03626
-10.6124 7.00679
-10.6336 6.97726
-10.6548 6.94767
-10.6759 6.918
-10.6969 6.88827
-10.7179 6.85847
-10.7388 6.82861
-10.7596 6.79867
-10.7803 6.76867
-10.8009 6.73861
-10.8215 6.70848
-10.842 6.67828
-10.8624 6.64801
-10.8827 6.61768
-10.903 6.58729
-10.9231 6.55683
-10.9432 6.5263
-10.9633 6.49571
-10.9832 6.46505
-11.003 6.43433
-11.0228 6.40354
-11.0425 6.37269
-11.0621 6.34178
-11.0817 6.3108
-11.1011 6.27975
-11.1205 6.24865
-11.1398 6.21748
-11.159 6.18624
-11.1782 6.15494
-11.1972 6.12358
-11.2162 6.09216
-11.2351 6.06067
-11.2539 6.02912
-11.2726 5.99751
-11.2912 5.96584
-11.3098 5.9341
-11.3283 5.9023
-11.3467 5.87044
-11.365 5.83852
-11.3832 5.80654
-11.4013 5.7745
-11.4194 5.74239
-11.4374 5.71023
-11.4552 5.678
-11.473 5.64572
-11.4908 5.61337
-11.5084 5.58096
-11.5259 5.5485
-11.5434 5.51597
-11.5608 5.48338
-11.5781 5.45074
-11.5953 5.41803
-11.6124 5.38527
-11.6294 5.35245
-11.6463 5.31957
-11.6632 5.28663
-11.68 5.25364
-11.6966 5.22058
-11.7132 5.18747
-11.7297 5.1543
-11.7462 5.12107
-11.7625 5.08779
-11.7787 5.05445
-11.7949 5.02105
-11.8109 4.98759
-11.8269 4.95408
-11.8428 4.92052
-11.8586 4.88689
-11.8743 4.85322
-11.8899 4.81948
-11.9054 4.78569
-11.9208 4.75185
-11.9362 4.71795
-11.9514 4.68399
-11.9666 4.64999
-11.9816 4.61592
-11.9966 4.58181
-12.0115 4.54764
-12.0263 4.51341
-12.041 4.47913
-12.0556 4.4448
-12.0701 4.41042
-12.0845 4.37598
-12.0988 4.34149
-12.1131 4.30695
-12.1272 4.27236
-12.1413 4.23771
-12.1552 4.20302
-12.1691 4.16827
-12.1828 4.13347
-12.1965 4.09862
-12.2101 4.06372
-12.2236 4.02877
-12.237 3.99376
-12.2502 3.95871
-12.2634 3.92361
-12.2765 3.88846
-12.2895 3.85326
-12.3024 3.81801
-12.3153 3.78271
-12.328 3.74736
-12.3406 3.71196
-12.3531 3.67652
-12.3655 3.64103
-12.3778 3.60549
-12.3901 3.5699
-12.4022 3.53426
-12.4142 3.49858
-12.4262 3.46285
-12.438 3.42708
-12.4497 3.39125
-12.4614 3.35539
-12.4729 3.31947
-12.4844 3.28351
-12.4957 3.24751
-12.5069 3.21146
-12.5181 3.17536
-12.5291 3.13923
-12.5401 3.10304
-12.5509 3.06681
-12.5616 3.03054
-12.5723 2.99423
-12.5828 2.95787
-12.5933 2.92147
-12.6036 2.88502
-12.6138 2.84853
-12.624 2.81201
-12.634 2.77543
-12.6439 2.73882
-12.6538 2.70217
-12.6635 2.66547
-12.6731 2.62873
-12.6826 2.59195
-12.692 2.55513
-12.7013 2.51828
-12.7106 2.48138
-12.7197 2.44444
-12.7287 2.40746
-12.7376 2.37044
-12.7464 2.33339
-12.755 2.29629
-12.7636 2.25916
-12.7721 2.22199
-12.7805 2.18478
-12.7888 2.14753
-12.7969 2.11024
-12.805 2.07292
-12.8129 2.03557
-12.8208 1.99817
-12.8285 1.96074
-12.8362 1.92327
-12.8437 1.88577
-12.8511 1.84823
-12.8584 1.81066
-12.8657 1.77305
-12.8728 1.73541
-12.8798 1.69773
-12.8866 1.66002
-12.8934 1.62228
-12.9001 1.5845
-12.9067 1.54669
-12.9131 1.50884
-12.9195 1.47097
-12.9257 1.43306
-12.9318 1.39512
-12.9379 1.35715
-12.9438 1.31914
-12.9496 1.28111
-12.9553 1.24304
-12.9609 1.20495
-12.9663 1.16682
-12.9717 1.12867
-12.977 1.09048
-12.9821 1.05226
-12.9872 1.01402
-12.9921 0.975748
-12.9969 0.937447
-13.0016 0.899118
-13.0062 0.860761
-13.0107 0.822376
-13.0151 0.783965
-13.0193 0.745526
-13.0235 0.707061
-13.0275 0.668569
-13.0314 0.630052
-13.0352 0.591509
-13.0389 0.55294
-13.0425 0.514346
-13.046 0.475728
-13.0494 0.437086
-13.0526 0.398419
-13.0558 0.359728
-13.0588 0.321014
-13.0617 0.282277
-13.0645 0.243517
-13.0672 0.204734
-13.0698 0.16593
-13.0722 0.127103
-13.0746 0.088255
-13.0768 0.0493856
-13.0789 0.0104953
-13.0809 -0.0284155
-13.0828 -0.0673467
-13.0846 -0.106298
-13.0862 -0.145268
-13.0878 -0.184258
-13.0892 -0.223267
-13.0905 -0.262295
-13.0917 -0.301341
-13.0928 -0.340404
-13.0937 -0.379486
-13.0946 -0.418584
-13.0953 -0.4577
-13.0959 -0.496832
-13.0964 -0.535981
-13.0968 -0.575145
-13.0971 -0.614325
-13.0972 -0.653521
-13.0973 -0.692731
-13.0972 -0.731956
-13.097 -0.771195
-13.0967 -0.810448
-13.0962 -0.849715
-13.0957 -0.888994
-13.095 -0.928287
-13.0942 -0.967592
-13.0933 -1.00691
-13.0923 -1.04624
-13.0911 -1.08558
-13.0899 -1.12493
-13.0885 -1.16429
-13.087 -1.20367
-13.0854 -1.24305
-13.0837 -1.28244
-13.0818 -1.32185
-13.0798 -1.36126
-13.0777 -1.40068
-13.0755 -1.44011
-13.0732 -1.47954
-13.0708 -1.51899
-13.0682 -1.55844
-13.0655 -1.59789
-13.0627 -1.63736
-13.0598 -1.67683
-13.0567 -1.71631
-13.0536 -1.75579
-13.0503 -1.79528
-13.0469 -1.83477
-13.0433 -1.87426
-13.0397 -1.91376
-13.0359 -1.95327
-13.032 -1.99277
-13.028 -2.03228
-13.0239 -2.07179
-13.0196 -2.11131
-13.0153 -2.15082
-13.0108 -2.19034
-13.0061 -2.22986
-13.0014 -2.26938
-12.9966 -2.3089
-12.9916 -2.34842
-12.9865 -2.38794
-12.9813 -2.42745
-12.9759 -2.46697
-12.9704 -2.50649
-12.9649 -2.546
-12.9591 -2.58551
-12.9533 -2.62502
-12.9474 -2.66452
-12.9413 -2.70402
-12.9351 -2.74352
-12.9288 -2.78301
-12.9223 -2.8225
-12.9158 -2.86198
-12.9091 -2.90146
-12.9023 -2.94093
-12.8953 -2.9804
-12.8883 -3.01986
-12.8811 -3.05931
-12.8738 -3.09875
-12.8664 -3.13819
-12.8588 -3.17762
-12.8511 -3.21704
-12.8433 -3.25645
-12.8354 -3.29585
-12.8274 -3.33524
-12.8192 -3.37462
-12.8109 -3.41399
-12.8025 -3.45335
-12.794 -3.4927
-12.7853 -3.53204
-12.7765 -3.57136
-12.7676 -3.61068
-12.7586 -3.64998
-12.7495 -3.68926
-12.7402 -3.72853
-12.7308 -3.76779
-12.7213 -3.80704
-12.7116 -3.84626
-12.7018 -3.88548
-12.6919 -3.92467
-12.6819 -3.96385
-12.6718 -4.00302
-12.6615 -4.04217
-12.6511 -4.0813
-12.6406 -4.12041
-12.6299 -4.1595
-12.6192 -4.19858
-12.6083 -4.23763
-12.5973 -4.27667
-12.5861 -4.31569
-12.5749 -4.35468
-12.5635 -4.39366
-12.552 -4.43261
-12.5403 -4.47155
-12.5286 -4.51046
-12.5167 -4.54935
-12.5047 -4.58821
-12.4925 -4.62706
-12.4803 -4.66587
-12.4679 -4.70467
-12.4554 -4.74344
-12.4428 -4.78219
-12.43 -4.82091
-12.4171 -4.8596
-12.4041 -4.89827
-12.391 -4.93691
-12.3777 -4.97553
-12.3643 -5.01411
-12.3508 -5.05267
-12.3372 -5.0912
-12.3235 -5.12971
-12.3096 -5.16818
-12.2956 -5.20663
-12.2814 -5.24504
-12.2672 -5.28342
-12.2528 -5.32178
-12.2383 -5.3601
-12.2237 -5.39839
-12.2089 -5.43665
-12.1941 -5.47487
-12.1791 -5.51306
-12.1639 -5.55122
-12.1487 -5.58935
-12.1333 -5.62744
-12.1178 -5.6655
-12.1022 -5.70352
-12.0865 -5.7415
-12.0706 -5.77945
-12.0546 -5.81736
-12.0385 -5.85524
-12.0222 -5.89308
-12.0059 -5.93088
-11.9894 -5.96864
-11.9728 -6.00637
-11.956 -6.04406
-11.9392 -6.0817
-11.9222 -6.11931
-11.9051 -6.15687
-11.8879 -6.1944
-11.8705 -6.23188
-11.853 -6.26932
-11.8354 -6.30673
-11.8177 -6.34408
-11.7998 -6.3814
-11.7819 -6.41867
-11.7638 -6.4559
-11.7455 -6.49308
-11.7272 -6.53022
-11.7087 -6.56731
-11.6901 -6.60436
-11.6714 -6.64136
-11.6526 -6.67832
-11.6336 -6.71522
-11.6146 -6.75209
-11.5953 -6.7889
-11.576 -6.82566
-11.5566 -6.86238
-11.537 -6.89905
-11.5173 -6.93567
-11.4975 -6.97223
-11.4776 -7.00875
-11.4575 -7.04522
-11.4373 -7.08163
-11.417 -7.11799
-11.3966 -7.1543
-11.376 -7.19056
-11.3554 -7.22677
-11.3346 -7.26292
-11.3137 -7.29902
-11.2926 -7.33506
-11.2715 -7.37105
-11.2502 -7.40698
-11.2288 -7.44286
-11.2073 -7.47868
-11.1856 -7.51444
-11.1639 -7.55015
-11.142 -7.5858
-11.12 -7.62139
-11.0979 -7.65692
-11.0756 -7.6924
-11.0533 -7.72781
-11.0308 -7.76317
-11.0082 -7.79846
-10.9855 -7.8337
-10.9626 -7.86887
-10.9397 -7.90398
-10.9166 -7.93903
-10.8934 -7.97402
-10.8701 -8.00894
-10.8466 -8.0438
-10.8231 -8.0786
-10.7994 -8.11333
-10.7756 -8.148
-10.7517 -8.1826
-10.7277 -8.21714
-10.7036 -8.25161
-10.6793 -8.28602
-10.6549 -8.32035
-10.6304 -8.35462
-10.6058 -8.38883
-10.5811 -8.42296
-10.5562 -8.45703
-10.5312 -8.49102
-10.5062 -8.52495
-10.481 -8.55881
-10.4557 -8.59259
-10.4302 -8.62631
-10.4047 -8.65996
-10.379 -8.69353
-10.3532 -8.72703
-10.3273 -8.76046
-10.3013 -8.79381
-10.2752 -8.82709
-10.249 -8.8603
-10.2226 -8.89343
-10.1961 -8.92649
-10.1696 -8.95947
-10.1429 -8.99238
-10.1161 -9.02521
-10.0891 -9.05796
-10.0621 -9.09064
-10.0349 -9.12324
-10.0077 -9.15576
-9.9803 -9.1882
-9.95281 -9.22057
-9.92521 -9.25285
-9.8975 -9.28506
-9.86967 -9.31718
-9.84173 -9.34923
-9.81368 -9.38119
-9.78552 -9.41307
-9.75725 -9.44487
-9.72887 -9.47659
-9.70038 -9.50823
-9.67177 -9.53978
-9.64306 -9.57125
-9.61423 -9.60263
-9.5853 -9.63393
-9.55626 -9.66515
-9.52711 -9.69628
-9.49784 -9.72732
-9.46847 -9.75828
-9.439 -9.78915
-9.40941 -9.81993
-9.37972 -9.85063
-9.34991 -9.88124
-9.32 -9.91176
-9.28999 -9.94219
-9.25986 -9.97254
-9.22963 -10.0028
-9.19929 -10.033
-9.16885 -10.063
-9.1383 -10.093
-9.10764 -10.1229
-9.07688 -10.1527
-9.04602 -10.1824
-9.01505 -10.212
-8.98397 -10.2415
-8.95279 -10.271
-8.92151 -10.3003
-8.89012 -10.3295
-8.85863 -10.3587
-8.82703 -10.3877
-8.79534 -10.4167
-8.76354 -10.4455
-8.73164 -10.4743
-8.69963 -10.503
-8.66753 -10.5315
-8.63532 -10.56
-8.60301 -10.5884
-8.5706 -10.6167
-8.53809 -10.6448
-8.50548 -10.6729
-8.47277 -10.7009
-8.43996 -10.7288
-8.40705 -10.7565
-8.37404 -10.7842
-8.34094 -10.8118
-8.30773 -10.8393
-8.27443 -10.8666
-8.24103 -10.8939
-8.20753 -10.9211
-8.17393 -10.9481
-8.14024 -10.9751
-8.10645 -11.002
-8.07256 -11.0287
-8.03858 -11.0554
-8.00451 -11.0819
-7.97034 -11.1083
-7.93607 -11.1347
-7.90171 -11.1609
-7.86725 -11.187
-7.83271 -11.213
-7.79806 -11.2389
-7.76333 -11.2647
-7.7285 -11.2904
-7.69358 -11.316
-7.65857 -11.3414
-7.62346 -11.3668
-7.58827 -11.3921
-7.55298 -11.4172
-7.51761 -11.4422
-7.48214 -11.4671
-7.44658 -11.492
-7.41093 -11.5166
-7.3752 -11.5412
-7.33937 -11.5657
-7.30346 -11.5901
-7.26746 -11.6143
-7.23137 -11.6384
-7.1952 -11.6625
-7.15893 -11.6864
-7.12258 -11.7101
-7.08615 -11.7338
-7.04963 -11.7574
-7.01302 -11.7808
-6.97633 -11.8042
-6.93955 -11.8274
-6.90269 -11.8505
-6.86575 -11.8734
-6.82872 -11.8963
-6.79161 -11.919
-6.75441 -11.9417
-6.71714 -11.9642
-6.67978 -11.9866
-6.64234 -12.0088
-6.60482 -12.031
-6.56722 -12.053
-6.52954 -12.0749
-6.49178 -12.0967
-6.45394 -12.1184
-6.41602 -12.1399
-6.37802 -12.1613
-6.33994 -12.1826
-6.30179 -12.2038
-6.26356 -12.2249
-6.22525 -12.2458
-6.18687 -12.2666
-6.14841 -12.2873
-6.10987 -12.3079
-0.0343928 12.44
-0.0687854 12.4398
-0.103178 12.4396
-0.137569 12.4393
-0.17196 12.4389
-0.20635 12.4384
-0.240738 12.4378
-0.275125 12.4371
-0.309511 12.4363
-0.343894 12.4355
-0.378276 12.4345
-0.412655 12.4335
-0.447032 12.4324
-0.481406 12.4311
-0.515778 12.4298
-0.550146 12.4284
-0.584511 12.4269
-0.618872 12.4253
-0.65323 12.4237
-0.687584 12.4219
-0.721934 12.42
-0.75628 12.4181
-0.790621 12.4161
-0.824957 12.4139
-0.859288 12.4117
-0.893615 12.4094
-0.927936 12.407
-0.962251 12.4045
-0.996561 12.4019
-1.03086 12.3993
-1.06516 12.3965
-1.09945 12.3937
-1.13374 12.3907
-1.16802 12.3877
-1.20229 12.3846
-1.23655 12.3814
-1.27081 12.3781
-1.30506 12.3747
-1.3393 12.3712
-1.37353 12.3676
-1.40776 12.3639
-1.44197 12.3602
-1.47618 12.3563
-1.51038 12.3524
-1.54457 12.3484
-1.57875 12.3443
-1.61292 12.3401
-1.64708 12.3358
-1.68123 12.3314
-1.71538 12.3269
-1.74951 12.3223
-1.78363 12.3177
-1.81774 12.3129
-1.85184 12.3081
-1.88593 12.3032
-1.92 12.2982
-1.95407 12.2931
-1.98812 12.2879
-2.02217 12.2826
-2.0562 12.2772
-2.09021 12.2717
-2.12422 12.2662
-2.15821 12.2605
-2.19219 12.2548
-2.22616 12.249
-2.26011 12.2431
-2.29405 12.237
-2.32797 12.231
-2.36189 12.2248
-2.39578 12.2185
-2.42967 12.2121
-2.46353 12.2057
-2.49739 12.1991
-2.53123 12.1925
-2.56505 12.1858
-2.59886 12.179
-2.63265 12.172
-2.66643 12.1651
-2.70019 12.158
-2.73393 12.1508
-2.76766 12.1435
-2.80137 12.1362
-2.83507 12.1287
-2.86874 12.1212
-2.9024 12.1136
-2.93605 12.1059
-2.96967 12.0981
-3.00328 12.0902
-3.03687 12.0822
-3.07044 12.0741
-3.10399 12.066
-3.13752 12.0577
-3.17104 12.0494
-3.20453 12.041
-3.23801 12.0325
-3.27146 12.0239
-3.3049 12.0152
-3.33832 12.0064
-3.37171 11.9975
-3.40509 11.9886
-3.43844 11.9795
-3.47178 11.9704
-3.50509 11.9611
-3.53838 11.9518
-3.57165 11.9424
-3.6049 11.9329
-3.63813 11.9234
-3.67134 11.9137
-3.70452 11.9039
-3.73768 11.8941
-3.77082 11.8841
-3.80393 11.8741
-3.83702 11.864
-3.87009 11.8538
-3.90314 11.8435
-3.93616 11.8331
-3.96915 11.8226
-4.00213 11.8121
-4.03508 11.8014
-4.068 11.7907
-4.1009 11.7799
-4.13377 11.769
-4.16662 11.758
-4.19945 11.7469
-4.23224 11.7357
-4.26502 11.7244
-4.29776 11.7131
-4.33048 11.7016
-4.36318 11.6901
-4.39584 11.6785
-4.42848 11.6668
-4.4611 11.655
-4.49368 11.6431
-4.52624 11.6312
-4.55877 11.6191
-4.59127 11.607
-4.62375 11.5947
-4.65619 11.5824
-4.68861 11.57
-4.721 11.5575
-4.75336 11.5449
-4.78569 11.5322
-4.81799 11.5195
-4.85026 11.5066
-4.8825 11.4937
-4.91471 11.4807
-4.94689 11.4676
-4.97905 11.4544
-5.01117 11.4411
-5.04325 11.4277
-5.07531 11.4143
-5.10734 11.4007
-5.13933 11.3871
-5.1713 11.3734
-5.20323 11.3596
-5.23513 11.3457
-5.267 11.3317
-5.29883 11.3177
-5.33063 11.3035
-5.3624 11.2893
-5.39414 11.2749
-5.42584 11.2605
-5.45751 11.246
-5.48914 11.2314
-5.52074 11.2168
-5.55231 11.202
-5.58384 11.1872
-5.61533 11.1722
-5.6468 11.1572
-5.67822 11.1421
-5.70961 11.1269
-5.74097 11.1117
-5.77229 11.0963
-5.80357 11.0809
-5.83482 11.0653
-5.86603 11.0497
-5.89721 11.034
-5.92835 11.0182
-5.95945 11.0023
-5.99051 10.9864
-6.02154 10.9703
-6.05252 10.9542
-6.08347 10.938
-6.11439 10.9217
-6.14526 10.9053
-6.1761 10.8888
-6.20689 10.8723
-6.23765 10.8556
-6.26837 10.8389
-6.29905 10.8221
-6.32969 10.8052
-6.36028 10.7882
-6.39084 10.7711
-6.42136 10.754
-6.45184 10.7368
-6.48228 10.7194
-6.51268 10.702
-6.54303 10.6845
-6.57335 10.667
-6.60362 10.6493
-6.63385 10.6316
-6.66404 10.6137
-6.69418 10.5958
-6.72429 10.5778
-6.75435 10.5598
-6.78437 10.5416
-6.81434 10.5233
-6.84428 10.505
-6.87416 10.4866
-6.90401 10.4681
-6.93381 10.4495
-6.96357 10.4309
-6.99328 10.4121
-7.02295 10.3933
-7.05257 10.3744
-7.08215 10.3554
-7.11168 10.3363
-7.14117 10.3171
-7.17061 10.2979
-7.2 10.2785
-7.22935 10.2591
-7.25866 10.2396
-7.28791 10.2201
-7.31712 10.2004
-7.34628 10.1807
-7.3754 10.1608
-7.40447 10.1409
-7.43349 10.1209
-7.46246 10.1009
-7.49138 10.0807
-7.52026 10.0605
-7.54909 10.0401
-7.57787 10.0197
-7.6066 9.99926
-7.63528 9.9787
-7.66391 9.95806
-7.69249 9.93733
-7.72102 9.91652
-7.7495 9.89563
-7.77793 9.87466
-7.80631 9.85361
-7.83464 9.83248
-7.86292 9.81126
-7.89115 9.78997
-7.91933 9.76859
-7.94745 9.74714
-7.97552 9.7256
-8.00354 9.70398
-8.03151 9.68228
-8.05943 9.66051
-8.08729 9.63865
-8.1151 9.61671
-8.14286 9.59469
-8.17057 9.57259
-8.19822 9.55041
-8.22581 9.52816
-8.25336 9.50582
-8.28084 9.4834
-8.30828 9.4609
-8.33566 9.43833
-8.36298 9.41567
-8.39025 9.39293
-8.41747 9.37012
-8.44462 9.34723
-8.47173 9.32426
-8.49877 9.3012
-8.52576 9.27807
-8.5527 9.25487
-8.57958 9.23158
-8.6064 9.20821
-8.63316 9.18477
-8.65987 9.16125
-8.68651 9.13765
-8.71311 9.11397
-8.73964 9.09022
-8.76611 9.06638
-8.79253 9.04247
-8.81889 9.01848
-8.84519 8.99441
-8.87143 8.97027
-8.89761 8.94605
-8.92373 8.92175
-8.94979 8.89738
-8.97579 8.87292
-9.00173 8.8484
-9.02761 8.82379
-9.05343 8.79911
-9.07919 8.77435
-9.10489 8.74951
-9.13052 8.7246
-9.1561 8.69961
-9.18161 8.67455
-9.20706 8.64941
-9.23245 8.6242
-9.25778 8.5989
-9.28304 8.57354
-9.30825 8.5481
-9.33338 8.52258
-9.35846 8.49699
-9.38347 8.47132
-9.40842 8.44557
-9.4333 8.41976
-9.45812 8.39386
-9.48288 8.3679
-9.50757 8.34186
-9.53219 8.31574
-9.55675 8.28955
-9.58125 8.26329
-9.60568 8.23695
-9.63004 8.21054
-9.65434 8.18405
-9.67857 8.15749
-9.70274 8.13086
-9.72684 8.10415
-9.75087 8.07737
-9.77484 8.05052
-9.79874 8.02359
-9.82257 7.99659
-9.84633 7.96952
-9.87002 7.94238
-9.89365 7.91516
-9.91721 7.88787
-9.9407 7.86051
-9.96412 7.83308
-9.98747 7.80557
-10.0108 7.778
-10.034 7.75035
-10.0571 7.72263
-10.0802 7.69484
-10.1032 7.66697
-10.1261 7.63904
-10.149 7.61104
-10.1718 7.58296
-10.1945 7.55481
-10.2171 7.5266
-10.2397 7.49831
-10.2622 7.46995
-10.2847 7.44152
-10.307 7.41303
-10.3293 7.38446
-10.3515 7.35582
-10.3737 7.32712
-10.3957 7.29834
-10.4177 7.26949
-10.4397 7.24058
-10.4615 7.2116
-10.4833 7.18254
-10.505 7.15342
-10.5266 7.12423
-10.5482 7.09498
-10.5697 7.06565
-10.5911 7.03626
-10.6124 7.00679
-10.6336 6.97726
-10.6548 6.94767
-10.6759 6.918
-10.6969 6.88827
-10.7179 6.85847
-10.7388 6.82861
-10.7596 6.79867
-10.7803 6.76867
-10.8009 6.73861
-10.8215 6.70848
-10.842 6.67828
-10.8624 6.64801
-10.8827 6.61768
-10.903 6.58729
-10.9231 6.55683
-10.9432 6.5263
-10.9633 6.49571
-10.9832 6.46505
-11.003 6.43433
-11.0228 6.40354
-11.0425 6.37269
-11.0621 6.34178
-11.0817 6.3108
-11.1011 6.27975
-11.1205 6.24865
-11.1398 6.21748
-11.159 6.18624
-11.1782 6.15494
-11.1972 6.12358
-11.2162 6.09216
-11.2351 6.06067
-11.2539 6.02912
-11.2726 5.99751
-11.2912 5.96584
-11.3098 5.9341
-11.3283 5.9023
-11.3467 5.87044
-11.365 5.83852
-11.3832 5.80654
-11.4013 5.7745
-11.4194 5.74239
-11.4374 5.71023
-11.4552 5.678
-11.473 5.64572
-11.4908 5.61337
-11.5084 5.58096
-11.5259 5.5485
-11.5434 5.51597
-11.5608 5.48338
-11.5781 5.45074
-11.5953 5.41803
-11.6124 5.38527
-11.6294 5.35245
-11.6463 5.31957
-11.6632 5.28663
-11.68 5.25364
-11.6966 5.22058
-11.7132 5.18747
-11.7297 5.1543
-11.7462 5.12107
-11.7625 5.08779
-11.7787 5.05445
-11.7949 5.02105
-11.8109 4.98759
-11.8269 4.95408
-11.8428 4.92052
-11.8586 4.88689
-11.8743 4.85322
-11.8899 4.81948
-11.9054 4.78569
-11.9208 4.75185
-11.9362 4.71795
-11.9514 4.68399
-11.9666 4.64999
-11.9816 4.61592
-11.9966 4.58181
-12.0115 4.54764
-12.0263 4.51341
-12.041 4.47913
-12.0556 4.4448
-12.0701 4.41042
-12.0845 4.37598
-12.0988 4.34149
-12.1131 4.30695
-12.1272 4.27236
-12.1413 4.23771
-12.1552 4.20302
-12.1691 4.16827
-12.1828 4.13347
-12.1965 4.09862
-12.2101 4.06372
-12.2236 4.02877
-12.237 3.99376
-12.2502 3.95871
-12.2634 3.92361
-12.2765 3.88846
-12.2895 3.85326
-12.3024 3.81801
-12.3153 3.78271
-12.328 3.74736
-12.3406 3.71196
-12.3531 3.67652
-12.3655 3.64103
-12.3778 3.60549
-12.3901 3.5699
-12.4022 3.53426
-12.4142 3.49858
-12.4262 3.46285
-12.438 3.42708
-12.4497 3.39125
-12.4614 3.35539
-12.4729 3.31947
-12.4844 3.28351
-12.4957 3.24751
-12.5069 3.21146
-12.5181 3.17536
-12.5291 3.13923
-12.5401 3.10304
-12.5509 3.06681
-12.5616 3.03054
-12.5723 2.99423
-12.5828 2.95787
-12.5933 2.92147
-12.6036 2.88502
-12.6138 2.84853
-12.624 2.81201
-12.634 2.77543
-12.6439 2.73882
-12.6538 2.70217
-12.6635 2.66547
-12.6731 2.62873
-12.6826 2.59195
-12.692 2.55513
-12.7013 2.51828
-12.7106 2.48138
-12.7197 2.44444
-12.7287 2.40746
-12.7376 2.37044
-12.7464 2.33339
-12.755 2.29629
-12.7636 2.25916
-12.7721 2.22199
-12.7805 2.18478
-12.7888 2.14753
-12.7969 2.11024
-12.805 2.07292
-12.8129 2.03557
-12.8208 1.99817
-12.8285 1.96074
-12.8362 1.92327
-12.8437 1.88577
-12.8511 1.84823
-12.8584 1.81066
-12.8657 1.77305
-12.8728 1.73541
-12.8798 1.69773
-12.8866 1.66002
-12.8934 1.62228
-12.9001 1.5845
-12.9067 1.54669
-12.9131 1.50884
-12.9195 1.47097
-12.9257 1.43306
-12.9318 1.39512
-12.9379 1.35715
-12.9438 1.31914
-12.9496 1.28111
-12.9553 1.24304
-12.9609 1.20495
-12.9663 1.16682
-12.9717 1.12867
-12.977 1.09048
-12.9821 1.05226
-12.9872 1.01402
-12.9921 0.975748
-12.9969 0.937447
-13.0016 0.899118
-13.0062 0.860761
-13.0107 0.822376
-13.0151 0.783965
-13.0193 0.745526
-13.0235 0.707061
-13.0275 0.668569
-13.0314 0.630052
-13.0352 0.591509
-13.0389 0.55294
-13.0425 0.514346
-13.046 0.475728
-13.0494 0.437086
-13.0526 0.398419
-13.0558 0.359728
-13.0588 0.321014
-13.0617 0.282277
-13.0645 0.243517
-13.0672 0.204734
-13.0698 0.16593
-13.0722 0.127103
-13.0746 0.088255
-13.0768 0.0493856
-13.0789 0.0104953
-13.0809 -0.0284155
-13.0828 -0.0673467
-13.0846 -0.106298
-13.0862 -0.145268
-13.0878 -0.184258
-13.0892 -0.223267
-13.0905 -0.262295
-13.0917 -0.301341
-13.0928 -0.340404
-13.0937 -0.379486
-13.0946 -0.418584
-13.0953 -0.4577
-13.0959 -0.496832
-13.0964 -0.535981
-13.0968 -0.575145
-13.0971 -0.614325
-13.0972 -0.653521
-13.0973 -0.692731
-13.0972 -0.731956
-13.097 -0.771195
-13.0967 -0.810448
-13.0962 -0.849715
-13.0957 -0.888994
-13.095 -0.928287
-13.0942 -0.967592
-13.0933 -1.00691
-13.0923 -1.04624
-13.0911 -1.08558
-13.0899 -1.12493
-13.0885 -1.16429
-13.087 -1.20367
-13.0854 -1.24305
-13.0837 -1.28244
-13.0818 -1.32185
-13.0798 -1.36126
-13.0777 -1.40068
-13.0755 -1.44011
-13.0732 -1.47954
-13.0708 -1.51899
-13.0682 -1.55844
-13.0655 -1.59789
-13.0627 -1.63736
-13.0598 -1.67683
-13.0567 -1.71631
-13.0536 -1.75579
-13.0503 -1.79528
-13.0469 -1.83477
-13.0433 -1.87426
-13.0397 -1.91376
-13.0359 -1.95327
-13.032 -1.99277
-13.028 -2.03228
-13.0239 -2.07179
-13.0196 -2.11131
-13.0153 -2.15082
-13.0108 -2.19034
-13.0061 -2.22986
-13.0014 -2.26938
-12.9966 -2.3089
-12.9916 -2.34842
-12.9865 -2.38794
-12.9813 -2.42745
-12.9759 -2.46697
-12.9704 -2.50649
-12.9649 -2.546
-12.9591 -2.58551
-12.9533 -2.62502
-12.9474 -2.66452
-12.9413 -2.70402
-12.9351 -2.74352
-12.9288 -2.78301
-12.9223 -2.8225
-12.9158 -2.86198
-12.9091 -2.90146
-12.9023 -2.94093
-12.8953 -2.9804
-12.8883 -3.01986
-12.8811 -3.05931
-12.8738 -3.09875
-12.8664 -3.13819
-12.8588 -3.17762
-12.8511 -3.21704
-12.8433 -3.25645
-12.8354 -3.29585
-12.8274 -3.33524
-12.8192 -3.37462
-12.8109 -3.41399
-12.8025 -3.45335
-12.794 -3.4927
-12.7853 -3.53204
-12.7765 -3.57136
-12.7676 -3.61068
-12.7586 -3.64998
-12.7495 -3.68926
-12.7402 -3.72853
-12.7308 -3.76779
-12.7213 -3.80704
-12.7116 -3.84626
-12.7018 -3.88548
-12.6919 -3.92467
-12.6819 -3.96385
-12.6718 -4.00302
-12.6615 -4.04217
-12.6511 -4.0813
-12.6406 -4.12041
-12.6299 -4.1595
-12.6192 -4.19858
-12.6083 -4.23763
-12.5973 -4.27667
-12.5861 -4.31569
-12.5749 -4.35468
-12.5635 -4.39366
-12.552 -4.43261
-12.5403 -4.47155
-12.5286 -4.51046
-12.5167 -4.54935
-12.5047 -4.58821
-12.4925 -4.62706
-12.4803 -4.66587
-12.4679 -4.70467
-12.4554 -4.74344
-12.4428 -4.78219
-12.43 -4.82091
-12.4171 -4.8596
-12.4041 -4.89827
-12.391 -4.93691
-12.3777 -4.97553
-12.3643 -5.01411
-12.3508 -5.05267
-12.3372 -5.0912
-12.3235 -5.12971
-12.3096 -5.16818
-12.2956 -5.20663
-12.2814 -5.24504
-12.2672 -5.28342
-12.2528 -5.32178
-12.2383 -5.3601
-12.2237 -5.39839
-12.2089 -5.43665
-12.1941 -5.47487
-12.1791 -5.51306
-12.1639 -5.55122
-12.1487 -5.58935
-12.1333 -5.62744
-12.1178 -5.6655
-12.1022 -5.70352
-12.0865 -5.7415
-12.0706 -5.77945
-12.0546 -5.81736
-12.0385 -5.85524
-12.0222 -5.89308
-12.0059 -5.93088
-11.9894 -5.96864
-11.9728 -6.00637
-11.956 -6.04406
-11.9392 -6.0817
-11.9222 -6.11931
-11.9051 -6.15687
-11.8879 -6.1944
-11.8705 -6.23188
-11.853 -6.26932
-11.8354 -6.30673
-11.8177 -6.34408
-11.7998 -6.3814
-11.7819 -6.41867
-11.7638 -6.4559
-11.7455 -6.49308
-11.7272 -6.53022
-11.7087 -6.56731
-11.6901 -6.60436
-11.6714 -6.64136
-11.6526 -6.67832
-11.6336 -6.71522
-11.6146 -6.75209
-11.5953 -6.7889
-11.576 -6.82566
-11.5566 -6.86238
-11.537 -6.89905
-11.5173 -6.93567
-11.4975 -6.97223
-11.4776 -7.00875
-11.4575 -7.04522
-11.4373 -7.08163
-11.417 -7.11799
-11.3966 -7.1543
-11.376 -7.19056
-11.3554 -7.22677
-11.3346 -7.26292
-11.3137 -7.29902
-11.2926 -7.33506
-11.2715 -7.37105
-11.2502 -7.40698
-11.2288 -7.44286
-11.2073 -7.47868
-11.1856 -7.51444
-11.1639 -7.55015
-11.142 -7.5858
-11.12 -7.62139
-11.0979 -7.65692
-11.0756 -7.6924
-11.0533 -7.72781
-11.0308 -7.76317
-11.0082 -7.79846
-10.9855 -7.8337
-10.9626 -7.86887
-10.9397 -7.90398
-10.9166 -7.93903
-10.8934 -7.97402
-10.8701 -8.00894
-10.8466 -8.0438
-10.8231 -8.0786
-10.7994 -8.11333
-10.7756 -8.148
-10.7517 -8.1826
-10.7277 -8.21714
-10.7036 -8.25161
-10.6793 -8.28602
-10.6549 -8.32035
-10.6304 -8.35462
-10.6058 -8.38883
-10.5811 -8.42296
-10.5562 -8.45703
-10.5312 -8.49102
-10.5062 -8.52495
-10.481 -8.55881
-10.4557 -8.59259
-10.4302 -8.62631
-10.4047 -8.65996
-10.379 -8.69353
-10.3532 -8.72703
-10.3273 -8.76046
-10.3013 -8.79381
-10.2752 -8.82709
-10.249 -8.8603
-10.2226 -8.89343
-10.1961 -8.92649
-10.1696 -8.95947
-10.1429 -8.99238
-10.1161 -9.02521
-10.0891 -9.05796
-10.0621 -9.09064
-10.0349 -9.12324
-10.0077 -9.15576
-9.9803 -9.1882
-9.95281 -9.22057
-9.92521 -9.25285
-9.8975 -9.28506
-9.86967 -9.31718
-9.84173 -9.34923
-9.81368 -9.38119
-9.78552 -9.41307
-9.75725 -9.44487
-9.72887 -9.47659
-9.70038 -9.50823
-9.67177 -9.53978
-9.64306 -9.57125
-9.61423 -9.60263
-9.5853 -9.63393
-9.55626 -9.66515
-9.52711 -9.69628
-9.49784 -9.72732
-9.46847 -9.75828
-9.439 -9.78915
-9.40941 -9.81993
-9.37972 -9.85063
-9.34991 -9.88124
-9.32 -9.91176
-9.28999 -9.94219
-9.25986 -9.97254
-9.22963 -10.0028
-9.19929 -10.033
-9.16885 -10.063
-9.1383 -10.093
-9.10764 -10.1229
-9.07688 -10.1527
-9.04602 -10.1824
-9.01505 -10.212
-8.98397 -10.2415
-8.95279 -10.271
-8.92151 -10.3003
-8.89012 -10.3295
-8.85863 -10.3587
-8.82703 -10.3877
-8.79534 -10.4167
-8.76354 -10.4455
-8.73164 -10.4743
-8.69963 -10.503
-8.66753 -10.5315
-8.63532 -10.56
-8.60301 -10.5884
-8.5706 -10.6167
-8.53809 -10.6448
-8.50548 -10.6729
-8.47277 -10.7009
-8.43996 -10.7288
-8.40705 -10.7565
-8.37404 -10.7842
-8.34094 -10.8118
-8.30773 -10.8393
-8.27443 -10.8666
-8.24103 -10.8939
-8.20753 -10.9211
-8.17393 -10.9481
-8.14024 -10.9751
-8.10645 -11.002
-8.07256 -11.0287
-8.03858 -11.0554
-8.00451 -11.0819
-7.97034 -11.1083
-7.93607 -11.1347
-7.90171 -11.1609
-7.86725 -11.187
-7.83271 -11.213
-7.79806 -11.2389
-7.76333 -11.2647
-7.7285 -11.2904
-7.69358 -11.316
-7.65857 -11.3414
-7.62346 -11.3668
-7.58827 -11.3921
-7.55298 -11.4172
-7.51761 -11.4422
-7.48214 -11.4671
-7.44658 -11.492
-7.41093 -11.5166
-7.3752 -11.5412
-7.33937 -11.5657
-7.30346 -11.5901
-7.26746 -11.6143
-7.23137 -11.6384
-7.1952 -11.6625
-7.15893 -11.6864
-7.12258 -11.7101
-7.08615 -11.7338
-7.04963 -11.7574
-7.01302 -11.7808
-6.97633 -11.8042
-6.93955 -11.8274
-6.90269 -11.8505
-6.86575 -11.8734
-6.82872 -11.8963
-6.79161 -11.919
-6.75441 -11.9417
-6.71714 -11.9642
-6.67978 -11.9866
-6.64234 -12.0088
-6.60482 -12.031
-6.56722 -12.053
-6.52954 -12.0749
-6.49178 -12.0967
-6.45394 -12.1184
-6.41602 -12.1399
-6.37802 -12.1613
-6.33994 -12.1826
-6.30179 -12.2038
-6.26356 -12.2249
-6.22525 -12.2458
-6.18687 -12.2666
-6.14841 -12.2873
-6.10987 -12.3079
