-2.06508e+08 -8.01177e+06
-2.06083e+08 -1.60125e+07
-2.05374e+08 -2.39914e+07
-2.04385e+08 -3.19374e+07
-2.03115e+08 -3.98397e+07
-2.01568e+08 -4.76876e+07
-1.99745e+08 -5.54706e+07
-1.97651e+08 -6.31782e+07
-1.95289e+08 -7.08001e+07
-1.92663e+08 -7.83265e+07
-1.89777e+08 -8.57475e+07
-1.86637e+08 -9.30535e+07
-1.83247e+08 -1.00235e+08
-1.79613e+08 -1.07284e+08
-1.75742e+08 -1.14191e+08
-1.71638e+08 -1.20948e+08
-1.67311e+08 -1.27546e+08
-1.62765e+08 -1.33979e+08
-1.58008e+08 -1.40238e+08
-1.53049e+08 -1.46318e+08
-1.47893e+08 -1.52211e+08
-1.4255e+08 -1.57911e+08
-1.37027e+08 -1.63412e+08
-1.31333e+08 -1.6871e+08
-1.25476e+08 -1.73798e+08
-1.19464e+08 -1.78673e+08
-1.13305e+08 -1.8333e+08
-1.0701e+08 -1.87765e+08
-1.00585e+08 -1.91975e+08
-9.40401e+07 -1.95957e+08
-8.73839e+07 -1.99707e+08
-8.0625e+07 -2.03223e+08
-7.37721e+07 -2.06504e+08
-6.68339e+07 -2.09548e+08
-5.9819e+07 -2.12353e+08
-5.27362e+07 -2.14919e+08
-4.55937e+07 -2.17244e+08
-3.84002e+07 -2.19328e+08
-3.11639e+07 -2.21171e+08
-2.38931e+07 -2.22773e+08
-1.6596e+07 -2.24136e+08
-9.28053e+06 -2.25258e+08
-1.95459e+06 -2.26143e+08
5.37402e+06 -2.26789e+08
1.26977e+07 -2.272e+08
2.00089e+07 -2.27377e+08
2.73004e+07 -2.27322e+08
3.4565e+07 -2.27037e+08
4.17956e+07 -2.26523e+08
4.89853e+07 -2.25785e+08
5.61275e+07 -2.24824e+08
6.32156e+07 -2.23643e+08
7.02431e+07 -2.22246e+08
7.7204e+07 -2.20634e+08
8.40921e+07 -2.18813e+08
9.09015e+07 -2.16785e+08
9.76265e+07 -2.14553e+08
1.04262e+08 -2.12122e+08
1.10801e+08 -2.09495e+08
1.1724e+08 -2.06676e+08
1.23574e+08 -2.03669e+08
1.29796e+08 -2.00478e+08
1.35904e+08 -1.97107e+08
1.41891e+08 -1.93561e+08
1.47754e+08 -1.89844e+08
1.53488e+08 -1.8596e+08
1.5909e+08 -1.81914e+08
1.64554e+08 -1.7771e+08
1.69878e+08 -1.73353e+08
1.75058e+08 -1.68847e+08
1.80089e+08 -1.64198e+08
1.8497e+08 -1.59409e+08
1.89695e+08 -1.54486e+08
1.94263e+08 -1.49433e+08
1.9867e+08 -1.44256e+08
2.02914e+08 -1.38959e+08
2.06991e+08 -1.33547e+08
2.10899e+08 -1.28025e+08
2.14636e+08 -1.22397e+08
2.18199e+08 -1.1667e+08
2.21586e+08 -1.10848e+08
2.24795e+08 -1.04936e+08
2.27824e+08 -9.89388e+07
2.30671e+08 -9.28618e+07
2.33334e+08 -8.67101e+07
2.35812e+08 -8.04886e+07
2.38103e+08 -7.42026e+07
2.40206e+08 -6.78571e+07
2.4212e+08 -6.14574e+07
2.43843e+08 -5.50085e+07
2.45374e+08 -4.85157e+07
2.46713e+08 -4.19841e+07
2.47858e+08 -3.54189e+07
2.48809e+08 -2.88252e+07
2.49566e+08 -2.22084e+07
2.50127e+08 -1.55735e+07
2.50492e+08 -8.9259e+06
2.50662e+08 -2.27071e+06
2.50635e+08 4.38681e+06
2.50413e+08 1.10414e+07
2.49994e+08 1.76879e+07
2.49379e+08 2.4321e+07
2.48569e+08 3.09354e+07
2.47563e+08 3.7526e+07
2.46362e+08 4.40875e+07
2.44968e+08 5.06145e+07
2.4338e+08 5.71019e+07
2.41599e+08 6.35444e+07
2.39626e+08 6.99368e+07
2.37463e+08 7.62737e+07
2.35111e+08 8.255e+07
2.3257e+08 8.87603e+07
2.29843e+08 9.48995e+07
2.2693e+08 1.00962e+08
2.23835e+08 1.06943e+08
2.20557e+08 1.12838e+08
2.171e+08 1.1864e+08
2.13465e+08 1.24345e+08
2.09654e+08 1.29947e+08
2.0567e+08 1.35442e+08
2.01516e+08 1.40824e+08
1.97194e+08 1.46088e+08
1.92706e+08 1.51229e+08
1.88056e+08 1.56242e+08
1.83246e+08 1.61122e+08
1.7828e+08 1.65863e+08
1.73162e+08 1.70461e+08
1.67894e+08 1.74911e+08
1.6248e+08 1.79208e+08
1.56924e+08 1.83347e+08
1.51231e+08 1.87323e+08
1.45403e+08 1.91132e+08
1.39446e+08 1.94769e+08
1.33364e+08 1.98228e+08
1.27162e+08 2.01506e+08
1.20844e+08 2.04599e+08
1.14416e+08 2.075e+08
1.07882e+08 2.10208e+08
1.01249e+08 2.12716e+08
9.45204e+07 2.15022e+08
8.77035e+07 2.17121e+08
8.08037e+07 2.19009e+08
7.38272e+07 2.20682e+08
6.67803e+07 2.22138e+08
5.96693e+07 2.23372e+08
5.2501e+07 2.24381e+08
4.52821e+07 2.25162e+08
3.80197e+07 2.25713e+08
3.0721e+07 2.26029e+08
2.33933e+07 2.2611e+08
1.60442e+07 2.25952e+08
8.68138e+06 2.25554e+08
1.31271e+06 2.24913e+08
-6.05376e+06 2.24028e+08
-1.34098e+07 2.22897e+08
-2.07472e+07 2.2152e+08
-2.80573e+07 2.19896e+08
-3.53316e+07 2.18024e+08
-4.25613e+07 2.15903e+08
-4.97376e+07 2.13534e+08
-5.68515e+07 2.10918e+08
-6.38941e+07 2.08055e+08
-7.08561e+07 2.04946e+08
-7.77285e+07 2.01593e+08
-8.4502e+07 1.97998e+08
-9.11674e+07 1.94163e+08
-9.77155e+07 1.9009e+08
-1.04137e+08 1.85782e+08
-1.10423e+08 1.81244e+08
-1.16563e+08 1.76478e+08
-1.2255e+08 1.7149e+08
-1.28373e+08 1.66283e+08
-1.34025e+08 1.60863e+08
-1.39496e+08 1.55236e+08
-1.44778e+08 1.49407e+08
-1.49862e+08 1.43383e+08
-1.54741e+08 1.3717e+08
-1.59406e+08 1.30776e+08
-1.63849e+08 1.24209e+08
-1.68064e+08 1.17476e+08
-1.72043e+08 1.10585e+08
-1.75779e+08 1.03546e+08
-1.79267e+08 9.6367e+07
-1.825e+08 8.90581e+07
-1.85472e+08 8.16286e+07
-1.88179e+08 7.40887e+07
-1.90616e+08 6.64486e+07
-1.92778e+08 5.87189e+07
-1.94662e+08 5.09101e+07
-1.96264e+08 4.30334e+07
-1.97582e+08 3.50997e+07
-1.98614e+08 2.71203e+07
-1.99357e+08 1.91065e+07
-1.99811e+08 1.10697e+07
-1.99974e+08 3.02142e+06
-1.99848e+08 -5.02694e+06
-1.99431e+08 -1.30639e+07
-1.98726e+08 -2.10781e+07
-1.97733e+08 -2.90581e+07
-1.96454e+08 -3.69928e+07
-1.94893e+08 -4.48711e+07
-1.93051e+08 -5.2682e+07
-1.90933e+08 -6.04149e+07
-1.88543e+08 -6.80591e+07
-1.85884e+08 -7.56045e+07
-1.82962e+08 -8.3041e+07
-1.79782e+08 -9.03589e+07
-1.76349e+08 -9.75488e+07
-1.7267e+08 -1.04602e+08
-1.68751e+08 -1.11509e+08
-1.64599e+08 -1.18261e+08
-1.6022e+08 -1.24852e+08
-1.55623e+08 -1.31272e+08
-1.50813e+08 -1.37515e+08
-1.45801e+08 -1.43574e+08
-1.40593e+08 -1.49443e+08
-1.35197e+08 -1.55114e+08
-1.29622e+08 -1.60584e+08
-1.23877e+08 -1.65846e+08
-1.17969e+08 -1.70895e+08
-1.11908e+08 -1.75727e+08
-1.05703e+08 -1.80339e+08
-9.93625e+07 -1.84725e+08
-9.28949e+07 -1.88884e+08
-8.63094e+07 -1.92812e+08
-7.96149e+07 -1.96506e+08
-7.28202e+07 -1.99965e+08
-6.59341e+07 -2.03186e+08
-5.89656e+07 -2.06169e+08
-5.19232e+07 -2.08911e+08
-4.48156e+07 -2.11413e+08
-3.76514e+07 -2.13674e+08
-3.0439e+07 -2.15693e+08
-2.31868e+07 -2.17471e+08
-1.5903e+07 -2.19008e+08
-8.59573e+06 -2.20305e+08
-1.27298e+06 -2.21363e+08
6.05744e+06 -2.22183e+08
1.33878e+07 -2.22766e+08
2.07106e+07 -2.23114e+08
2.80184e+07 -2.23229e+08
3.5304e+07 -2.23113e+08
4.25603e+07 -2.22768e+08
4.97805e+07 -2.22197e+08
5.69576e+07 -2.21403e+08
6.40853e+07 -2.20387e+08
7.1157e+07 -2.19154e+08
7.81665e+07 -2.17706e+08
8.51077e+07 -2.16046e+08
9.19747e+07 -2.14179e+08
9.87618e+07 -2.12106e+08
1.05463e+08 -2.09833e+08
1.12074e+08 -2.07362e+08
1.18589e+08 -2.04698e+08
1.25002e+08 -2.01845e+08
1.31309e+08 -1.98806e+08
1.37505e+08 -1.95585e+08
1.43586e+08 -1.92188e+08
1.49546e+08 -1.88617e+08
1.55382e+08 -1.84878e+08
1.6109e+08 -1.80974e+08
1.66665e+08 -1.7691e+08
1.72104e+08 -1.72691e+08
1.77403e+08 -1.68322e+08
1.82559e+08 -1.63806e+08
1.87567e+08 -1.59148e+08
1.92425e+08 -1.54353e+08
1.9713e+08 -1.49426e+08
2.01678e+08 -1.44372e+08
2.06067e+08 -1.39195e+08
2.10294e+08 -1.33899e+08
2.14356e+08 -1.28491e+08
2.18251e+08 -1.22974e+08
2.21976e+08 -1.17354e+08
2.25529e+08 -1.11635e+08
2.28909e+08 -1.05823e+08
2.32112e+08 -9.99218e+07
2.35137e+08 -9.3937e+07
2.37983e+08 -8.78733e+07
2.40647e+08 -8.17357e+07
2.43129e+08 -7.55293e+07
2.45425e+08 -6.9259e+07
2.47537e+08 -6.29299e+07
2.49461e+08 -5.65469e+07
2.51197e+08 -5.01151e+07
2.52744e+08 -4.36395e+07
2.541e+08 -3.71252e+07
2.55266e+08 -3.05772e+07
2.56241e+08 -2.40006e+07
2.57023e+08 -1.74004e+07
2.57612e+08 -1.07818e+07
2.58009e+08 -4.14977e+06
2.58212e+08 2.49055e+06
2.58221e+08 9.13407e+06
2.58037e+08 1.57757e+07
2.5766e+08 2.24103e+07
2.57088e+08 2.90328e+07
2.56324e+08 3.56381e+07
2.55367e+08 4.2221e+07
2.54217e+08 4.87765e+07
2.52875e+08 5.52993e+07
2.51343e+08 6.17845e+07
2.49619e+08 6.82267e+07
2.47706e+08 7.4621e+07
2.45605e+08 8.09622e+07
2.43316e+08 8.72451e+07
2.4084e+08 9.34646e+07
2.3818e+08 9.96156e+07
2.35336e+08 1.05693e+08
2.3231e+08 1.11691e+08
2.29104e+08 1.17606e+08
2.2572e+08 1.23432e+08
2.22159e+08 1.29163e+08
2.18424e+08 1.34796e+08
2.14516e+08 1.40324e+08
2.10439e+08 1.45743e+08
2.06194e+08 1.51047e+08
2.01785e+08 1.56232e+08
1.97213e+08 1.61292e+08
1.92482e+08 1.66223e+08
1.87595e+08 1.71019e+08
1.82555e+08 1.75677e+08
1.77365e+08 1.80189e+08
1.72029e+08 1.84553e+08
1.66551e+08 1.88763e+08
1.60934e+08 1.92814e+08
1.55182e+08 1.96701e+08
1.49299e+08 2.0042e+08
1.4329e+08 2.03967e+08
1.37158e+08 2.07336e+08
1.3091e+08 2.10523e+08
1.24549e+08 2.13523e+08
1.1808e+08 2.16334e+08
1.11509e+08 2.18949e+08
1.04841e+08 2.21365e+08
9.80814e+07 2.23578e+08
9.12358e+07 2.25585e+08
8.43103e+07 2.2738e+08
7.73108e+07 2.28961e+08
7.02436e+07 2.30324e+08
6.31153e+07 2.31465e+08
5.59323e+07 2.32382e+08
4.87015e+07 2.3307e+08
4.14299e+07 2.33528e+08
3.41247e+07 2.33753e+08
2.67932e+07 2.33742e+08
1.9443e+07 2.33492e+08
1.20818e+07 2.33003e+08
4.71742e+06 2.32271e+08
-2.64208e+06 2.31295e+08
-9.9885e+06 2.30074e+08
-1.73135e+07 2.28607e+08
-2.46086e+07 2.26893e+08
-3.18651e+07 2.24931e+08
-3.90743e+07 2.22722e+08
-4.62274e+07 2.20266e+08
-5.33154e+07 2.17562e+08
-6.03292e+07 2.14612e+08
-6.72596e+07 2.11417e+08
-7.40976e+07 2.07979e+08
-8.08339e+07 2.04298e+08
-8.74591e+07 2.00379e+08
-9.3964e+07 1.96223e+08
-1.00339e+08 1.91834e+08
-1.06576e+08 1.87214e+08
-1.12665e+08 1.82369e+08
-1.18596e+08 1.77301e+08
-1.24362e+08 1.72017e+08
-1.29952e+08 1.66522e+08
-1.35359e+08 1.6082e+08
-1.40573e+08 1.54918e+08
-1.45587e+08 1.48822e+08
-1.50391e+08 1.42541e+08
-1.54979e+08 1.36079e+08
-1.59342e+08 1.29446e+08
-1.63474e+08 1.2265e+08
-1.67366e+08 1.15699e+08
-1.71013e+08 1.08602e+08
-1.74408e+08 1.01368e+08
-1.77545e+08 9.40061e+07
-1.80418e+08 8.65273e+07
-1.83023e+08 7.89412e+07
-1.85355e+08 7.12582e+07
-1.8741e+08 6.34892e+07
-1.89184e+08 5.56449e+07
-1.90674e+08 4.77364e+07
-1.91876e+08 3.9775e+07
-1.92791e+08 3.17721e+07
-1.93414e+08 2.37391e+07
-1.93746e+08 1.56876e+07
-1.93787e+08 7.62923e+06
-1.93535e+08 -424458
-1.92992e+08 -8.46188e+06
-1.92159e+08 -1.64715e+07
-1.91037e+08 -2.4442e+07
-1.89629e+08 -3.23619e+07
-1.87938e+08 -4.02202e+07
-1.85966e+08 -4.80058e+07
-1.83717e+08 -5.57079e+07
-1.81196e+08 -6.33161e+07
-1.78408e+08 -7.082e+07
-1.75356e+08 -7.82096e+07
-1.72047e+08 -8.54752e+07
-1.68488e+08 -9.26074e+07
-1.64683e+08 -9.95972e+07
-1.60639e+08 -1.06436e+08
-1.56364e+08 -1.13115e+08
-1.51866e+08 -1.19626e+08
-1.4715e+08 -1.25963e+08
-1.42226e+08 -1.32117e+08
-1.371e+08 -1.38083e+08
-1.31783e+08 -1.43853e+08
-1.26281e+08 -1.49422e+08
-1.20603e+08 -1.54784e+08
-1.14758e+08 -1.59934e+08
-1.08756e+08 -1.64868e+08
-1.02603e+08 -1.69581e+08
-9.6311e+07 -1.74068e+08
-8.98871e+07 -1.78328e+08
-8.33409e+07 -1.82357e+08
-7.66813e+07 -1.86151e+08
-6.99173e+07 -1.89709e+08
-6.30579e+07 -1.93029e+08
-5.6112e+07 -1.96108e+08
-4.90884e+07 -1.98947e+08
-4.19961e+07 -2.01544e+08
-3.48436e+07 -2.03898e+08
-2.76395e+07 -2.06009e+08
-2.03924e+07 -2.07877e+08
-1.31107e+07 -2.09502e+08
-5.80254e+06 -2.10886e+08
1.52389e+06 -2.12028e+08
8.86063e+06 -2.12931e+08
1.61999e+07 -2.13595e+08
2.35339e+07 -2.14023e+08
3.08552e+07 -2.14215e+08
3.81564e+07 -2.14174e+08
4.54303e+07 -2.13903e+08
5.26699e+07 -2.13403e+08
5.98684e+07 -2.12678e+08
6.70189e+07 -2.1173e+08
7.41151e+07 -2.10562e+08
8.11506e+07 -2.09177e+08
8.81191e+07 -2.07579e+08
9.50147e+07 -2.05771e+08
1.01832e+08 -2.03757e+08
1.08564e+08 -2.01539e+08
1.15207e+08 -1.99122e+08
1.21754e+08 -1.96511e+08
1.28201e+08 -1.93707e+08
1.34543e+08 -1.90717e+08
1.40774e+08 -1.87543e+08
1.4689e+08 -1.8419e+08
1.52888e+08 -1.80663e+08
1.58761e+08 -1.76966e+08
1.64507e+08 -1.73102e+08
1.7012e+08 -1.69077e+08
1.75598e+08 -1.64895e+08
1.80936e+08 -1.60561e+08
1.86131e+08 -1.56079e+08
1.91179e+08 -1.51454e+08
1.96078e+08 -1.46691e+08
2.00823e+08 -1.41794e+08
2.05412e+08 -1.36768e+08
2.09842e+08 -1.31618e+08
2.1411e+08 -1.26349e+08
2.18214e+08 -1.20965e+08
2.2215e+08 -1.15472e+08
2.25917e+08 -1.09874e+08
2.29513e+08 -1.04176e+08
2.32935e+08 -9.83838e+07
2.36181e+08 -9.25015e+07
2.39249e+08 -8.65342e+07
2.42137e+08 -8.04871e+07
2.44844e+08 -7.4365e+07
2.47369e+08 -6.81729e+07
2.49709e+08 -6.19159e+07
2.51864e+08 -5.5599e+07
2.53832e+08 -4.92271e+07
2.55611e+08 -4.28054e+07
2.57202e+08 -3.63389e+07
2.58603e+08 -2.98326e+07
2.59813e+08 -2.32916e+07
2.60832e+08 -1.6721e+07
2.61658e+08 -1.01257e+07
2.62292e+08 -3.51095e+06
2.62734e+08 3.11824e+06
2.62982e+08 9.75677e+06
2.63036e+08 1.63996e+07
2.62897e+08 2.30415e+07
2.62565e+08 2.96776e+07
2.62039e+08 3.63026e+07
2.6132e+08 4.29114e+07
2.60409e+08 4.94991e+07
2.59305e+08 5.60604e+07
2.58009e+08 6.25902e+07
2.56522e+08 6.90835e+07
2.54845e+08 7.55351e+07
2.52978e+08 8.19399e+07
2.50923e+08 8.82928e+07
2.4868e+08 9.45887e+07
2.46251e+08 1.00822e+08
2.43637e+08 1.06989e+08
2.4084e+08 1.13083e+08
2.37861e+08 1.191e+08
2.34701e+08 1.25034e+08
2.31363e+08 1.30881e+08
2.27848e+08 1.36635e+08
2.24159e+08 1.42291e+08
2.20297e+08 1.47844e+08
2.16266e+08 1.5329e+08
2.12067e+08 1.58622e+08
2.07702e+08 1.63837e+08
2.03176e+08 1.68929e+08
1.98489e+08 1.73893e+08
1.93647e+08 1.78724e+08
1.88651e+08 1.83418e+08
1.83504e+08 1.87968e+08
1.78211e+08 1.92372e+08
1.72775e+08 1.96623e+08
1.672e+08 2.00717e+08
1.61488e+08 2.0465e+08
1.55646e+08 2.08416e+08
1.49676e+08 2.12011e+08
1.43584e+08 2.1543e+08
1.37373e+08 2.1867e+08
1.31048e+08 2.21724e+08
1.24615e+08 2.24591e+08
1.18078e+08 2.27264e+08
1.11443e+08 2.2974e+08
1.04714e+08 2.32015e+08
9.78989e+07 2.34084e+08
9.10018e+07 2.35945e+08
8.40291e+07 2.37593e+08
7.6987e+07 2.39025e+08
6.98818e+07 2.40237e+08
6.272e+07 2.41226e+08
5.55084e+07 2.41989e+08
4.82538e+07 2.42523e+08
4.09634e+07 2.42825e+08
3.36443e+07 2.42893e+08
2.63039e+07 2.42724e+08
1.895e+07 2.42317e+08
1.15902e+07 2.41668e+08
4.23252e+06 2.40778e+08
-3.11501e+06 2.39643e+08
-1.04441e+07 2.38263e+08
-1.77464e+07 2.36638e+08
-2.50134e+07 2.34765e+08
-3.22364e+07 2.32646e+08
-3.94066e+07 2.3028e+08
-4.65153e+07 2.27668e+08
-5.35533e+07 2.2481e+08
-6.05116e+07 2.21707e+08
-6.73812e+07 2.18361e+08
-7.41528e+07 2.14773e+08
-8.08173e+07 2.10946e+08
-8.73654e+07 2.06881e+08
-9.37879e+07 2.02583e+08
-1.00076e+08 1.98054e+08
-1.06219e+08 1.93298e+08
-1.1221e+08 1.88319e+08
-1.18038e+08 1.83121e+08
-1.23696e+08 1.77711e+08
-1.29174e+08 1.72093e+08
-1.34463e+08 1.66272e+08
-1.39555e+08 1.60256e+08
-1.44443e+08 1.54051e+08
-1.49117e+08 1.47665e+08
-1.5357e+08 1.41103e+08
-1.57795e+08 1.34376e+08
-1.61785e+08 1.2749e+08
-1.65532e+08 1.20454e+08
-1.6903e+08 1.13278e+08
-1.72274e+08 1.05971e+08
-1.75256e+08 9.85431e+07
-1.77973e+08 9.10033e+07
-1.8042e+08 8.33624e+07
-1.82591e+08 7.56309e+07
-1.84483e+08 6.78196e+07
-1.86093e+08 5.99394e+07
-1.87418e+08 5.20016e+07
-1.88455e+08 4.40173e+07
-1.89203e+08 3.5998e+07
-1.8966e+08 2.79551e+07
-1.89826e+08 1.99003e+07
-1.897e+08 1.18452e+07
-1.89282e+08 3.80113e+06
-1.88575e+08 -4.22021e+06
-1.87578e+08 -1.22074e+07
-1.86294e+08 -2.01491e+07
-1.84726e+08 -2.80342e+07
-1.82876e+08 -3.58514e+07
-1.80748e+08 -4.35901e+07
-1.78346e+08 -5.12395e+07
-1.75674e+08 -5.87892e+07
-1.72737e+08 -6.62291e+07
-1.6954e+08 -7.35494e+07
-1.6609e+08 -8.07404e+07
-1.62392e+08 -8.7793e+07
-1.58452e+08 -9.46984e+07
-1.54278e+08 -1.01448e+08
-1.49877e+08 -1.08034e+08
-1.45255e+08 -1.14448e+08
-1.40422e+08 -1.20682e+08
-1.35383e+08 -1.26731e+08
-1.30149e+08 -1.32588e+08
-1.24727e+08 -1.38245e+08
-1.19125e+08 -1.43699e+08
-1.13352e+08 -1.48942e+08
-1.07417e+08 -1.53971e+08
-1.01328e+08 -1.58781e+08
-9.50957e+07 -1.63367e+08
-8.87275e+07 -1.67727e+08
-8.22329e+07 -1.71857e+08
-7.56209e+07 -1.75753e+08
-6.89005e+07 -1.79415e+08
-6.20807e+07 -1.82838e+08
-5.51704e+07 -1.86022e+08
-4.81785e+07 -1.88965e+08
-4.11139e+07 -1.91666e+08
-3.39853e+07 -1.94125e+08
-2.68014e+07 -1.9634e+08
-1.95708e+07 -1.98313e+08
-1.23018e+07 -2.00042e+08
-5.00284e+06 -2.01529e+08
2.31792e+06 -2.02774e+08
9.65242e+06 -2.03779e+08
1.69928e+07 -2.04544e+08
2.43311e+07 -2.05072e+08
3.166e+07 -2.05363e+08
3.89718e+07 -2.0542e+08
4.62594e+07 -2.05245e+08
5.35156e+07 -2.0484e+08
6.07335e+07 -2.04209e+08
6.79062e+07 -2.03353e+08
7.50271e+07 -2.02276e+08
8.20899e+07 -2.0098e+08
8.90883e+07 -1.9947e+08
9.60161e+07 -1.97747e+08
1.02867e+08 -1.95817e+08
1.09637e+08 -1.93681e+08
1.16318e+08 -1.91345e+08
1.22906e+08 -1.88811e+08
1.29396e+08 -1.86085e+08
1.35782e+08 -1.83169e+08
1.4206e+08 -1.80068e+08
1.48225e+08 -1.76786e+08
1.54271e+08 -1.73327e+08
1.60196e+08 -1.69697e+08
1.65994e+08 -1.65898e+08
1.71662e+08 -1.61935e+08
1.77195e+08 -1.57814e+08
1.8259e+08 -1.53539e+08
1.87843e+08 -1.49113e+08
1.92951e+08 -1.44543e+08
1.97909e+08 -1.39832e+08
2.02716e+08 -1.34985e+08
2.07367e+08 -1.30008e+08
2.1186e+08 -1.24904e+08
2.16192e+08 -1.19679e+08
2.2036e+08 -1.14338e+08
2.24362e+08 -1.08885e+08
2.28195e+08 -1.03325e+08
2.31857e+08 -9.76638e+07
2.35346e+08 -9.19056e+07
2.38659e+08 -8.60555e+07
2.41796e+08 -8.01185e+07
2.44753e+08 -7.40996e+07
2.47529e+08 -6.80038e+07
2.50122e+08 -6.18361e+07
2.52532e+08 -5.56014e+07
2.54756e+08 -4.93049e+07
2.56794e+08 -4.29516e+07
2.58644e+08 -3.65465e+07
2.60305e+08 -3.00947e+07
2.61776e+08 -2.36012e+07
2.63056e+08 -1.7071e+07
2.64146e+08 -1.05094e+07
2.65042e+08 -3.92132e+06
2.65747e+08 2.68813e+06
2.66258e+08 9.31385e+06
2.66576e+08 1.59508e+07
2.66701e+08 2.25938e+07
2.66631e+08 2.92377e+07
2.66369e+08 3.58776e+07
2.65912e+08 4.25082e+07
2.65262e+08 4.91245e+07
2.64419e+08 5.57213e+07
2.63383e+08 6.22935e+07
2.62155e+08 6.88361e+07
2.60736e+08 7.53438e+07
2.59126e+08 8.18116e+07
2.57325e+08 8.82344e+07
2.55336e+08 9.4607e+07
2.53158e+08 1.00924e+08
2.50794e+08 1.07181e+08
2.48245e+08 1.13372e+08
2.45511e+08 1.19493e+08
2.42594e+08 1.25538e+08
2.39497e+08 1.31502e+08
2.3622e+08 1.3738e+08
2.32766e+08 1.43168e+08
2.29136e+08 1.48859e+08
2.25334e+08 1.54449e+08
2.2136e+08 1.59932e+08
2.17218e+08 1.65305e+08
2.1291e+08 1.70561e+08
2.08438e+08 1.75696e+08
2.03806e+08 1.80704e+08
1.99016e+08 1.85582e+08
1.94072e+08 1.90323e+08
1.88976e+08 1.94924e+08
1.83732e+08 1.99378e+08
1.78344e+08 2.03682e+08
1.72816e+08 2.0783e+08
1.6715e+08 2.11818e+08
1.61351e+08 2.15641e+08
1.55424e+08 2.19295e+08
1.49372e+08 2.22774e+08
1.43201e+08 2.26075e+08
1.36914e+08 2.29193e+08
1.30517e+08 2.32124e+08
1.24015e+08 2.34863e+08
1.17412e+08 2.37406e+08
1.10715e+08 2.39749e+08
1.03928e+08 2.41888e+08
9.7058e+07 2.4382e+08
9.01103e+07 2.4554e+08
8.3091e+07 2.47045e+08
7.60066e+07 2.48332e+08
6.88634e+07 2.49397e+08
6.16681e+07 2.50236e+08
5.44275e+07 2.50848e+08
4.71487e+07 2.51229e+08
3.98388e+07 2.51376e+08
3.25051e+07 2.51288e+08
2.51553e+07 2.50961e+08
1.7797e+07 2.50394e+08
1.04382e+07 2.49586e+08
3.08676e+06 2.48534e+08
-4.24903e+06 2.47237e+08
-1.15609e+07 2.45695e+08
-1.88402e+07 2.43906e+08
-2.60786e+07 2.41871e+08
-3.32672e+07 2.39589e+08
-4.03971e+07 2.37061e+08
-4.74596e+07 2.34287e+08
-5.44455e+07 2.31267e+08
-6.13457e+07 2.28004e+08
-6.81511e+07 2.24499e+08
-7.48526e+07 2.20753e+08
-8.14409e+07 2.1677e+08
-8.79067e+07 2.12551e+08
-9.4241e+07 2.08101e+08
-1.00434e+08 2.03423e+08
-1.06478e+08 1.98521e+08
-1.12363e+08 1.93399e+08
-1.18079e+08 1.88061e+08
-1.23619e+08 1.82515e+08
-1.28974e+08 1.76764e+08
-1.34135e+08 1.70816e+08
-1.39094e+08 1.64676e+08
-1.43842e+08 1.58352e+08
-1.48372e+08 1.51851e+08
-1.52677e+08 1.45181e+08
-1.56749e+08 1.38351e+08
-1.60581e+08 1.31367e+08
-1.64166e+08 1.2424e+08
-1.67499e+08 1.16979e+08
-1.70574e+08 1.09593e+08
-1.73384e+08 1.02092e+08
-1.75926e+08 9.44862e+07
-1.78194e+08 8.67863e+07
-1.80185e+08 7.90028e+07
-1.81895e+08 7.11467e+07
-1.8332e+08 6.32289e+07
-1.84459e+08 5.52607e+07
-1.8531e+08 4.72535e+07
-1.85871e+08 3.92187e+07
-1.8614e+08 3.11678e+07
-1.86118e+08 2.31124e+07
-1.85805e+08 1.5064e+07
-1.85201e+08 7.03417e+06
-1.84308e+08 -965641
-1.83127e+08 -8.92406e+06
-1.81661e+08 -1.68298e+07
-1.79912e+08 -2.46719e+07
-1.77884e+08 -3.24392e+07
-1.7558e+08 -4.01212e+07
-1.73006e+08 -4.77073e+07
-1.70164e+08 -5.51873e+07
-1.67062e+08 -6.25513e+07
-1.63703e+08 -6.97896e+07
-1.60095e+08 -7.68928e+07
-1.56243e+08 -8.38521e+07
-1.52154e+08 -9.06588e+07
-1.47835e+08 -9.73045e+07
-1.43294e+08 -1.03781e+08
-1.38537e+08 -1.10082e+08
-1.33574e+08 -1.16199e+08
-1.28411e+08 -1.22127e+08
-1.23057e+08 -1.27858e+08
-1.1752e+08 -1.33386e+08
-1.1181e+08 -1.38707e+08
-1.05934e+08 -1.43815e+08
-9.99021e+07 -1.48706e+08
-9.37222e+07 -1.53375e+08
-8.74037e+07 -1.57819e+08
-8.09554e+07 -1.62034e+08
-7.43864e+07 -1.66017e+08
-6.77056e+07 -1.69765e+08
-6.09222e+07 -1.73277e+08
-5.4045e+07 -1.7655e+08
-4.70829e+07 -1.79583e+08
-4.00449e+07 -1.82374e+08
-3.29396e+07 -1.84923e+08
-2.57758e+07 -1.87229e+08
-1.85621e+07 -1.89292e+08
-1.13069e+07 -1.91112e+08
-4.01858e+06 -1.9269e+08
3.29456e+06 -1.94025e+08
1.06244e+07 -1.9512e+08
1.79631e+07 -1.95975e+08
2.53027e+07 -1.96591e+08
3.26357e+07 -1.96971e+08
3.99544e+07 -1.97115e+08
4.72516e+07 -1.97027e+08
5.45201e+07 -1.96709e+08
6.17529e+07 -1.96163e+08
6.89431e+07 -1.95391e+08
7.6084e+07 -1.94397e+08
8.31692e+07 -1.93183e+08
9.01923e+07 -1.91753e+08
9.71471e+07 -1.9011e+08
1.04028e+08 -1.88258e+08
1.10828e+08 -1.862e+08
1.17543e+08 -1.83939e+08
1.24167e+08 -1.81479e+08
1.30694e+08 -1.78825e+08
1.3712e+08 -1.7598e+08
1.43439e+08 -1.72949e+08
1.49647e+08 -1.69735e+08
1.55739e+08 -1.66343e+08
1.6171e+08 -1.62777e+08
1.67557e+08 -1.59041e+08
1.73274e+08 -1.5514e+08
1.78859e+08 -1.51079e+08
1.84306e+08 -1.46861e+08
1.89613e+08 -1.42492e+08
1.94776e+08 -1.37976e+08
1.99791e+08 -1.33318e+08
2.04656e+08 -1.28522e+08
2.09366e+08 -1.23594e+08
2.13919e+08 -1.18537e+08
2.18312e+08 -1.13358e+08
2.22543e+08 -1.0806e+08
2.26608e+08 -1.02649e+08
2.30505e+08 -9.71289e+07
2.34232e+08 -9.15055e+07
2.37787e+08 -8.57834e+07
2.41167e+08 -7.99675e+07
2.44371e+08 -7.40629e+07
2.47396e+08 -6.80745e+07
2.5024e+08 -6.20072e+07
2.52903e+08 -5.58661e+07
2.55383e+08 -4.96562e+07
2.57677e+08 -4.33826e+07
2.59786e+08 -3.70502e+07
2.61707e+08 -3.06641e+07
2.63439e+08 -2.42294e+07
2.64982e+08 -1.7751e+07
2.66335e+08 -1.12342e+07
2.67496e+08 -4.6839e+06
2.68466e+08 1.89478e+06
2.69243e+08 8.49674e+06
2.69828e+08 1.51169e+07
2.70219e+08 2.17502e+07
2.70416e+08 2.83915e+07
2.7042e+08 3.50357e+07
2.7023e+08 4.16777e+07
2.69847e+08 4.83124e+07
2.6927e+08 5.49347e+07
2.685e+08 6.15394e+07
2.67537e+08 6.81215e+07
2.66381e+08 7.46759e+07
2.65034e+08 8.11973e+07
2.63495e+08 8.76808e+07
2.61766e+08 9.41211e+07
2.59848e+08 1.00513e+08
2.57741e+08 1.06852e+08
2.55447e+08 1.13132e+08
2.52967e+08 1.19349e+08
2.50302e+08 1.25497e+08
2.47454e+08 1.31571e+08
2.44425e+08 1.37566e+08
2.41215e+08 1.43477e+08
2.37828e+08 1.49299e+08
2.34264e+08 1.55027e+08
2.30526e+08 1.60655e+08
2.26616e+08 1.66179e+08
2.22537e+08 1.71594e+08
2.18291e+08 1.76894e+08
2.1388e+08 1.82075e+08
2.09308e+08 1.87132e+08
2.04577e+08 1.92059e+08
1.9969e+08 1.96852e+08
1.94651e+08 2.01506e+08
1.89462e+08 2.06015e+08
1.84128e+08 2.10376e+08
1.78651e+08 2.14583e+08
1.73037e+08 2.18632e+08
1.67287e+08 2.22517e+08
1.61408e+08 2.26235e+08
1.55402e+08 2.2978e+08
1.49275e+08 2.33148e+08
1.43031e+08 2.36335e+08
1.36675e+08 2.39336e+08
1.30211e+08 2.42147e+08
1.23645e+08 2.44764e+08
1.16983e+08 2.47182e+08
1.10229e+08 2.49398e+08
1.03389e+08 2.51408e+08
9.64698e+07 2.53207e+08
8.94766e+07 2.54793e+08
8.24158e+07 2.56162e+08
7.52939e+07 2.5731e+08
6.81173e+07 2.58234e+08
6.08929e+07 2.58931e+08
5.36276e+07 2.59398e+08
4.63285e+07 2.59633e+08
3.90029e+07 2.59632e+08
3.16583e+07 2.59395e+08
2.43024e+07 2.58918e+08
1.69429e+07 2.58199e+08
9.58783e+06 2.57238e+08
2.24534e+06 2.56033e+08
-5.07631e+06 2.54583e+08
-1.23687e+07 2.52886e+08
-1.96233e+07 2.50943e+08
-2.68313e+07 2.48753e+08
-3.39841e+07 2.46316e+08
-4.10726e+07 2.43634e+08
-4.8088e+07 2.40705e+08
-5.50211e+07 2.37533e+08
-6.18629e+07 2.34118e+08
-6.86041e+07 2.30461e+08
-7.52355e+07 2.26566e+08
-8.17479e+07 2.22435e+08
-8.81322e+07 2.18071e+08
-9.43791e+07 2.13478e+08
-1.0048e+08 2.08658e+08
-1.06424e+08 2.03617e+08
-1.12205e+08 1.9836e+08
-1.17811e+08 1.92891e+08
-1.23236e+08 1.87216e+08
-1.2847e+08 1.8134e+08
-1.33505e+08 1.75271e+08
-1.38333e+08 1.69015e+08
-1.42945e+08 1.62579e+08
-1.47335e+08 1.55971e+08
-1.51494e+08 1.492e+08
-1.55416e+08 1.42272e+08
-1.59094e+08 1.35197e+08
-1.62522e+08 1.27985e+08
-1.65693e+08 1.20644e+08
-1.68603e+08 1.13185e+08
-1.71245e+08 1.05617e+08
-1.73616e+08 9.79515e+07
-1.7571e+08 9.0198e+07
-1.77525e+08 8.23677e+07
-1.79057e+08 7.44716e+07
-1.80304e+08 6.65209e+07
-1.81262e+08 5.85269e+07
-1.81931e+08 5.0501e+07
-1.82309e+08 4.24547e+07
-1.82396e+08 3.43996e+07
-1.82191e+08 2.63472e+07
-1.81696e+08 1.83091e+07
-1.8091e+08 1.02967e+07
-1.79836e+08 2.32146e+06
-1.78476e+08 -5.60532e+06
-1.76832e+08 -1.34725e+07
-1.74908e+08 -2.1269e+07
-1.72707e+08 -2.89842e+07
-1.70233e+08 -3.66074e+07
-1.6749e+08 -4.41282e+07
-1.64484e+08 -5.15368e+07
-1.61221e+08 -5.88231e+07
-1.57705e+08 -6.5978e+07
-1.53943e+08 -7.29921e+07
-1.49941e+08 -7.98568e+07
-1.45707e+08 -8.65637e+07
-1.41248e+08 -9.31046e+07
-1.36571e+08 -9.9472e+07
-1.31684e+08 -1.05659e+08
-1.26594e+08 -1.11658e+08
-1.2131e+08 -1.17463e+08
-1.15841e+08 -1.23067e+08
-1.10194e+08 -1.28467e+08
-1.04379e+08 -1.33655e+08
-9.84035e+07 -1.38627e+08
-9.22774e+07 -1.4338e+08
-8.60093e+07 -1.47908e+08
-7.9608e+07 -1.52209e+08
-7.30827e+07 -1.56278e+08
-6.64423e+07 -1.60115e+08
-5.96958e+07 -1.63715e+08
-5.28522e+07 -1.67077e+08
-4.59204e+07 -1.702e+08
-3.89094e+07 -1.73081e+08
-3.18278e+07 -1.7572e+08
-2.46845e+07 -1.78117e+08
-1.7488e+07 -1.8027e+08
-1.02469e+07 -1.82181e+08
-2.96968e+06 -1.83848e+08
4.3355e+06 -1.85274e+08
1.16604e+07 -1.86458e+08
1.89971e+07 -1.87402e+08
2.63376e+07 -1.88106e+08
3.36743e+07 -1.88574e+08
4.09995e+07 -1.88805e+08
4.83059e+07 -1.88803e+08
5.55862e+07 -1.8857e+08
6.28333e+07 -1.88108e+08
7.00404e+07 -1.87419e+08
7.72007e+07 -1.86507e+08
8.43077e+07 -1.85374e+08
9.13548e+07 -1.84024e+08
9.8336e+07 -1.8246e+08
1.05245e+08 -1.80684e+08
1.12076e+08 -1.78701e+08
1.18824e+08 -1.76515e+08
1.25482e+08 -1.74128e+08
1.32046e+08 -1.71545e+08
1.3851e+08 -1.6877e+08
1.4487e+08 -1.65807e+08
1.5112e+08 -1.6266e+08
1.57255e+08 -1.59332e+08
1.63272e+08 -1.5583e+08
1.69165e+08 -1.52156e+08
1.74931e+08 -1.48315e+08
1.80565e+08 -1.44312e+08
1.86063e+08 -1.40151e+08
1.91423e+08 -1.35836e+08
1.96639e+08 -1.31374e+08
2.01709e+08 -1.26767e+08
2.0663e+08 -1.22021e+08
2.11397e+08 -1.1714e+08
2.16008e+08 -1.1213e+08
2.20461e+08 -1.06995e+08
2.24751e+08 -1.01739e+08
2.28877e+08 -9.63688e+07
2.32836e+08 -9.08878e+07
2.36626e+08 -8.53015e+07
2.40244e+08 -7.96146e+07
2.43689e+08 -7.38321e+07
2.46957e+08 -6.7959e+07
2.50047e+08 -6.20003e+07
2.52958e+08 -5.59609e+07
2.55688e+08 -4.98459e+07
2.58234e+08 -4.36602e+07
2.60597e+08 -3.74089e+07
2.62773e+08 -3.1097e+07
2.64762e+08 -2.47295e+07
2.66564e+08 -1.83116e+07
2.68176e+08 -1.18483e+07
2.69598e+08 -5.34455e+06
2.70829e+08 1.19446e+06
2.71868e+08 7.76369e+06
2.72715e+08 1.43581e+07
2.73369e+08 2.09725e+07
2.73831e+08 2.76018e+07
2.74098e+08 3.42411e+07
2.74172e+08 4.0885e+07
2.74052e+08 4.75286e+07
2.73739e+08 5.41668e+07
2.73232e+08 6.07943e+07
2.72531e+08 6.74062e+07
2.71638e+08 7.39973e+07
2.70552e+08 8.05624e+07
2.69273e+08 8.70965e+07
2.67804e+08 9.35944e+07
2.66143e+08 1.00051e+08
2.64293e+08 1.06461e+08
2.62254e+08 1.1282e+08
2.60027e+08 1.19122e+08
2.57614e+08 1.25362e+08
2.55015e+08 1.31535e+08
2.52233e+08 1.37637e+08
2.49269e+08 1.43661e+08
2.46123e+08 1.49603e+08
2.42799e+08 1.55457e+08
2.39299e+08 1.6122e+08
2.35623e+08 1.66884e+08
2.31775e+08 1.72446e+08
2.27756e+08 1.77901e+08
2.23569e+08 1.83243e+08
2.19218e+08 1.88467e+08
2.14703e+08 1.93569e+08
2.10028e+08 1.98543e+08
2.05197e+08 2.03385e+08
2.00212e+08 2.08089e+08
1.95077e+08 2.12651e+08
1.89794e+08 2.17065e+08
1.84368e+08 2.21328e+08
1.78803e+08 2.25434e+08
1.73101e+08 2.29378e+08
1.67268e+08 2.33156e+08
1.61307e+08 2.36763e+08
1.55223e+08 2.40195e+08
1.4902e+08 2.43448e+08
1.42704e+08 2.46516e+08
1.36278e+08 2.49395e+08
1.29749e+08 2.52082e+08
1.23121e+08 2.54572e+08
1.16399e+08 2.5686e+08
1.0959e+08 2.58944e+08
1.02699e+08 2.60819e+08
9.57314e+07 2.62482e+08
8.86944e+07 2.63929e+08
8.1594e+07 2.65156e+08
7.44366e+07 2.66161e+08
6.7229e+07 2.66939e+08
5.99779e+07 2.67489e+08
5.26905e+07 2.67808e+08
4.5374e+07 2.67892e+08
3.80359e+07 2.6774e+08
3.06836e+07 2.67349e+08
2.3325e+07 2.66718e+08
1.59679e+07 2.65844e+08
8.62047e+06 2.64727e+08
1.29089e+06 2.63365e+08
-6.01245e+06 2.61757e+08
-1.32811e+07 2.59903e+08
-2.05063e+07 2.57802e+08
-2.76794e+07 2.55455e+08
-3.47916e+07 2.52861e+08
-4.18338e+07 2.50022e+08
-4.87971e+07 2.46937e+08
-5.56724e+07 2.4361e+08
-6.24504e+07 2.40041e+08
-6.9122e+07 2.36232e+08
-7.5678e+07 2.32187e+08
-8.21092e+07 2.27907e+08
-8.84064e+07 2.23397e+08
-9.45605e+07 2.1866e+08
-1.00562e+08 2.137e+08
-1.06403e+08 2.08521e+08
-1.12073e+08 2.03129e+08
-1.17565e+08 1.97529e+08
-1.22869e+08 1.91726e+08
-1.27977e+08 1.85728e+08
-1.32881e+08 1.7954e+08
-1.37572e+08 1.7317e+08
-1.42044e+08 1.66625e+08
-1.46288e+08 1.59913e+08
-1.50298e+08 1.53042e+08
-1.54066e+08 1.46021e+08
-1.57586e+08 1.3886e+08
-1.60852e+08 1.31566e+08
-1.63859e+08 1.2415e+08
-1.666e+08 1.16622e+08
-1.69071e+08 1.08992e+08
-1.71268e+08 1.01271e+08
-1.73187e+08 9.34686e+07
-1.74824e+08 8.55965e+07
-1.76177e+08 7.76657e+07
-1.77242e+08 6.96874e+07
-1.78019e+08 6.1673e+07
-1.78506e+08 5.36339e+07
-1.78701e+08 4.55817e+07
-1.78605e+08 3.75279e+07
-1.78219e+08 2.9484e+07
-1.77542e+08 2.14616e+07
-1.76576e+08 1.3472e+07
-1.75323e+08 5.52659e+06
-1.73786e+08 -2.36341e+06
-1.71967e+08 -1.0187e+07
-1.6987e+08 -1.79332e+07
-1.67499e+08 -2.55915e+07
-1.64858e+08 -3.31514e+07
-1.61951e+08 -4.06028e+07
-1.58785e+08 -4.79358e+07
-1.55364e+08 -5.51409e+07
-1.51695e+08 -6.22088e+07
-1.47785e+08 -6.91306e+07
-1.43639e+08 -7.58978e+07
-1.39265e+08 -8.25023e+07
-1.3467e+08 -8.89361e+07
-1.29863e+08 -9.5192e+07
-1.2485e+08 -1.01263e+08
-1.1964e+08 -1.07142e+08
-1.14241e+08 -1.12824e+08
-1.08662e+08 -1.18302e+08
-1.02911e+08 -1.23572e+08
-9.69964e+07 -1.28627e+08
-9.09277e+07 -1.33464e+08
-8.47137e+07 -1.38079e+08
-7.83631e+07 -1.42467e+08
-7.1885e+07 -1.46626e+08
-6.52884e+07 -1.50553e+08
-5.85823e+07 -1.54244e+08
-5.17756e+07 -1.57698e+08
-4.48773e+07 -1.60913e+08
-3.78962e+07 -1.63888e+08
-3.08413e+07 -1.66621e+08
-2.37212e+07 -1.69111e+08
-1.65447e+07 -1.71359e+08
-9.32023e+06 -1.73364e+08
-2.05632e+06 -1.75126e+08
5.23871e+06 -1.76645e+08
1.25567e+07 -1.77923e+08
1.98895e+07 -1.78959e+08
2.72292e+07 -1.79757e+08
3.45681e+07 -1.80316e+08
4.18985e+07 -1.80639e+08
4.92129e+07 -1.80728e+08
5.65041e+07 -1.80585e+08
6.37649e+07 -1.80211e+08
7.09884e+07 -1.79611e+08
7.81676e+07 -1.78785e+08
8.52961e+07 -1.77738e+08
9.23673e+07 -1.76472e+08
9.93749e+07 -1.74991e+08
1.06313e+08 -1.73297e+08
1.13175e+08 -1.71394e+08
1.19956e+08 -1.69287e+08
1.2665e+08 -1.66977e+08
1.33252e+08 -1.6447e+08
1.39755e+08 -1.6177e+08
1.46156e+08 -1.58879e+08
1.52449e+08 -1.55803e+08
1.5863e+08 -1.52545e+08
1.64694e+08 -1.4911e+08
1.70636e+08 -1.45502e+08
1.76452e+08 -1.41725e+08
1.82138e+08 -1.37784e+08
1.8769e+08 -1.33684e+08
1.93104e+08 -1.29428e+08
1.98376e+08 -1.25022e+08
2.03504e+08 -1.2047e+08
2.08483e+08 -1.15777e+08
2.1331e+08 -1.10948e+08
2.17982e+08 -1.05987e+08
2.22497e+08 -1.00899e+08
2.26851e+08 -9.56892e+07
2.31041e+08 -9.03621e+07
2.35065e+08 -8.49227e+07
2.38921e+08 -7.93759e+07
2.42605e+08 -7.37266e+07
2.46117e+08 -6.79798e+07
2.49453e+08 -6.21404e+07
2.52613e+08 -5.62134e+07
2.55593e+08 -5.02037e+07
2.58392e+08 -4.41164e+07
2.61009e+08 -3.79565e+07
2.63442e+08 -3.17291e+07
2.6569e+08 -2.5439e+07
2.67751e+08 -1.90915e+07
2.69624e+08 -1.26915e+07
2.71308e+08 -6.24404e+06
2.72803e+08 245708
2.74106e+08 6.77271e+06
2.75219e+08 1.33319e+07
2.76139e+08 1.99182e+07
2.76866e+08 2.65264e+07
2.774e+08 3.31516e+07
2.7774e+08 3.97885e+07
2.77887e+08 4.64322e+07
2.7784e+08 5.30774e+07
2.77599e+08 5.9719e+07
2.77164e+08 6.6352e+07
2.76536e+08 7.29713e+07
2.75714e+08 7.95716e+07
2.747e+08 8.61479e+07
2.73492e+08 9.2695e+07
2.72093e+08 9.92078e+07
2.70503e+08 1.05681e+08
2.68723e+08 1.1211e+08
2.66753e+08 1.18489e+08
2.64595e+08 1.24814e+08
2.6225e+08 1.31078e+08
2.59719e+08 1.37277e+08
2.57003e+08 1.43406e+08
2.54105e+08 1.4946e+08
2.51025e+08 1.55434e+08
2.47765e+08 1.61322e+08
2.44328e+08 1.67119e+08
2.40715e+08 1.7282e+08
2.36929e+08 1.78421e+08
2.32971e+08 1.83916e+08
2.28844e+08 1.893e+08
2.2455e+08 1.94568e+08
2.20093e+08 1.99715e+08
2.15475e+08 2.04736e+08
2.10699e+08 2.09626e+08
2.05768e+08 2.14381e+08
2.00685e+08 2.18995e+08
1.95454e+08 2.23463e+08
1.90077e+08 2.2778e+08
1.8456e+08 2.31943e+08
1.78905e+08 2.35945e+08
1.73117e+08 2.39783e+08
1.672e+08 2.43452e+08
1.61158e+08 2.46946e+08
1.54996e+08 2.50262e+08
1.48718e+08 2.53396e+08
1.42329e+08 2.56342e+08
1.35835e+08 2.59097e+08
1.29239e+08 2.61656e+08
1.22549e+08 2.64015e+08
1.15768e+08 2.66171e+08
1.08904e+08 2.68119e+08
1.01962e+08 2.69856e+08
9.49475e+07 2.71378e+08
8.78674e+07 2.72681e+08
8.07282e+07 2.73762e+08
7.35363e+07 2.74619e+08
6.62986e+07 2.75248e+08
5.90222e+07 2.75646e+08
5.17142e+07 2.7581e+08
4.4382e+07 2.75739e+08
3.7033e+07 2.75429e+08
2.96752e+07 2.7488e+08
2.23161e+07 2.74089e+08
1.4964e+07 2.73054e+08
7.62704e+06 2.71775e+08
313469 2.7025e+08
-6.96821e+06 2.68479e+08
-1.42094e+07 2.66461e+08
-2.14014e+07 2.64197e+08
-2.85353e+07 2.61685e+08
-3.56023e+07 2.58928e+08
-4.25932e+07 2.55926e+08
-4.94992e+07 2.5268e+08
-5.63109e+07 2.49191e+08
-6.30192e+07 2.45463e+08
-6.9615e+07 2.41496e+08
-7.60889e+07 2.37295e+08
-8.24319e+07 2.32861e+08
-8.86347e+07 2.28199e+08
-9.46882e+07 2.23313e+08
-1.00583e+08 2.18206e+08
-1.06311e+08 2.12885e+08
-1.11863e+08 2.07354e+08
-1.17231e+08 2.01618e+08
-1.22405e+08 1.95685e+08
-1.27377e+08 1.89559e+08
-1.3214e+08 1.8325e+08
-1.36686e+08 1.76762e+08
-1.41006e+08 1.70106e+08
-1.45095e+08 1.63288e+08
-1.48944e+08 1.56317e+08
-1.52547e+08 1.49201e+08
-1.55899e+08 1.41952e+08
-1.58992e+08 1.34576e+08
-1.61822e+08 1.27085e+08
-1.64384e+08 1.19489e+08
-1.66674e+08 1.11798e+08
-1.68686e+08 1.04023e+08
-1.70418e+08 9.61741e+07
-1.71867e+08 8.82629e+07
-1.73029e+08 8.03004e+07
-1.73903e+08 7.22981e+07
-1.74488e+08 6.42673e+07
-1.74782e+08 5.62195e+07
-1.74785e+08 4.81663e+07
-1.74497e+08 4.01191e+07
-1.73919e+08 3.20894e+07
-1.73052e+08 2.40887e+07
-1.71898e+08 1.61284e+07
-1.70458e+08 8.21968e+06
-1.68736e+08 373594
-1.66734e+08 -7.39893e+06
-1.64458e+08 -1.50872e+07
-1.6191e+08 -2.26807e+07
-1.59095e+08 -3.01693e+07
-1.56019e+08 -3.7543e+07
-1.52687e+08 -4.47921e+07
-1.49105e+08 -5.19074e+07
-1.45279e+08 -5.88798e+07
-1.41216e+08 -6.57007e+07
-1.36923e+08 -7.23619e+07
-1.32407e+08 -7.88553e+07
-1.27675e+08 -8.51736e+07
-1.22735e+08 -9.13096e+07
-1.17596e+08 -9.72566e+07
-1.12265e+08 -1.03008e+08
-1.06751e+08 -1.08559e+08
-1.01062e+08 -1.13902e+08
-9.52071e+07 -1.19034e+08
-8.91949e+07 -1.2395e+08
-8.30342e+07 -1.28644e+08
-7.6734e+07 -1.33114e+08
-7.03032e+07 -1.37356e+08
-6.37507e+07 -1.41367e+08
-5.70855e+07 -1.45145e+08
-5.03167e+07 -1.48686e+08
-4.34531e+07 -1.51988e+08
-3.65035e+07 -1.55052e+08
-2.9477e+07 -1.57874e+08
-2.23821e+07 -1.60455e+08
-1.52276e+07 -1.62793e+08
-8.02208e+06 -1.64888e+08
-773979 -1.66741e+08
6.50834e+06 -1.68352e+08
1.38167e+07 -1.69721e+08
2.11428e+07 -1.70849e+08
2.8479e+07 -1.71738e+08
3.58172e+07 -1.72388e+08
4.31499e+07 -1.72801e+08
5.04696e+07 -1.7298e+08
5.77688e+07 -1.72926e+08
6.50404e+07 -1.72642e+08
7.22775e+07 -1.72129e+08
7.9473e+07 -1.71391e+08
8.66205e+07 -1.70431e+08
9.37132e+07 -1.69251e+08
1.00745e+08 -1.67854e+08
1.0771e+08 -1.66244e+08
1.14601e+08 -1.64424e+08
1.21413e+08 -1.62398e+08
1.28141e+08 -1.60168e+08
1.34779e+08 -1.5774e+08
1.41321e+08 -1.55117e+08
1.47762e+08 -1.52303e+08
1.54098e+08 -1.49301e+08
1.60323e+08 -1.46116e+08
1.66433e+08 -1.42753e+08
1.72424e+08 -1.39215e+08
1.7829e+08 -1.35507e+08
1.84029e+08 -1.31632e+08
1.89635e+08 -1.27597e+08
1.95105e+08 -1.23405e+08
2.00435e+08 -1.1906e+08
2.05621e+08 -1.14568e+08
2.10661e+08 -1.09933e+08
2.1555e+08 -1.0516e+08
2.20286e+08 -1.00253e+08
2.24865e+08 -9.52172e+07
2.29285e+08 -9.00576e+07
2.33542e+08 -8.47789e+07
2.37635e+08 -7.93858e+07
2.4156e+08 -7.38834e+07
2.45316e+08 -6.82765e+07
2.48899e+08 -6.257e+07
2.52309e+08 -5.67688e+07
2.55542e+08 -5.0878e+07
2.58596e+08 -4.49025e+07
2.61471e+08 -3.88472e+07
2.64164e+08 -3.27173e+07
2.66674e+08 -2.65176e+07
2.68999e+08 -2.02532e+07
2.71138e+08 -1.39291e+07
2.7309e+08 -7.55049e+06
2.74854e+08 -1.12229e+06
2.76427e+08 5.35042e+06
2.77811e+08 1.18626e+07
2.79003e+08 1.8409e+07
2.80004e+08 2.49848e+07
2.80812e+08 3.15847e+07
2.81427e+08 3.82038e+07
2.81848e+08 4.48368e+07
2.82076e+08 5.14787e+07
2.8211e+08 5.81243e+07
2.8195e+08 6.47686e+07
2.81596e+08 7.14065e+07
2.81048e+08 7.80327e+07
2.80307e+08 8.46422e+07
2.79372e+08 9.12299e+07
2.78245e+08 9.77906e+07
2.76926e+08 1.04319e+08
2.75415e+08 1.1081e+08
2.73713e+08 1.17259e+08
2.71821e+08 1.23661e+08
2.69741e+08 1.30009e+08
2.67472e+08 1.363e+08
2.65017e+08 1.42528e+08
2.62377e+08 1.48688e+08
2.59553e+08 1.54775e+08
2.56546e+08 1.60783e+08
2.5336e+08 1.66708e+08
2.49994e+08 1.72544e+08
2.46452e+08 1.78286e+08
2.42735e+08 1.8393e+08
2.38845e+08 1.8947e+08
2.34785e+08 1.94901e+08
2.30558e+08 2.00218e+08
2.26165e+08 2.05416e+08
2.2161e+08 2.1049e+08
2.16896e+08 2.15434e+08
2.12025e+08 2.20245e+08
2.07e+08 2.24917e+08
2.01826e+08 2.29445e+08
1.96505e+08 2.33824e+08
1.91041e+08 2.3805e+08
1.85438e+08 2.42117e+08
1.797e+08 2.46021e+08
1.73831e+08 2.49758e+08
1.67835e+08 2.53322e+08
1.61716e+08 2.56709e+08
1.5548e+08 2.59915e+08
1.49131e+08 2.62935e+08
1.42674e+08 2.65764e+08
1.36114e+08 2.68399e+08
1.29456e+08 2.70836e+08
1.22707e+08 2.7307e+08
1.15871e+08 2.75098e+08
1.08954e+08 2.76915e+08
1.01963e+08 2.78518e+08
9.4904e+07 2.79903e+08
8.77829e+07 2.81068e+08
8.06066e+07 2.82008e+08
7.33818e+07 2.82721e+08
6.61156e+07 2.83203e+08
5.88151e+07 2.83453e+08
5.14876e+07 2.83467e+08
4.41405e+07 2.83243e+08
3.67817e+07 2.82779e+08
2.9419e+07 2.82073e+08
2.20603e+07 2.81124e+08
1.47138e+07 2.7993e+08
7.38783e+06 2.78491e+08
90880.5 2.76804e+08
-7.16847e+06 2.74871e+08
-1.43815e+07 2.7269e+08
-2.15394e+07 2.70261e+08
-2.86332e+07 2.67586e+08
-3.56539e+07 2.64665e+08
-4.25924e+07 2.61499e+08
-4.94394e+07 2.58089e+08
-5.61859e+07 2.54438e+08
-6.28226e+07 2.50548e+08
-6.93401e+07 2.46421e+08
-7.57293e+07 2.4206e+08
-8.1981e+07 2.37469e+08
-8.80859e+07 2.32652e+08
-9.4035e+07 2.27613e+08
-9.98193e+07 2.22357e+08
-1.0543e+08 2.16889e+08
-1.10858e+08 2.11214e+08
-1.16095e+08 2.05339e+08
-1.21132e+08 1.9927e+08
-1.25962e+08 1.93014e+08
-1.30577e+08 1.86577e+08
-1.34968e+08 1.79969e+08
-1.39128e+08 1.73196e+08
-1.43051e+08 1.66267e+08
-1.4673e+08 1.59191e+08
-1.50158e+08 1.51978e+08
-1.53329e+08 1.44636e+08
-1.56238e+08 1.37176e+08
-1.58879e+08 1.29607e+08
-1.61248e+08 1.2194e+08
-1.63342e+08 1.14185e+08
-1.65155e+08 1.06354e+08
-1.66685e+08 9.84575e+07
-1.67929e+08 9.05064e+07
-1.68885e+08 8.25123e+07
-1.69552e+08 7.44865e+07
-1.69928e+08 6.64405e+07
-1.70012e+08 5.83859e+07
-1.69805e+08 5.03343e+07
-1.69308e+08 4.22971e+07
-1.6852e+08 3.4286e+07
-1.67444e+08 2.63122e+07
-1.66083e+08 1.8387e+07
-1.64437e+08 1.05216e+07
-1.62512e+08 2.72703e+06
-1.6031e+08 -4.98605e+06
-1.57835e+08 -1.26071e+07
-1.55093e+08 -2.01257e+07
-1.52087e+08 -2.7532e+07
-1.48824e+08 -3.48162e+07
-1.45309e+08 -4.19689e+07
-1.41549e+08 -4.8981e+07
-1.3755e+08 -5.58439e+07
-1.33319e+08 -6.2549e+07
-1.28862e+08 -6.90886e+07
-1.24189e+08 -7.54549e+07
-1.19305e+08 -8.16408e+07
-1.1422e+08 -8.76394e+07
-1.08941e+08 -9.34444e+07
-1.03477e+08 -9.90499e+07
-9.78362e+07 -1.0445e+08
-9.20271e+07 -1.0964e+08
-8.60584e+07 -1.14615e+08
-7.99391e+07 -1.1937e+08
-7.36781e+07 -1.23902e+08
-6.72842e+07 -1.28207e+08
-6.07664e+07 -1.32282e+08
-5.41337e+07 -1.36124e+08
-4.7395e+07 -1.39731e+08
-4.05593e+07 -1.43101e+08
-3.36354e+07 -1.46232e+08
-2.66322e+07 -1.49123e+08
-1.95584e+07 -1.51772e+08
-1.24227e+07 -1.5418e+08
-5.23371e+06 -1.56346e+08
2.00014e+06 -1.58269e+08
9.27048e+06 -1.59951e+08
1.65691e+07 -1.61391e+08
2.38878e+07 -1.6259e+08
3.12187e+07 -1.63551e+08
3.8554e+07 -1.64273e+08
4.5886e+07 -1.64758e+08
5.32071e+07 -1.65009e+08
6.05101e+07 -1.65027e+08
6.77877e+07 -1.64815e+08
7.50328e+07 -1.64374e+08
8.22387e+07 -1.63708e+08
8.93986e+07 -1.62818e+08
9.65061e+07 -1.61709e+08
1.03555e+08 -1.60383e+08
1.10538e+08 -1.58843e+08
1.17451e+08 -1.57093e+08
1.24286e+08 -1.55136e+08
1.31039e+08 -1.52976e+08
1.37704e+08 -1.50616e+08
1.44276e+08 -1.48061e+08
1.50749e+08 -1.45313e+08
1.57118e+08 -1.42378e+08
1.63379e+08 -1.39259e+08
1.69526e+08 -1.3596e+08
1.75556e+08 -1.32486e+08
1.81464e+08 -1.2884e+08
1.87246e+08 -1.25028e+08
1.92897e+08 -1.21054e+08
1.98415e+08 -1.16921e+08
2.03794e+08 -1.12636e+08
2.09031e+08 -1.08201e+08
2.14123e+08 -1.03623e+08
2.19067e+08 -9.89044e+07
2.23859e+08 -9.40514e+07
2.28497e+08 -8.90683e+07
2.32977e+08 -8.39598e+07
2.37296e+08 -7.87308e+07
2.41452e+08 -7.33861e+07
2.45442e+08 -6.79304e+07
2.49264e+08 -6.23686e+07
2.52915e+08 -5.67057e+07
2.56394e+08 -5.09465e+07
2.59698e+08 -4.50959e+07
2.62826e+08 -3.91588e+07
2.65775e+08 -3.31402e+07
2.68543e+08 -2.7045e+07
2.7113e+08 -2.08783e+07
2.73534e+08 -1.46449e+07
2.75752e+08 -8.34991e+06
2.77785e+08 -1.99828e+06
2.7963e+08 4.40496e+06
2.81287e+08 1.08548e+07
2.82755e+08 1.73462e+07
2.84032e+08 2.38742e+07
2.85119e+08 3.04337e+07
2.86014e+08 3.70196e+07
2.86718e+08 4.36269e+07
2.87228e+08 5.02506e+07
2.87546e+08 5.68855e+07
2.8767e+08 6.35266e+07
2.87602e+08 7.01689e+07
2.8734e+08 7.68072e+07
2.86885e+08 8.34364e+07
2.86236e+08 9.00515e+07
2.85395e+08 9.66474e+07
2.84362e+08 1.03219e+08
2.83137e+08 1.09761e+08
2.8172e+08 1.16269e+08
2.80113e+08 1.22736e+08
2.78316e+08 1.29159e+08
2.7633e+08 1.35533e+08
2.74156e+08 1.41851e+08
2.71795e+08 1.48109e+08
2.69249e+08 1.54302e+08
2.66518e+08 1.60424e+08
2.63606e+08 1.66472e+08
2.60512e+08 1.72438e+08
2.57238e+08 1.78319e+08
2.53787e+08 1.84109e+08
2.50161e+08 1.89803e+08
2.46362e+08 1.95397e+08
2.42391e+08 2.00884e+08
2.38251e+08 2.0626e+08
2.33945e+08 2.1152e+08
2.29475e+08 2.1666e+08
2.24845e+08 2.21672e+08
2.20056e+08 2.26554e+08
2.15113e+08 2.313e+08
2.10018e+08 2.35905e+08
2.04774e+08 2.40364e+08
1.99386e+08 2.44672e+08
1.93856e+08 2.48824e+08
1.88189e+08 2.52817e+08
1.82389e+08 2.56644e+08
1.76459e+08 2.60301e+08
1.70404e+08 2.63784e+08
1.6423e+08 2.67088e+08
1.57939e+08 2.70209e+08
1.51538e+08 2.73142e+08
1.4503e+08 2.75882e+08
1.38422e+08 2.78427e+08
1.31719e+08 2.8077e+08
1.24926e+08 2.8291e+08
1.18049e+08 2.8484e+08
1.11094e+08 2.86559e+08
1.04067e+08 2.88061e+08
9.69749e+07 2.89344e+08
8.98235e+07 2.90405e+08
8.26197e+07 2.91239e+08
7.53704e+07 2.91843e+08
6.80828e+07 2.92216e+08
6.07639e+07 2.92354e+08
5.34214e+07 2.92255e+08
4.60627e+07 2.91917e+08
3.86957e+07 2.91337e+08
3.13284e+07 2.90513e+08
2.39689e+07 2.89445e+08
1.66254e+07 2.8813e+08
9.30645e+06 2.86569e+08
2.02059e+06 2.84759e+08
-5.22345e+06 2.82701e+08
-1.24168e+07 2.80395e+08
-1.95506e+07 2.7784e+08
-2.66156e+07 2.75038e+08
-3.36028e+07 2.71989e+08
-4.0503e+07 2.68695e+08
-4.73067e+07 2.65157e+08
-5.40048e+07 2.61377e+08
-6.05877e+07 2.57358e+08
-6.70463e+07 2.53102e+08
-7.33711e+07 2.48613e+08
-7.95528e+07 2.43895e+08
-8.55821e+07 2.38951e+08
-9.14499e+07 2.33786e+08
-9.71471e+07 2.28406e+08
-1.02665e+08 2.22815e+08
-1.07994e+08 2.17019e+08
-1.13126e+08 2.11025e+08
-1.18053e+08 2.04839e+08
-1.22766e+08 1.98469e+08
-1.27258e+08 1.91922e+08
-1.31521e+08 1.85206e+08
-1.35547e+08 1.78329e+08
-1.3933e+08 1.713e+08
-1.42862e+08 1.64129e+08
-1.46139e+08 1.56824e+08
-1.49153e+08 1.49396e+08
-1.51899e+08 1.41854e+08
-1.54373e+08 1.3421e+08
-1.5657e+08 1.26473e+08
-1.58486e+08 1.18655e+08
-1.60118e+08 1.10767e+08
-1.61462e+08 1.0282e+08
-1.62516e+08 9.4825e+07
-1.63279e+08 8.67947e+07
-1.63748e+08 7.87401e+07
-1.63924e+08 7.06732e+07
-1.63806e+08 6.26056e+07
-1.63394e+08 5.4549e+07
-1.62689e+08 4.65152e+07
-1.61693e+08 3.85158e+07
-1.60408e+08 3.05623e+07
-1.58836e+08 2.2666e+07
-1.5698e+08 1.48383e+07
-1.54844e+08 7.09009e+06
-1.52432e+08 -567836
-1.49748e+08 -8.12494e+06
-1.46798e+08 -1.5571e+07
-1.43586e+08 -2.28959e+07
-1.4012e+08 -3.00902e+07
-1.36404e+08 -3.71445e+07
-1.32446e+08 -4.40499e+07
-1.28252e+08 -5.07978e+07
-1.2383e+08 -5.738e+07
-1.19188e+08 -6.37888e+07
-1.14332e+08 -7.00167e+07
-1.09272e+08 -7.60568e+07
-1.04015e+08 -8.19026e+07
-9.857e+07 -8.75478e+07
-9.29456e+07 -9.29869e+07
-8.71504e+07 -9.82145e+07
-8.11935e+07 -1.03226e+08
-7.50836e+07 -1.08016e+08
-6.88299e+07 -1.12582e+08
-6.24415e+07 -1.1692e+08
-5.59274e+07 -1.21026e+08
-4.92968e+07 -1.24897e+08
-4.25588e+07 -1.28532e+08
-3.57223e+07 -1.31928e+08
-2.87966e+07 -1.35083e+08
-2.17905e+07 -1.37997e+08
-1.47129e+07 -1.40668e+08
-7.57263e+06 -1.43095e+08
-378385 -1.45279e+08
6.86124e+06 -1.47219e+08
1.41378e+07 -1.48916e+08
2.14429e+07 -1.5037e+08
2.87684e+07 -1.51582e+08
3.61062e+07 -1.52553e+08
4.34484e+07 -1.53285e+08
5.07872e+07 -1.53779e+08
5.81152e+07 -1.54038e+08
6.54248e+07 -1.54062e+08
7.27088e+07 -1.53855e+08
7.99601e+07 -1.53419e+08
8.71718e+07 -1.52757e+08
9.43372e+07 -1.5187e+08
1.0145e+08 -1.50764e+08
1.08503e+08 -1.49439e+08
1.15491e+08 -1.47901e+08
1.22407e+08 -1.46152e+08
1.29246e+08 -1.44196e+08
1.36002e+08 -1.42036e+08
1.4267e+08 -1.39676e+08
1.49244e+08 -1.3712e+08
1.55718e+08 -1.34373e+08
1.62089e+08 -1.31437e+08
1.68351e+08 -1.28318e+08
1.74499e+08 -1.25019e+08
1.8053e+08 -1.21545e+08
1.86438e+08 -1.179e+08
1.9222e+08 -1.14088e+08
1.97871e+08 -1.10115e+08
2.03388e+08 -1.05984e+08
2.08767e+08 -1.017e+08
2.14004e+08 -9.72671e+07
2.19096e+08 -9.2691e+07
2.2404e+08 -8.79759e+07
2.28832e+08 -8.31265e+07
2.33469e+08 -7.81475e+07
2.3795e+08 -7.30437e+07
2.4227e+08 -6.78199e+07
2.46427e+08 -6.24808e+07
2.50419e+08 -5.70315e+07
2.54243e+08 -5.14766e+07
2.57898e+08 -4.58211e+07
2.6138e+08 -4.00698e+07
2.64689e+08 -3.42277e+07
2.67821e+08 -2.82996e+07
2.70776e+08 -2.22905e+07
2.73552e+08 -1.62053e+07
2.76146e+08 -1.0049e+07
2.78559e+08 -3.82639e+06
2.80787e+08 2.45747e+06
2.82831e+08 8.79764e+06
2.84689e+08 1.51892e+07
2.8636e+08 2.16271e+07
2.87843e+08 2.81064e+07
2.89138e+08 3.46222e+07
2.90243e+08 4.11694e+07
2.91158e+08 4.77431e+07
2.91882e+08 5.43384e+07
2.92416e+08 6.09501e+07
2.92758e+08 6.75734e+07
2.92909e+08 7.42032e+07
2.92869e+08 8.08345e+07
2.92637e+08 8.74624e+07
2.92214e+08 9.40819e+07
2.91599e+08 1.00688e+08
2.90794e+08 1.07276e+08
2.89798e+08 1.1384e+08
2.88613e+08 1.20375e+08
2.87237e+08 1.26878e+08
2.85674e+08 1.33342e+08
2.83922e+08 1.39762e+08
2.81983e+08 1.46134e+08
2.79859e+08 1.52453e+08
2.7755e+08 1.58713e+08
2.75057e+08 1.6491e+08
2.72382e+08 1.71038e+08
2.69526e+08 1.77094e+08
2.66491e+08 1.8307e+08
2.63278e+08 1.88964e+08
2.5989e+08 1.94769e+08
2.56328e+08 2.00481e+08
2.52595e+08 2.06095e+08
2.48691e+08 2.11606e+08
2.44621e+08 2.17009e+08
2.40386e+08 2.22299e+08
2.35988e+08 2.27472e+08
2.3143e+08 2.32521e+08
2.26716e+08 2.37443e+08
2.21848e+08 2.42233e+08
2.16829e+08 2.46886e+08
2.11663e+08 2.51397e+08
2.06352e+08 2.55761e+08
2.009e+08 2.59974e+08
1.95312e+08 2.64032e+08
1.8959e+08 2.67928e+08
1.83739e+08 2.7166e+08
1.77763e+08 2.75222e+08
1.71666e+08 2.7861e+08
1.65453e+08 2.81819e+08
1.59128e+08 2.84846e+08
1.52696e+08 2.87686e+08
1.46162e+08 2.90335e+08
1.39531e+08 2.92789e+08
1.32808e+08 2.95043e+08
1.26e+08 2.97095e+08
1.19111e+08 2.98939e+08
1.12147e+08 3.00574e+08
1.05115e+08 3.01994e+08
9.80204e+07 3.03197e+08
9.08699e+07 3.04179e+08
8.367e+07 3.04938e+08
7.64274e+07 3.0547e+08
6.9149e+07 3.05773e+08
6.1842e+07 3.05843e+08
5.45135e+07 3.0568e+08
4.71711e+07 3.0528e+08
3.98223e+07 3.04641e+08
3.2475e+07 3.03763e+08
2.5137e+07 3.02643e+08
1.78165e+07 3.01279e+08
1.05216e+07 2.99673e+08
3.26089e+06 2.97821e+08
-3.95725e+06 2.95725e+08
-1.11242e+07 2.93383e+08
-1.82311e+07 2.90797e+08
-2.52691e+07 2.87967e+08
-3.22294e+07 2.84893e+08
-3.91029e+07 2.81577e+08
-4.58805e+07 2.78021e+08
-5.2553e+07 2.74226e+08
-5.91114e+07 2.70194e+08
-6.55464e+07 2.6593e+08
-7.18488e+07 2.61435e+08
-7.80096e+07 2.56713e+08
-8.40197e+07 2.51769e+08
-8.98699e+07 2.46606e+08
-9.55515e+07 2.41229e+08
-1.01055e+08 2.35644e+08
-1.06373e+08 2.29857e+08
-1.11496e+08 2.23872e+08
-1.16416e+08 2.17698e+08
-1.21125e+08 2.1134e+08
-1.25615e+08 2.04807e+08
-1.29878e+08 1.98105e+08
-1.33907e+08 1.91244e+08
-1.37695e+08 1.84231e+08
-1.41235e+08 1.77075e+08
-1.44522e+08 1.69787e+08
-1.47548e+08 1.62374e+08
-1.5031e+08 1.54848e+08
-1.528e+08 1.47218e+08
-1.55017e+08 1.39495e+08
-1.56953e+08 1.3169e+08
-1.58608e+08 1.23814e+08
-1.59976e+08 1.15877e+08
-1.61056e+08 1.07892e+08
-1.61846e+08 9.98692e+07
-1.62344e+08 9.18206e+07
-1.62548e+08 8.37579e+07
-1.6246e+08 7.56927e+07
-1.62078e+08 6.76368e+07
-1.61403e+08 5.96018e+07
-1.60438e+08 5.15993e+07
-1.59182e+08 4.3641e+07
-1.5764e+08 3.57381e+07
-1.55813e+08 2.7902e+07
-1.53705e+08 2.01439e+07
-1.5132e+08 1.24744e+07
-1.48663e+08 4.90438e+06
-1.45737e+08 -2.55587e+06
-1.42549e+08 -9.89624e+06
-1.39104e+08 -1.71069e+07
-1.35407e+08 -2.41784e+07
-1.31467e+08 -3.11017e+07
-1.27289e+08 -3.7868e+07
-1.22881e+08 -4.44688e+07
-1.1825e+08 -5.08963e+07
-1.13404e+08 -5.71428e+07
-1.08351e+08 -6.32011e+07
-1.03099e+08 -6.90646e+07
-9.76565e+07 -7.47269e+07
-9.20328e+07 -8.0182e+07
-8.62362e+07 -8.54246e+07
-8.02758e+07 -9.04495e+07
-7.41605e+07 -9.52522e+07
-6.78995e+07 -9.98284e+07
-6.1502e+07 -1.04174e+08
-5.49772e+07 -1.08287e+08
-4.83343e+07 -1.12163e+08
-4.15826e+07 -1.158e+08
-3.47313e+07 -1.19195e+08
-2.77896e+07 -1.22348e+08
-2.07666e+07 -1.25256e+08
-1.36713e+07 -1.27918e+08
-6.51283e+06 -1.30334e+08
700041 -1.32504e+08
7.9585e+06 -1.34427e+08
1.52539e+07 -1.36103e+08
2.25777e+07 -1.37534e+08
2.99215e+07 -1.3872e+08
3.72771e+07 -1.39662e+08
4.46364e+07 -1.40362e+08
5.19914e+07 -1.4082e+08
5.93344e+07 -1.4104e+08
6.66577e+07 -1.41023e+08
7.3954e+07 -1.40772e+08
8.12159e+07 -1.40288e+08
8.84364e+07 -1.39576e+08
9.56086e+07 -1.38637e+08
1.02726e+08 -1.37474e+08
1.09781e+08 -1.36092e+08
1.16769e+08 -1.34493e+08
1.23683e+08 -1.32681e+08
1.30516e+08 -1.30659e+08
1.37264e+08 -1.28432e+08
1.4392e+08 -1.26002e+08
1.50479e+08 -1.23375e+08
1.56936e+08 -1.20555e+08
1.63286e+08 -1.17545e+08
1.69524e+08 -1.14349e+08
1.75644e+08 -1.10973e+08
1.81643e+08 -1.0742e+08
1.87516e+08 -1.03696e+08
1.93258e+08 -9.98037e+07
1.98867e+08 -9.57491e+07
2.04337e+08 -9.15364e+07
2.09665e+08 -8.71704e+07
2.14847e+08 -8.26559e+07
2.1988e+08 -7.79976e+07
2.24761e+08 -7.32005e+07
2.29486e+08 -6.82694e+07
2.34053e+08 -6.32092e+07
2.38458e+08 -5.80248e+07
2.42698e+08 -5.27213e+07
2.46772e+08 -4.73036e+07
2.50677e+08 -4.17767e+07
2.5441e+08 -3.61456e+07
2.57968e+08 -3.04154e+07
2.61351e+08 -2.45911e+07
2.64556e+08 -1.86778e+07
2.67581e+08 -1.26806e+07
2.70424e+08 -6.60448e+06
2.73085e+08 -454614
2.7556e+08 5.76393e+06
2.7785e+08 1.2046e+07
2.79952e+08 1.83866e+07
2.81866e+08 2.47805e+07
2.8359e+08 3.12227e+07
2.85124e+08 3.7708e+07
2.86467e+08 4.42313e+07
2.87618e+08 5.07874e+07
2.88576e+08 5.73713e+07
2.89341e+08 6.39779e+07
2.89913e+08 7.0602e+07
2.90291e+08 7.72385e+07
2.90476e+08 8.38822e+07
2.90466e+08 9.05281e+07
2.90262e+08 9.71711e+07
2.89865e+08 1.03806e+08
2.89274e+08 1.10428e+08
2.8849e+08 1.17031e+08
2.87513e+08 1.23611e+08
2.86344e+08 1.30163e+08
2.84983e+08 1.3668e+08
2.83432e+08 1.4316e+08
2.81691e+08 1.49595e+08
2.79761e+08 1.55982e+08
2.77643e+08 1.62314e+08
2.75338e+08 1.68588e+08
2.72848e+08 1.74797e+08
2.70174e+08 1.80937e+08
2.67318e+08 1.87003e+08
2.64281e+08 1.9299e+08
2.61066e+08 1.98893e+08
2.57673e+08 2.04706e+08
2.54105e+08 2.10425e+08
2.50364e+08 2.16045e+08
2.46453e+08 2.2156e+08
2.42373e+08 2.26966e+08
2.38128e+08 2.32258e+08
2.3372e+08 2.37432e+08
2.29151e+08 2.42481e+08
2.24425e+08 2.47401e+08
2.19544e+08 2.52188e+08
2.14512e+08 2.56836e+08
2.09332e+08 2.61342e+08
2.04008e+08 2.65699e+08
1.98543e+08 2.69904e+08
1.92941e+08 2.73951e+08
1.87206e+08 2.77837e+08
1.81341e+08 2.81557e+08
