0.938383 -26.4818
1.87511 -26.4274
2.80855 -26.3367
3.73705 -26.2101
4.659 -26.0479
5.57283 -25.8505
6.47697 -25.6184
7.3699 -25.3521
8.25015 -25.0524
9.11629 -24.7198
9.96694 -24.3554
10.8008 -23.9598
11.6165 -23.5342
12.413 -23.0793
13.1891 -22.5963
13.9438 -22.0863
14.676 -21.5504
15.3848 -20.9898
16.0694 -20.4057
16.729 -19.7992
17.3629 -19.1717
17.9705 -18.5243
18.5512 -17.8585
19.1046 -17.1753
19.6302 -16.4762
20.1277 -15.7624
20.5968 -15.0351
21.0373 -14.2957
21.449 -13.5453
21.8319 -12.7852
22.186 -12.0165
22.5111 -11.2406
22.8075 -10.4584
23.0752 -9.67127
23.3145 -8.88015
23.5254 -8.08615
23.7083 -7.29033
23.8634 -6.49367
23.991 -5.69716
24.0916 -4.90172
24.1655 -4.10827
24.213 -3.31767
24.2346 -2.53076
24.2308 -1.74833
24.202 -0.971151
24.1487 -0.199952
24.0714 0.56457
23.9706 1.32175
23.8468 2.07096
23.7006 2.8116
23.5324 3.54309
23.3428 4.2649
23.1324 4.97652
22.9017 5.67747
22.6512 6.36729
22.3814 7.04554
22.093 7.71184
21.7865 8.36578
21.4624 9.00703
21.1212 9.63524
20.7634 10.2501
20.3897 10.8513
20.0005 11.4386
19.5963 12.0117
19.1777 12.5704
18.7452 13.1144
18.2991 13.6436
17.8402 14.1577
17.3688 14.6566
16.8853 15.1402
16.3904 15.6081
15.8844 16.0604
15.3679 16.4968
14.8412 16.9172
14.3048 17.3216
13.7591 17.7098
13.2047 18.0817
12.6418 18.4373
12.071 18.7763
11.4927 19.0989
10.9072 19.4048
10.3149 19.6941
9.71631 19.9666
9.11178 20.2223
8.50169 20.4612
7.88644 20.6832
7.26639 20.8882
6.64195 21.0762
6.01347 21.2472
5.38133 21.4012
4.74591 21.538
4.10756 21.6577
3.46666 21.7602
2.82357 21.8456
2.17865 21.9137
1.53226 21.9646
0.884776 21.9983
0.236547 22.0146
-0.412061 22.0137
-1.06069 21.9954
-1.70896 21.9598
-2.35653 21.9069
-3.00302 21.8366
-3.64806 21.749
-4.29128 21.6439
-4.93231 21.5215
-5.57076 21.3817
-6.20627 21.2245
-6.83844 21.05
-7.46688 20.858
-8.0912 20.6487
-8.71101 20.4221
-9.32589 20.1781
-9.93544 19.9168
-10.5392 19.6382
-11.1369 19.3423
-11.7279 19.0292
-12.3119 18.6989
-12.8884 18.3515
-13.457 17.987
-14.0172 17.6055
-14.5686 17.207
-15.1106 16.7916
-15.6429 16.3595
-16.1648 15.9107
-16.6759 15.4453
-17.1758 14.9634
-17.6638 14.4653
-18.1395 13.9509
-18.6023 13.4206
-19.0516 12.8744
-19.4871 12.3126
-19.908 11.7353
-20.3138 11.1429
-20.7039 10.5355
-21.0778 9.91345
-21.4349 9.27701
-21.7745 8.62649
-22.0962 7.96224
-22.3992 7.28463
-22.683 6.59403
-22.9469 5.89088
-23.1904 5.17561
-23.4129 4.4487
-23.6137 3.71066
-23.7922 2.96204
-23.9478 2.2034
-24.0799 1.43535
-24.188 0.658538
-24.2714 -0.126353
-24.3296 -0.918608
-24.362 -1.71747
-24.3681 -2.52214
-24.3474 -3.33179
-24.2993 -4.14554
-24.2234 -4.96248
-24.1192 -5.78164
-23.9864 -6.60205
-23.8244 -7.42265
-23.633 -8.24239
-23.4119 -9.06014
-23.1608 -9.87475
-22.8795 -10.6851
-22.5677 -11.4898
-22.2255 -12.2878
-21.8527 -13.0777
-21.4493 -13.8582
-21.0154 -14.6281
-20.5512 -15.3858
-20.0567 -16.1302
-19.5324 -16.8597
-18.9785 -17.573
-18.3955 -18.2688
-17.7839 -18.9456
-17.1443 -19.6019
-16.4773 -20.2366
-15.7836 -20.8481
-15.0642 -21.4352
-14.3199 -21.9966
-13.5517 -22.5309
-12.7608 -23.0371
-11.9482 -23.5138
-11.1151 -23.9599
-10.263 -24.3745
-9.39312 -24.7565
-8.50695 -25.1049
-7.60598 -25.419
-6.69176 -25.698
-5.76591 -25.9411
-4.83007 -26.1478
-3.88593 -26.3176
-2.9352 -26.4501
-1.97962 -26.545
-1.02096 -26.602
-0.0609831 -26.6212
0.898545 -26.6024
1.85586 -26.5458
2.8092 -26.4517
3.75686 -26.3202
4.6971 -26.1519
5.62828 -25.9471
6.54876 -25.7065
7.45695 -25.4308
8.35132 -25.1207
9.23041 -24.7771
10.0928 -24.4008
10.9371 -23.9929
11.7621 -23.5544
12.5666 -23.0863
13.3493 -22.5898
14.1094 -22.0662
14.8458 -21.5166
15.5576 -20.9423
16.244 -20.3446
16.9043 -19.7248
17.5377 -19.0843
18.1438 -18.4243
18.7221 -17.7462
19.272 -17.0513
19.7933 -16.341
20.2857 -15.6166
20.7489 -14.8795
21.1829 -14.1308
21.5874 -13.3719
21.9627 -12.604
22.3085 -11.8283
22.6251 -11.0461
22.9126 -10.2586
23.1711 -9.46673
23.4009 -8.67174
23.6022 -7.87467
23.7755 -7.07654
23.9209 -6.27834
24.0389 -5.48102
24.1298 -4.68552
24.1942 -3.89271
24.2324 -3.10342
24.2449 -2.31848
24.2322 -1.53865
24.1948 -0.764661
24.1333 0.00278312
24.048 0.76302
23.9397 1.51542
23.8087 2.25938
23.6557 2.99434
23.4812 3.71977
23.2858 4.43516
23.07 5.14003
22.8343 5.83393
22.5794 6.51646
22.3058 7.1872
22.0139 7.84579
21.7045 8.49188
21.378 9.12515
21.0349 9.74529
20.6758 10.352
20.3012 10.9451
19.9116 11.5242
19.5075 12.0892
19.0895 12.6398
18.658 13.1758
18.2135 13.6971
17.7566 14.2035
17.2876 14.6947
16.8071 15.1708
16.3154 15.6315
15.8132 16.0767
15.3007 16.5063
14.7785 16.9202
14.2469 17.3183
13.7065 17.7005
13.1576 18.0667
12.6006 18.4168
12.0359 18.7508
11.4639 19.0686
10.8851 19.3702
10.2998 19.6554
9.70839 19.9243
9.11124 20.1767
8.50873 20.4127
7.90123 20.6322
7.28911 20.8351
6.67272 21.0215
6.05242 21.1912
5.42857 21.3444
4.80151 21.4808
4.17161 21.6005
3.5392 21.7035
2.90463 21.7898
2.26824 21.8593
1.63039 21.9119
0.991409 21.9478
0.351644 21.9668
-0.288561 21.969
-0.928862 21.9543
-1.56891 21.9227
-2.20837 21.8741
-2.84688 21.8087
-3.4841 21.7263
-4.11967 21.627
-4.75324 21.5107
-5.38445 21.3775
-6.01293 21.2273
-6.63832 21.0601
-7.26025 20.8759
-7.87834 20.6748
-8.49221 20.4567
-9.10148 20.2216
-9.70576 19.9696
-10.3046 19.7007
-10.8977 19.4148
-11.4846 19.112
-12.0649 18.7924
-12.6381 18.4559
-13.2038 18.1026
-13.7616 17.7326
-14.311 17.3459
-14.8516 16.9426
-15.3829 16.5227
-15.9044 16.0864
-16.4157 15.6336
-16.9162 15.1646
-17.4055 14.6794
-17.883 14.1781
-18.3483 13.661
-18.8007 13.1281
-19.2398 12.5796
-19.665 12.0157
-20.0758 11.4367
-20.4716 10.8426
-20.8518 10.2338
-21.2158 9.61053
-21.5631 8.97306
-21.8931 8.32171
-22.2051 7.65679
-22.4986 6.97867
-22.773 6.28773
-23.0276 5.58438
-23.2618 4.86906
-23.475 4.14223
-23.6667 3.4044
-23.8361 2.6561
-23.9827 1.8979
-24.1058 1.1304
-24.205 0.354254
-24.2795 -0.429875
-24.3288 -1.22127
-24.3523 -2.01917
-24.3495 -2.82278
-24.3199 -3.63127
-24.2629 -4.44375
-24.1781 -5.25933
-24.065 -6.07702
-23.9231 -6.89584
-23.7522 -7.71475
-23.5517 -8.53265
-23.3214 -9.34844
-23.0611 -10.1609
-22.7704 -10.969
-22.4493 -11.7713
-22.0975 -12.5666
-21.7151 -13.3537
-21.302 -14.1312
-20.8583 -14.8978
-20.3841 -15.652
-19.8797 -16.3925
-19.3452 -17.118
-18.7811 -17.8269
-18.1878 -18.5179
-17.5658 -19.1895
-16.9157 -19.8404
-16.2382 -20.4691
-15.5341 -21.0743
-14.8041 -21.6547
-14.0493 -22.2088
-13.2707 -22.7354
-12.4693 -23.2333
-11.6464 -23.7013
-10.8032 -24.1382
-9.94102 -24.543
-9.06132 -24.9147
-8.16555 -25.2522
-7.25526 -25.5549
-6.33203 -25.8219
-5.39751 -26.0525
-4.4534 -26.2461
-3.50141 -26.4024
-2.54331 -26.5208
-1.58088 -26.6011
-0.615912 -26.6431
0.349787 -26.6467
1.31441 -26.6121
2.27617 -26.5392
3.23326 -26.4284
4.18395 -26.28
5.12649 -26.0944
6.05919 -25.8722
6.98041 -25.614
7.88854 -25.3205
8.78203 -24.9925
9.65941 -24.631
10.5193 -24.2368
11.3602 -23.811
12.181 -23.3546
12.9805 -22.869
13.7574 -22.3551
14.5109 -21.8143
15.2398 -21.2478
15.9434 -20.6569
16.6209 -20.043
17.2715 -19.4074
17.8946 -18.7515
18.4896 -18.0766
19.0562 -17.3841
19.5939 -16.6755
20.1023 -15.9519
20.5813 -15.2148
21.0307 -14.4656
21.4503 -13.7055
21.8401 -12.9358
22.2001 -12.1579
22.5304 -11.3728
22.8311 -10.5819
23.1025 -9.78626
23.3446 -8.98708
23.5578 -8.18545
23.7424 -7.38243
23.8987 -6.57904
24.0271 -5.77628
24.128 -4.9751
24.2018 -4.1764
24.249 -3.38107
24.2701 -2.58993
24.2655 -1.80379
24.2358 -1.0234
24.1814 -0.249476
24.103 0.517287
24.0011 1.27624
23.8762 2.02677
23.7289 2.7683
23.5597 3.50027
23.3692 4.22217
23.1581 4.9335
22.9268 5.63382
22.6759 6.32268
22.4061 6.99968
22.1178 7.66446
21.8116 8.31664
21.4881 8.9559
21.1478 9.58193
20.7913 10.1944
20.4191 10.7932
20.0317 11.3779
19.6297 11.9483
19.2135 12.5043
18.7837 13.0455
18.3409 13.5719
17.8854 14.0833
17.4177 14.5795
16.9385 15.0603
16.448 15.5257
15.9468 15.9755
15.4353 16.4096
14.914 16.8279
14.3833 17.2303
13.8436 17.6167
13.2954 17.987
12.7391 18.3412
12.1751 18.6791
11.6037 19.0008
11.0255 19.3062
10.4407 19.5952
9.84987 19.8678
9.25324 20.1239
8.65124 20.3635
8.04424 20.5865
7.43261 20.793
6.8167 20.9829
6.19689 21.1561
5.57351 21.3127
4.94693 21.4525
4.3175 21.5757
3.68556 21.6821
3.05146 21.7718
2.41555 21.8447
1.77816 21.9008
1.13965 21.9402
0.500342 21.9627
-0.139408 21.9683
-0.779261 21.9572
-1.41887 21.9291
-2.0579 21.8842
-2.69601 21.8224
-3.33283 21.7438
-3.96803 21.6482
-4.60125 21.5357
-5.23213 21.4064
-5.86033 21.2601
-6.48546 21.0969
-7.10718 20.9168
-7.72511 20.7198
-8.33887 20.506
-8.94809 20.2752
-9.55237 20.0276
-10.1513 19.7631
-10.7446 19.4818
-11.3317 19.1836
-11.9123 18.8687
-12.4859 18.5371
-13.0521 18.1887
-13.6105 17.8237
-14.1607 17.4421
-14.7022 17.044
-15.2345 16.6294
-15.7572 16.1984
-16.2697 15.7511
-16.7717 15.2876
-17.2627 14.808
-17.742 14.3125
-18.2093 13.8011
-18.6639 13.2741
-19.1055 12.7315
-19.5333 12.1736
-19.9469 11.6005
-20.3458 11.0125
-20.7294 10.4098
-21.097 9.79268
-21.4482 9.16137
-21.7823 8.51618
-22.0987 7.85743
-22.3969 7.18546
-22.6763 6.50065
-22.9362 5.80339
-23.1761 5.0941
-23.3953 4.37324
-23.5932 3.64129
-23.7692 2.89878
-23.9228 2.14624
-24.0533 1.38427
-24.1601 0.613488
-24.2426 -0.165454
-24.3003 -0.951859
-24.3326 -1.74499
-24.3389 -2.54409
-24.3187 -3.34833
-24.2715 -4.15686
-24.1968 -4.9688
-24.0942 -5.78321
-23.9631 -6.59911
-23.8032 -7.41548
-23.6142 -8.23129
-23.3956 -9.04541
-23.1472 -9.85674
-22.8687 -10.6641
-22.56 -11.4662
-22.2209 -12.262
-21.8513 -13.05
-21.4512 -13.8291
-21.0206 -14.5978
-20.5596 -15.3548
-20.0684 -16.0988
-19.5472 -16.8283
-18.9963 -17.542
-18.4162 -18.2385
-17.8073 -18.9163
-17.1701 -19.5741
-16.5054 -20.2104
-15.8137 -20.8239
-15.096 -21.4132
-14.3531 -21.977
-13.586 -22.514
-12.7957 -23.0229
-11.9834 -23.5026
-11.1503 -23.9518
-10.2978 -24.3694
-9.42704 -24.7545
-8.53962 -25.1061
-7.637 -25.4232
-6.72074 -25.7051
-5.79245 -25.951
-4.8538 -26.1604
-3.90648 -26.3326
-2.95224 -26.4673
-1.99283 -26.5641
-1.03004 -26.6228
-0.0656656 -26.6433
0.898497 -26.6255
1.86065 -26.5695
2.81901 -26.4755
3.7718 -26.3437
4.71729 -26.1747
5.65377 -25.9688
6.57957 -25.7267
7.49307 -25.449
8.39269 -25.1365
9.27692 -24.79
10.1443 -24.4104
10.9935 -23.9987
11.8231 -23.5561
12.632 -23.0835
13.4189 -22.5821
14.1829 -22.0533
14.9228 -21.4982
15.6378 -20.918
16.327 -20.3142
16.9897 -19.6881
17.6252 -19.041
18.233 -18.3743
18.8124 -17.6893
19.3631 -16.9874
19.8848 -16.2701
20.377 -15.5385
20.8398 -14.7942
21.2727 -14.0384
21.6759 -13.2723
22.0493 -12.4974
22.3929 -11.7148
22.7069 -10.9257
22.9913 -10.1315
23.2464 -9.33307
23.4724 -8.53172
23.6696 -7.72848
23.8383 -6.9244
23.9789 -6.12049
24.0918 -5.31773
24.1773 -4.51704
24.236 -3.71933
24.2682 -2.92544
24.2746 -2.13619
24.2555 -1.35236
24.2116 -0.57469
24.1432 0.19611
24.0511 0.959375
23.9357 1.71447
23.7976 2.4608
23.6373 3.19779
23.4555 3.9249
23.2526 4.64165
23.0293 5.34754
22.7862 6.04214
22.5238 6.72502
22.2426 7.3958
21.9433 8.05411
21.6263 8.6996
21.2924 9.33195
20.9419 9.95087
20.5754 10.5561
20.1935 11.1473
19.7968 11.7243
19.3856 12.2869
18.9606 12.8349
18.5223 13.368
18.0711 13.8861
17.6075 14.389
17.1321 14.8766
16.6452 15.3488
16.1474 15.8053
15.6391 16.2462
15.1208 16.6712
14.5929 17.0804
14.0559 17.4735
13.5102 17.8505
12.9561 18.2114
12.3942 18.556
11.8248 18.8844
11.2483 19.1964
10.6652 19.492
10.0757 19.7711
9.4804 20.0337
8.87955 20.2798
8.27356 20.5093
7.66279 20.7222
7.04762 20.9185
6.4284 21.0981
5.80549 21.261
5.17925 21.4071
4.55003 21.5365
3.91819 21.6492
3.28406 21.7451
2.64801 21.8241
2.01036 21.8864
1.37147 21.9318
0.731682 21.9603
0.0913368 21.972
-0.549222 21.9668
-1.18965 21.9447
-1.8296 21.9057
-2.46873 21.8499
-3.10669 21.777
-3.74312 21.6873
-4.37769 21.5807
-5.01002 21.4571
-5.63978 21.3166
-6.26658 21.1591
-6.89007 20.9847
-7.50988 20.7934
-8.12563 20.5852
-8.73694 20.3601
-9.34343 20.118
-9.94471 19.8591
-10.5404 19.5834
-11.13 19.2908
-11.7133 18.9814
-12.2897 18.6552
-12.8588 18.3123
-13.4203 17.9527
-13.9736 17.5765
-14.5184 17.1838
-15.0541 16.7745
-15.5804 16.3488
-16.0966 15.9068
-16.6025 15.4485
-17.0974 14.9741
-17.5809 14.4838
-18.0524 13.9775
-18.5115 13.4555
-18.9576 12.9179
-19.3902 12.365
-19.8088 11.7968
-20.2127 11.2136
-20.6015 10.6157
-20.9746 10.0032
-21.3314 9.37653
-21.6713 8.73585
-21.9937 8.08152
-22.2981 7.41387
-22.5838 6.73327
-22.8503 6.04009
-23.0969 5.33476
-23.3231 4.61772
-23.5281 3.88945
-23.7115 3.15045
-23.8727 2.40127
-24.0109 1.64247
-24.1257 0.874666
-24.2163 0.0985017
-24.2824 -0.685342
-24.3232 -1.47614
-24.3383 -2.27315
-24.327 -3.07556
-24.289 -3.88253
-24.2236 -4.69319
-24.1304 -5.50662
-24.009 -6.32185
-23.8589 -7.1379
-23.6798 -7.95371
-23.4712 -8.76821
-23.233 -9.58028
-22.9649 -10.3888
-22.6666 -11.1925
-22.3379 -11.9901
-21.9789 -12.7806
-21.5893 -13.5624
-21.1693 -14.3344
-20.7189 -15.0952
-20.2382 -15.8434
-19.7275 -16.5776
-19.1871 -17.2965
-18.6173 -17.9986
-18.0186 -18.6826
-17.3914 -19.347
-16.7365 -19.9905
-16.0545 -20.6117
-15.3461 -21.2091
-14.6123 -21.7815
-13.8539 -22.3276
-13.0721 -22.8461
-12.2679 -23.3358
-11.4424 -23.7954
-10.5971 -24.2239
-9.73314 -24.6203
-8.85201 -24.9834
-7.95517 -25.3125
-7.04415 -25.6067
-6.12055 -25.8652
-5.18601 -26.0874
-4.24222 -26.2727
-3.29089 -26.4207
-2.33377 -26.5309
-1.37264 -26.6031
-0.409288 -26.6372
0.554495 -26.633
1.51691 -26.5907
2.47618 -26.5103
3.43053 -26.3922
4.3782 -26.2366
5.31749 -26.0441
6.24671 -25.8151
7.16423 -25.5504
8.06845 -25.2506
8.95786 -24.9165
9.83097 -24.549
10.6864 -24.1492
11.5228 -23.7179
12.3388 -23.2564
13.1334 -22.7658
13.9054 -22.2472
14.6538 -21.7018
15.3776 -21.1311
16.076 -20.5361
16.7482 -19.9184
17.3934 -19.2792
18.0111 -18.62
18.6007 -17.9419
19.1618 -17.2465
19.694 -16.5351
20.1969 -15.8091
20.6704 -15.0697
21.1142 -14.3183
21.5283 -13.5563
21.9126 -12.7849
22.2671 -12.0054
22.592 -11.2189
22.8873 -10.4268
23.1532 -9.63016
23.3899 -8.83012
23.5978 -8.02778
23.7771 -7.22421
23.9281 -6.42043
24.0513 -5.61742
24.1471 -4.81613
24.2158 -4.01747
24.2579 -3.22231
24.2739 -2.43147
24.2644 -1.64575
24.2298 -0.865908
24.1706 -0.0926584
24.0874 0.673316
23.9807 1.43137
23.8512 2.18088
23.6992 2.92129
23.5255 3.65203
23.3306 4.37259
23.115 5.0825
22.8794 5.78128
22.6243 6.46852
22.3502 7.14381
22.0577 7.80677
21.7474 8.45705
21.4199 9.09432
21.0757 9.71828
20.7153 10.3286
20.3392 10.9251
19.9481 11.5075
19.5424 12.0755
19.1226 12.629
18.6893 13.1677
18.243 13.6915
17.7841 14.2002
17.3131 14.6936
16.8306 15.1716
16.3369 15.6341
15.8326 16.0809
15.318 16.5119
14.7938 16.9271
14.2602 17.3263
13.7177 17.7094
13.1667 18.0765
12.6077 18.4273
12.0411 18.7618
11.4673 19.08
10.8866 19.3818
10.2995 19.6672
9.70637 19.9361
9.10755 20.1885
8.50345 20.4243
7.89442 20.6435
7.28085 20.8461
6.66309 21.032
6.0415 21.2012
5.41645 21.3537
4.78828 21.4895
4.15735 21.6085
3.524 21.7108
2.88859 21.7962
2.25146 21.8648
1.61295 21.9166
0.973411 21.9515
0.333183 21.9695
-0.30739 21.9707
-0.947962 21.955
-1.58819 21.9224
-2.22773 21.8729
-2.86623 21.8065
-3.50334 21.7231
-4.13871 21.6229
-4.77199 21.5056
-5.40282 21.3715
-6.03084 21.2204
-6.65568 21.0524
-7.27698 20.8674
-7.89436 20.6656
-8.50745 20.4468
-9.11586 20.2111
-9.71921 19.9585
-10.3171 19.689
-10.9091 19.4027
-11.4949 19.0996
-12.074 18.7797
-12.6459 18.443
-13.2104 18.0896
-13.7669 17.7196
-14.315 17.333
-14.8542 16.9299
-15.3841 16.5103
-15.9042 16.0744
-16.4141 15.6221
-16.9132 15.1537
-17.401 14.6693
-17.8771 14.1689
-18.341 13.6527
-18.792 13.1209
-19.2298 12.5736
-19.6537 12.0111
-20.0632 11.4335
-20.4578 10.841
-20.8368 10.2339
-21.1998 9.61241
-21.5461 8.97687
-21.8751 8.32755
-22.1863 7.66479
-22.4791 6.98893
-22.7529 6.30036
-23.007 5.59947
-23.2408 4.88671
-23.4539 4.16254
-23.6454 3.42744
-23.8149 2.68195
-23.9618 1.92664
-24.0854 1.16209
-24.1851 0.388932
-24.2604 -0.392159
-24.3107 -1.18048
-24.3354 -1.97529
-24.334 -2.7758
-24.306 -3.58119
-24.2509 -4.3906
-24.1681 -5.20312
-24.0572 -6.01781
-23.9179 -6.83368
-23.7496 -7.64972
-23.5521 -8.46484
-23.325 -9.27795
-23.068 -10.0879
-22.781 -10.8935
-22.4636 -11.6936
-22.1159 -12.4869
-21.7377 -13.2721
-21.3291 -14.0479
-20.89 -14.813
-20.4206 -15.566
-19.921 -16.3056
-19.3917 -17.0304
-18.8328 -17.7389
-18.2448 -18.4298
-17.6282 -19.1017
-16.9835 -19.7531
-16.3115 -20.3827
-15.6129 -20.9892
-14.8885 -21.5711
-14.1392 -22.1271
-13.366 -22.656
-12.57 -23.1566
-11.7524 -23.6275
-10.9144 -24.0678
-10.0572 -24.4762
-9.18234 -24.8519
-8.2912 -25.1938
-7.38532 -25.5011
-6.46625 -25.773
-5.53562 -26.0088
-4.5951 -26.2079
-3.6464 -26.3699
-2.69126 -26.4942
-1.73144 -26.5807
-0.768724 -26.629
0.195094 -26.6391
1.15822 -26.6111
2.11886 -26.5449
3.07524 -26.4408
4.02561 -26.2992
4.96823 -26.1204
5.9014 -25.905
6.82349 -25.6536
7.73287 -25.3668
8.62799 -25.0454
9.50737 -24.6903
10.3696 -24.3024
11.2132 -23.8828
12.0371 -23.4325
12.8398 -22.9526
13.6204 -22.4442
14.3778 -21.9087
15.1109 -21.3473
15.8189 -20.7612
16.501 -20.1519
17.1564 -19.5205
17.7845 -18.8685
18.3847 -18.1973
18.9565 -17.5082
19.4996 -16.8026
20.0135 -16.0818
20.4981 -15.3471
20.953 -14.6001
21.3782 -13.8418
21.7737 -13.0737
22.1394 -12.297
22.4753 -11.5129
22.7817 -10.7227
23.0585 -9.92748
23.3062 -9.12848
23.5248 -8.32678
23.7147 -7.52345
23.8763 -6.71953
24.0098 -5.91601
24.1157 -5.11386
24.1944 -4.31401
24.2464 -3.51733
24.2721 -2.72467
24.272 -1.93683
24.2466 -1.1546
24.1965 -0.378689
24.1222 0.390194
24.0241 1.15139
23.903 1.90428
23.7593 2.64826
23.5935 3.38278
23.4064 4.10731
23.1984 4.82136
22.97 5.52445
22.722 6.21614
22.4548 6.89603
22.169 7.56373
21.8652 8.21887
21.5439 8.86113
21.2057 9.49017
20.8511 10.1057
20.4807 10.7075
20.095 11.2952
19.6945 11.8687
19.2798 12.4277
18.8513 12.972
18.4096 13.5014
17.9551 14.0157
17.4884 14.5149
17.01 14.9987
16.5202 15.467
16.0196 15.9197
15.5087 16.3566
14.9878 16.7777
14.4574 17.1828
13.918 17.572
13.37 17.945
12.8137 18.3018
12.2497 18.6424
11.6783 18.9666
11.1 19.2745
10.515 19.5659
9.92388 19.8409
9.32694 20.0994
8.72456 20.3413
8.11714 20.5666
7.50503 20.7752
6.8886 20.9673
6.26821 21.1426
5.64423 21.3012
5.017 21.4431
4.38689 21.5682
3.75423 21.6765
3.11939 21.768
2.48269 21.8427
1.8445 21.9006
1.20516 21.9416
0.565002 21.9657
-0.0756196 21.973
-0.716363 21.9634
-1.35688 21.9369
-1.99684 21.8934
-2.63587 21.8331
-3.27364 21.7558
-3.9098 21.6616
-4.54398 21.5504
-5.17584 21.4223
-5.80502 21.2773
-6.43115 21.1153
-7.05386 20.9364
-7.67278 20.7405
-8.28754 20.5278
-8.89775 20.2981
-9.50304 20.0515
-10.103 19.788
-10.6972 19.5077
-11.2854 19.2105
-11.8669 18.8966
-12.4415 18.5659
-13.0088 18.2184
-13.5682 17.8543
-14.1194 17.4736
-14.6619 17.0763
-15.1952 16.6625
-15.7188 16.2324
-16.2324 15.7859
-16.7354 15.3232
-17.2274 14.8445
-17.7077 14.3497
-18.176 13.8391
-18.6317 13.3129
-19.0742 12.7711
-19.5031 12.214
-19.9178 11.6417
-20.3177 11.0545
-20.7023 10.4526
-21.0711 9.83622
-21.4233 9.20569
-21.7586 8.56129
-22.0762 7.90333
-22.3755 7.23216
-22.6561 6.54814
-22.9172 5.85167
-23.1583 5.14317
-23.3788 4.4231
-23.5781 3.69195
-23.7555 2.95022
-23.9104 2.19847
-24.0424 1.43728
-24.1506 0.66727
-24.2347 -0.110908
-24.294 -0.896561
-24.3279 -1.68896
-24.3359 -2.48733
-24.3175 -3.29087
-24.2721 -4.09874
-24.1993 -4.91003
-24.0986 -5.72382
-23.9695 -6.53914
-23.8117 -7.35499
-23.6248 -8.1703
-23.4084 -8.984
-23.1623 -9.79495
-22.8862 -10.602
-22.5799 -11.4039
-22.2433 -12.1995
-21.8762 -12.9874
-21.4787 -13.7665
-21.0507 -14.5353
-20.5925 -15.2926
-20.104 -16.0368
-19.5857 -16.7668
-19.0377 -17.4811
-18.4605 -18.1782
-17.8545 -18.8569
-17.2203 -19.5156
-16.5585 -20.153
-15.8698 -20.7678
-15.1551 -21.3585
-14.4152 -21.9239
-13.651 -22.4626
-12.8636 -22.9734
-12.0542 -23.4551
-11.224 -23.9065
-10.3742 -24.3266
-9.50614 -24.7142
-8.62133 -25.0685
-7.72121 -25.3885
-6.80734 -25.6734
-5.88133 -25.9225
-4.94481 -26.1352
-3.99949 -26.311
-3.04709 -26.4493
-2.08935 -26.5498
-1.12806 -26.6123
-0.165001 -26.6367
0.798036 -26.6229
1.75926 -26.5711
2.71689 -26.4812
3.66917 -26.3538
4.61436 -26.189
5.55075 -25.9874
6.47668 -25.7496
7.39052 -25.4763
8.29071 -25.168
9.17572 -24.8258
10.0441 -24.4505
10.8945 -24.043
11.7256 -23.6045
12.5361 -23.136
13.3248 -22.6386
14.0908 -22.1136
14.8329 -21.5622
15.5502 -20.9857
16.242 -20.3855
16.9074 -19.7627
17.5457 -19.1188
18.1564 -18.4552
18.739 -17.7731
19.2929 -17.074
19.8179 -16.3592
20.3136 -15.6301
20.7798 -14.888
21.2164 -14.1342
21.6232 -13.3701
22.0003 -12.5969
22.3476 -11.8158
22.6654 -11.0281
22.9536 -10.235
23.2125 -9.43764
23.4423 -8.63712
23.6433 -7.83455
23.8159 -7.03098
23.9602 -6.22742
24.0769 -5.42484
24.1662 -4.62418
24.2285 -3.82634
24.2645 -3.03218
24.2744 -2.24252
24.2589 -1.45815
24.2184 -0.679806
24.1535 0.0917955
24.0647 0.855982
23.9526 1.61211
23.8177 2.35959
23.6606 3.09783
23.4818 3.8263
23.2819 4.54449
23.0615 5.25191
22.8211 5.94813
22.5614 6.63271
22.2828 7.30526
21.986 7.96541
21.6715 8.61281
21.3399 9.24713
20.9916 9.86807
20.6273 10.4754
20.2475 11.0687
19.8527 11.6479
19.4434 12.2127
19.0202 12.7629
18.5835 13.2982
18.1339 13.8186
17.6718 14.3239
17.1978 14.8139
16.7123 15.2884
16.2157 15.7473
15.7086 16.1905
15.1914 16.618
14.6645 17.0295
14.1283 17.425
13.5834 17.8044
13.0301 18.1677
12.4688 18.5148
11.9 18.8455
11.324 19.1599
10.7413 19.4578
10.1522 19.7393
9.5572 20.0043
8.95657 20.2527
8.35073 20.4845
7.74004 20.6997
7.12489 20.8983
6.50563 21.0801
5.88262 21.2452
5.25621 21.3936
4.62677 21.5252
3.99465 21.64
3.36019 21.738
2.72374 21.8191
2.08565 21.8835
1.44627 21.9309
0.80594 21.9614
0.165004 21.9751
-0.476192 21.9719
-1.1173 21.9517
-1.75798 21.9146
-2.39788 21.8605
-3.03664 21.7895
-3.67393 21.7016
-4.30938 21.5967
-4.94265 21.4748
-5.57336 21.3359
-6.20116 21.1801
-6.82568 21.0073
-7.44654 20.8176
-8.06338 20.6108
-8.67582 20.3872
-9.28346 20.1466
-9.88591 19.8891
-10.4828 19.6147
-11.0737 19.3234
-11.6582 19.0153
-12.2359 18.6904
-12.8063 18.3487
-13.3691 17.9903
-13.9237 17.6152
-14.4698 17.2236
-15.007 16.8154
-15.5346 16.3907
-16.0523 15.9497
-16.5595 15.4924
-17.0559 15.0189
-17.5408 14.5294
-18.0138 14.024
-18.4744 13.5028
-18.922 12.966
-19.3561 12.4138
-19.7761 11.8463
-20.1816 11.2638
-20.5719 10.6666
-20.9465 10.0547
-21.3049 9.42858
-21.6463 8.78845
-21.9703 8.13464
-22.2763 7.46748
-22.5636 6.78733
-22.8317 6.09458
-23.0799 5.38965
-23.3077 4.67298
-23.5144 3.94505
-23.6994 3.20636
-23.8622 2.45746
-24.0021 1.69891
-24.1185 0.931336
-24.2108 0.155369
-24.2786 -0.628306
-24.3211 -1.41897
-24.3379 -2.21586
-24.3284 -3.01819
-24.2921 -3.82511
-24.2285 -4.63575
-24.1371 -5.44919
-24.0175 -6.26448
-23.8692 -7.08061
-23.6919 -7.89654
-23.4853 -8.71119
-23.249 -9.52346
-22.9827 -10.3322
-22.6864 -11.1362
-22.3597 -11.9342
-22.0026 -12.725
-21.615 -13.5073
-21.1971 -14.2797
-20.7487 -15.0411
-20.2701 -15.7899
-19.7615 -16.5248
-19.2232 -17.2444
-18.6556 -17.9473
-18.059 -18.6322
-17.434 -19.2976
-16.7813 -19.9421
-16.1015 -20.5644
-15.3953 -21.1631
-14.6637 -21.7369
-13.9076 -22.2844
-13.1279 -22.8044
-12.3259 -23.2957
-11.5026 -23.757
-10.6594 -24.1874
-9.79756 -24.5857
-8.9185 -24.9509
-8.02369 -25.2822
-7.11465 -25.5787
-6.19297 -25.8396
-5.26028 -26.0644
-4.31826 -26.2523
-3.36862 -26.403
-2.4131 -26.5161
-1.45347 -26.5913
-0.491509 -26.6285
0.470998 -26.6275
1.43226 -26.5884
2.39051 -26.5114
3.34396 -26.3967
4.2909 -26.2447
5.22959 -26.0557
6.15837 -25.8304
7.07561 -25.5693
7.97972 -25.2732
8.86917 -24.9429
9.7425 -24.5792
10.5983 -24.1832
11.4353 -23.7557
12.2521 -23.298
13.0476 -22.8111
13.8207 -22.2962
14.5703 -21.7546
15.2956 -21.1875
15.9955 -20.5962
16.6695 -19.982
17.3166 -19.3463
17.9364 -18.6903
18.5283 -18.0156
19.0917 -17.3234
19.6264 -16.6151
20.132 -15.892
20.6083 -15.1554
21.055 -14.4068
21.4721 -13.6474
21.8595 -12.8784
22.2173 -12.1012
22.5454 -11.317
22.8441 -10.5269
23.1135 -9.7321
23.3537 -8.93379
23.5652 -8.13303
23.7481 -7.33089
23.9028 -6.52838
24.0297 -5.72648
24.1292 -4.92616
24.2017 -4.1283
24.2476 -3.33379
24.2674 -2.54346
24.2617 -1.75809
24.2308 -0.978449
24.1754 -0.205253
24.096 0.560812
23.993 1.3191
23.8672 2.06899
23.7189 2.8099
23.5488 3.54129
23.3575 4.26263
23.1454 4.97343
22.9133 5.67325
22.6615 6.36163
22.3908 7.03818
22.1016 7.70252
21.7946 8.35429
21.4702 8.99316
21.129 9.61881
20.7716 10.231
20.3985 10.8293
20.0102 11.4137
19.6072 11.9838
19.1901 12.5394
18.7594 13.0804
18.3155 13.6064
17.859 14.1175
17.3903 14.6133
16.91 15.0938
16.4184 15.5589
15.9161 16.0083
15.4034 16.442
14.8809 16.8599
14.349 17.2618
13.8082 17.6478
13.2587 18.0176
12.7011 18.3713
12.1358 18.7088
11.5631 19.0299
10.9835 19.3347
10.3974 19.623
9.80514 19.8949
9.20709 20.1503
8.60365 20.3891
7.9952 20.6113
7.38209 20.8169
6.76469 21.0059
6.14336 21.1781
5.51847 21.3337
4.89036 21.4724
4.25939 21.5944
3.62591 21.6996
2.99026 21.788
2.35279 21.8595
1.71385 21.9142
1.07378 21.952
0.432936 21.973
-0.20835 21.977
-0.849728 21.964
-1.49085 21.9342
-2.13138 21.8874
-2.77095 21.8236
-3.40922 21.7428
-4.04584 21.6451
-4.68045 21.5304
-5.31269 21.3987
-5.94219 21.25
-6.56861 21.0843
-7.19155 20.9016
-7.81065 20.7019
-8.42553 20.4852
-9.0358 20.2516
-9.64107 20.001
-10.2409 19.7334
-10.835 19.4489
-11.4229 19.1475
-12.0041 18.8293
-12.5783 18.4941
-13.1451 18.1423
-13.7039 17.7736
-14.2543 17.3883
-14.7959 16.9863
-15.3283 16.5678
-15.8509 16.1329
-16.3632 15.6815
-16.8648 15.2139
-17.3552 14.7301
-17.8339 14.2303
-18.3003 13.7146
-18.754 13.1831
-19.1943 12.6361
-19.6208 12.0736
-20.0329 11.496
-20.43 10.9034
-20.8116 10.2961
-21.1771 9.6743
-21.5259 9.03832
-21.8574 8.38845
-22.1711 7.72503
-22.4662 7.0484
-22.7423 6.35895
-22.9987 5.65708
-23.2348 4.94323
-23.4499 4.21786
-23.6436 3.48148
-23.8151 2.73462
-23.9638 1.97783
-24.0892 1.21172
-24.1907 0.43693
-24.2676 -0.345875
-24.3195 -1.13598
-24.3456 -1.93264
-24.3455 -2.73506
-24.3187 -3.54241
-24.2646 -4.35383
-24.1828 -5.16839
-24.0728 -5.98516
-23.9341 -6.80313
-23.7664 -7.62127
-23.5693 -8.43851
-23.3425 -9.25373
-23.0857 -10.0658
-22.7987 -10.8735
-22.4812 -11.6756
-22.1333 -12.4709
-21.7548 -13.258
-21.3456 -14.0357
-20.906 -14.8026
-20.4359 -15.5574
-19.9356 -16.2987
-19.4054 -17.025
-18.8455 -17.735
-18.2565 -18.4272
-17.6388 -19.1003
-16.993 -19.7529
-16.3198 -20.3835
-15.6199 -20.9908
-14.8943 -21.5734
-14.1437 -22.1301
-13.3693 -22.6595
-12.572 -23.1603
-11.7532 -23.6315
-10.9139 -24.0718
-10.0557 -24.4802
-9.17974 -24.8557
-8.28762 -25.1974
-7.38083 -25.5043
-6.46096 -25.7757
-5.52963 -26.011
-4.58853 -26.2095
-3.63937 -26.3708
-2.6839 -26.4944
-1.72388 -26.5801
-0.761097 -26.6277
0.202646 -26.637
1.16556 -26.6082
2.12584 -26.5412
3.08173 -26.4365
4.03147 -26.2942
4.97333 -26.1148
5.90563 -25.8988
6.82671 -25.6469
7.73499 -25.3597
8.62891 -25.0381
9.50699 -24.6829
10.3678 -24.2951
11.21 -23.8756
12.0324 -23.4256
12.8336 -22.9461
13.6126 -22.4384
14.3684 -21.9036
15.1 -21.3431
15.8064 -20.7581
16.4869 -20.15
17.1409 -19.52
17.7675 -18.8696
18.3663 -18.2001
18.9369 -17.5128
19.4787 -16.8092
19.9915 -16.0905
20.4751 -15.3581
20.9292 -14.6134
21.3536 -13.8576
21.7485 -13.0921
22.1137 -12.318
22.4494 -11.5367
22.7556 -10.7493
23.0325 -9.95694
23.2803 -9.16086
23.4993 -8.36211
23.6897 -7.56176
23.852 -6.76084
23.9864 -5.96032
24.0933 -5.16117
24.1733 -4.36429
24.2267 -3.57055
24.2539 -2.7808
24.2556 -1.99583
24.2321 -1.2164
24.1841 -0.443236
24.1119 0.32298
24.0163 1.08159
23.8977 1.83199
23.7566 2.57358
23.5937 3.30582
23.4095 4.02817
23.2046 4.74017
22.9795 5.44133
22.7347 6.13123
22.471 6.80946
22.1887 7.47564
21.8885 8.12941
21.5709 8.77044
21.2365 9.39841
20.8858 10.013
20.5193 10.6141
20.1376 11.2012
19.7411 11.7743
19.3305 12.333
18.9061 12.8772
18.4686 13.4067
18.0183 13.9213
17.5558 14.4209
17.0815 14.9053
16.596 15.3743
16.0996 15.8279
15.5928 16.266
15.0761 16.6884
14.5499 17.095
14.0146 17.4857
13.4706 17.8605
12.9184 18.2193
12.3584 18.562
11.7909 18.8885
11.2164 19.1989
10.6352 19.4929
10.0478 19.7707
9.45449 20.0321
8.85566 20.2771
8.25168 20.5056
7.64291 20.7176
7.02972 20.9132
6.41246 21.0922
5.79148 21.2546
5.16714 21.4004
4.53979 21.5295
3.90975 21.642
3.27739 21.7379
2.64304 21.817
2.00704 21.8794
1.36974 21.9251
0.731463 21.9539
0.0925586 21.9661
-0.546636 21.9614
-1.18578 21.9399
-1.82453 21.9015
-2.46255 21.8463
-3.09949 21.7743
-3.735 21.6854
-4.36874 21.5796
-5.00035 21.4569
-5.62947 21.3173
-6.25575 21.1608
-6.87882 20.9873
-7.49831 20.797
-8.11385 20.5898
-8.72507 20.3656
-9.33157 20.1246
-9.93297 19.8666
-10.5289 19.5918
-11.1189 19.3001
-11.7026 18.9915
-12.2795 18.6661
-12.8493 18.324
-13.4115 17.9651
-13.9657 17.5895
-14.5114 17.1973
-15.0482 16.7885
-15.5756 16.3631
-16.0931 15.9214
-16.6002 15.4633
-17.0965 14.9889
-17.5814 14.4984
-18.0545 13.9919
-18.5151 13.4695
-18.9628 12.9314
-19.3971 12.3777
-19.8173 11.8087
-20.223 11.2245
-20.6135 10.6254
-20.9883 10.0115
-21.3467 9.38323
-21.6883 8.74077
-22.0124 8.08445
-22.3183 7.41462
-22.6055 6.73162
-22.8734 6.03583
-23.1214 5.32769
-23.3487 4.60762
-23.5549 3.8761
-23.7392 3.13365
-23.9011 2.3808
-24.0399 1.61813
-24.155 0.846253
-24.2459 0.0658201
-24.3118 -0.722479
-24.3523 -1.51792
-24.3667 -2.31972
-24.3545 -3.12709
-24.3151 -3.93916
-24.2481 -4.75504
-24.153 -5.5738
-24.0292 -6.39446
-23.8763 -7.21599
-23.694 -8.03733
-23.4819 -8.85738
-23.2396 -9.67498
-22.967 -10.489
-22.6637 -11.2981
-22.3296 -12.1011
-21.9646 -12.8967
-21.5686 -13.6836
-21.1417 -14.4603
-20.6839 -15.2257
-20.1953 -15.9781
-19.6763 -16.7163
-19.127 -17.4387
-18.5479 -18.144
-17.9395 -18.8306
-17.3022 -19.4972
-16.6368 -20.1424
-15.9439 -20.7646
-15.2244 -21.3625
-14.4791 -21.9348
-13.709 -22.48
-12.9153 -22.9969
-12.099 -23.4843
-11.2614 -23.9409
-10.4038 -24.3656
-9.52763 -24.7573
-8.63434 -25.115
-7.72546 -25.4378
-6.80259 -25.725
-5.86738 -25.9756
-4.92154 -26.1891
-3.9668 -26.3649
-3.00496 -26.5026
-2.03781 -26.6019
-1.06721 -26.6624
-0.0949719 -26.6841
0.877038 -26.6669
1.84698 -26.6109
2.81302 -26.5163
3.77335 -26.3835
4.72617 -26.2128
5.66975 -26.0047
6.60237 -25.7599
7.52237 -25.479
8.42815 -25.1629
9.31816 -24.8123
10.1909 -24.4283
11.045 -24.0119
11.8792 -23.5642
12.6921 -23.0863
13.4825 -22.5795
14.2495 -22.0449
14.992 -21.484
15.709 -20.8979
16.3998 -20.2881
17.0635 -19.656
17.6996 -19.0029
18.3074 -18.3303
18.8865 -17.6395
19.4364 -16.932
19.9567 -16.2091
20.4474 -15.4723
20.908 -14.7228
21.3386 -13.9622
21.739 -13.1915
22.1093 -12.4123
22.4495 -11.6257
22.7599 -10.833
23.0404 -10.0354
23.2914 -9.234
23.5132 -8.43
23.706 -7.62448
23.8702 -6.81849
24.0062 -6.01303
24.1144 -5.20908
24.1953 -4.40758
24.2492 -3.6094
24.2768 -2.81541
24.2785 -2.02641
24.2548 -1.24317
24.2063 -0.466434
24.1336 0.303114
24.0371 1.06481
23.9175 1.81804
23.7754 2.56221
23.6113 3.29676
23.4258 4.02118
23.2195 4.73498
22.993 5.4377
22.7469 6.1289
22.4817 6.80819
22.198 7.47519
21.8964 8.12955
21.5775 8.77094
21.2418 9.39906
20.8899 10.0136
20.5223 10.6144
20.1396 11.2011
19.7423 11.7735
19.3309 12.3314
18.9059 12.8746
18.4679 13.403
18.0174 13.9164
17.5547 14.4146
17.0805 14.8975
16.5952 15.365
16.0993 15.817
15.5931 16.2533
15.0772 16.6739
14.5521 17.0787
14.018 17.4676
13.4755 17.8406
12.925 18.1975
12.3669 18.5384
11.8015 18.8631
11.2294 19.1717
10.6508 19.464
10.0661 19.7401
9.47583 19.9999
8.88022 20.2434
8.27968 20.4706
7.67457 20.6814
7.06525 20.8758
6.45206 21.0538
5.83536 21.2154
5.21549 21.3606
4.5928 21.4893
3.96762 21.6016
3.34029 21.6974
2.71114 21.7768
2.08051 21.8396
1.44872 21.886
0.816117 21.9159
0.183019 21.9292
-0.45024 21.9261
-1.08333 21.9065
-1.71593 21.8703
-2.34769 21.8176
-2.97829 21.7484
-3.6074 21.6626
-4.23468 21.5604
-4.85979 21.4416
-5.48238 21.3063
-6.10213 21.1544
-6.71867 20.9861
-7.33165 20.8012
-7.94073 20.5999
-8.54554 20.382
-9.14571 20.1477
-9.74088 19.8969
-10.3307 19.6297
-10.9147 19.3461
-11.4926 19.0461
-12.0639 18.7297
-12.6283 18.397
-13.1854 18.048
-13.7346 17.6828
-14.2757 17.3015
-14.8082 16.904
-15.3316 16.4904
-15.8455 16.0609
-16.3494 15.6155
-16.8429 15.1543
-17.3255 14.6774
-17.7967 14.1849
-18.256 13.677
-18.703 13.1538
-19.1371 12.6154
-19.5578 12.0621
-19.9645 11.4939
-20.3568 10.9112
-20.7341 10.314
-21.0958 9.70277
-21.4414 9.07763
-21.7703 8.43888
-22.082 7.78682
-22.3758 7.12178
-22.6512 6.44412
-22.9076 5.75419
-23.1444 5.05241
-23.361 4.3392
-23.5568 3.61502
-23.7312 2.88036
-23.8836 2.13575
-24.0134 1.38174
-24.1201 0.618914
-24.203 -0.152095
-24.2616 -0.930628
-24.2953 -1.71599
-24.3035 -2.50743
-24.2857 -3.30418
-24.2415 -4.10543
-24.1702 -4.91031
-24.0714 -5.71793
-23.9447 -6.52735
-23.7896 -7.33759
-23.6058 -8.14762
-23.3928 -8.95639
-23.1504 -9.7628
-22.8783 -10.5657
-22.5762 -11.3639
-22.244 -12.1562
-21.8816 -12.9414
-21.4888 -13.7182
-21.0657 -14.4852
-20.6123 -15.2412
-20.1288 -15.9848
-19.6153 -16.7145
-19.072 -17.4291
-18.4994 -18.127
-17.8979 -18.807
-17.2679 -19.4676
-16.61 -20.1073
-15.9249 -20.7248
-15.2134 -21.3187
-14.4762 -21.8877
-13.7144 -22.4304
-12.9288 -22.9455
-12.1207 -23.4317
-11.2912 -23.8879
-10.4415 -24.313
-9.573 -24.7057
-8.68706 -25.0651
-7.78518 -25.3903
-6.8689 -25.6804
-5.93982 -25.9345
-4.99958 -26.1521
-4.0499 -26.3324
-3.09251 -26.475
-2.1292 -26.5795
-1.16175 -26.6455
-0.192004 -26.673
0.778222 -26.6617
1.74709 -26.6118
2.71277 -26.5234
3.67345 -26.3966
4.62734 -26.2318
5.57267 -26.0295
6.5077 -25.7902
7.43077 -25.5146
8.34021 -25.2034
9.23447 -24.8573
10.112 -24.4774
10.9714 -24.0646
11.8112 -23.6199
12.6302 -23.1445
13.4271 -22.6395
14.2008 -22.1062
14.9502 -21.5458
15.6743 -20.9597
16.3723 -20.3492
17.0433 -19.7157
17.6866 -19.0605
18.3016 -18.3851
18.8877 -17.6909
19.4445 -16.9793
19.9715 -16.2518
20.4685 -15.5096
20.9351 -14.7543
21.3714 -13.9872
21.7771 -13.2097
22.1522 -12.423
22.4968 -11.6285
22.811 -10.8275
23.0949 -10.0213
23.3487 -9.2109
23.5726 -8.39763
23.7671 -7.58258
23.9323 -6.76684
24.0687 -5.95147
24.1766 -5.13749
24.2566 -4.32585
24.3091 -3.5175
24.3345 -2.71333
24.3335 -1.91418
24.3064 -1.12086
24.254 -0.334138
24.1767 0.445253
24.075 1.21662
23.9497 1.97932
23.8013 2.73272
23.6303 3.47624
23.4375 4.20934
23.2233 4.9315
22.9884 5.64224
22.7334 6.3411
22.4589 7.02766
22.1655 7.70152
21.8538 8.36231
21.5243 9.00969
21.1778 9.64335
20.8146 10.263
20.4355 10.8683
20.0409 11.4591
19.6315 12.035
19.2077 12.596
18.7702 13.1418
18.3194 13.6721
17.8558 14.1869
17.3801 14.686
16.8926 15.1693
16.394 15.6366
15.8846 16.0878
15.3649 16.5228
14.8355 16.9415
14.2967 17.3438
13.7491 17.7297
13.1931 18.099
12.629 18.4518
12.0575 18.788
11.4788 19.1074
10.8933 19.4102
10.3016 19.6962
9.704 19.9653
9.10086 20.2177
8.49261 20.4532
7.87962 20.6719
7.26228 20.8737
6.64097 21.0585
6.01604 21.2265
5.38787 21.3776
4.75683 21.5117
4.12326 21.6289
3.48753 21.7291
2.84998 21.8125
2.21098 21.8789
1.57086 21.9283
0.929987 21.9609
0.288692 21.9765
-0.352674 21.9751
-0.993765 21.9569
-1.63424 21.9218
-2.27374 21.8697
-2.91194 21.8008
-3.54847 21.7149
-4.183 21.6122
-4.81517 21.4927
-5.44462 21.3563
-6.07101 21.203
-6.69397 21.033
-7.31314 20.8462
-7.92816 20.6426
-8.53866 20.4222
-9.14426 20.1852
-9.74458 19.9315
-10.3392 19.6611
-10.9279 19.3741
-11.51 19.0706
-12.0854 18.7505
-12.6535 18.414
-13.2139 18.0611
-13.7662 17.6918
-14.3101 17.3063
-14.845 16.9046
-15.3705 16.4867
-15.8862 16.0529
-16.3916 15.6031
-16.8862 15.1376
-17.3696 14.6564
-17.8414 14.1596
-18.3009 13.6474
-18.7477 13.12
-19.1814 12.5776
-19.6013 12.0203
