-8.29721 38.1553
-16.478 36.019
-24.402 32.3835
-31.8769 27.1397
-38.6208 20.1469
-44.2118 11.2591
-48.0243 0.388516
-49.1692 -12.3618
-46.5007 -26.454
-38.8385 -40.5697
-25.606 -52.374
-7.80526 -58.9386
11.555 -58.1878
28.6379 -50.3774
40.7938 -37.8938
47.4017 -23.6312
49.2278 -9.72614
47.4787 2.68414
43.2563 13.1713
37.3944 21.6839
30.4734 28.3276
22.8832 33.2499
14.8849 36.5859
6.65876 38.4363
-1.66124 38.8591
-9.95977 37.8674
-18.1167 35.4287
-25.9825 31.4658
-33.3483 25.8613
-39.9059 18.4695
-45.1935 9.14961
-48.5307 -2.15985
-48.9649 -15.286
-45.3092 -29.5505
-36.4408 -43.4169
-22.0438 -54.3432
-3.57251 -59.4301
15.6174 -57.0229
31.7865 -47.9374
42.7216 -34.827
48.1913 -20.4921
49.1304 -6.84255
46.7528 5.17075
42.1065 15.2268
35.9657 23.3226
28.8632 29.5796
21.1563 34.1454
13.0849 37.1482
4.81671 38.6792
-3.52009 38.7862
-11.8106 37.4715
-19.9295 34.6916
-27.716 30.3592
-34.9412 24.3479
-41.265 16.5085
-46.1787 6.70925
-48.9381 -5.07419
-48.5221 -18.5778
-43.7132 -32.9483
-33.4929 -46.3981
-17.8896 -56.1906
1.13189 -59.5518
19.9227 -55.3655
34.9643 -45.0249
44.5456 -31.3767
48.8135 -17.0625
48.839 -3.74303
45.8219 7.81626
40.7468 17.3957
34.3247 25.0359
27.0403 30.8712
19.2177 35.0472
11.0759 37.6839
2.77038 38.8623
-5.5757 38.6185
-13.8467 36.9432
-21.9106 33.7814
-29.5922 29.0346
-36.6383 22.5679
-42.6706 14.2305
-47.1247 3.90597
-49.1842 -8.37821
-47.7571 -22.2391
-41.617 -36.6082
-29.9155 -49.4192
-13.1222 -57.7812
6.25269 -59.1776
24.3691 -53.1435
38.0682 -41.6246
46.185 -27.5622
49.2119 -13.3759
48.3161 -0.463884
44.6614 10.5862
39.1609 19.6466
32.4605 26.7957
24.9967 32.1766
17.0612 35.9308
8.85288 38.1692
0.516114 38.9607
-7.83013 38.3295
-16.0678 36.2537
-24.0558 32.6657
-31.6007 27.4558
-38.4197 20.4812
-44.0888 11.5932
-47.9781 0.700207
-49.1905 -12.0983
-46.5671 -26.2645
-38.9103 -40.4705
-25.6319 -52.3562
-7.74513 -58.9582
11.7023 -58.1825
28.8335 -50.3027
40.9882 -37.7418
47.5599 -23.4192
49.3338 -9.47744
47.5285 2.94936
43.2512 13.4383
37.3372 21.9416
30.367 28.5677
22.7299 33.4646
14.6868 36.7675
6.41762 38.5761
-1.94304 38.9469
-10.2787 37.8906
-18.4667 35.372
-26.3536 31.3103
-33.7234 25.5844
-40.2568 18.0456
-45.4745 8.55285
-48.6704 -2.947
-48.8602 -16.2547
-44.8307 -30.6328
-35.4734 -44.447
-20.5764 -55.0542
-1.79003 -59.5513
17.3699 -56.4517
33.1886 -46.8071
43.6229 -33.3925
48.6009 -18.9841
49.1335 -5.40828
46.4461 6.45685
41.5714 16.3351
35.2629 24.2458
28.0362 30.3191
20.2358 34.7039
12.0933 37.5265
3.77153 38.8742
-4.60285 38.7896
-12.9137 37.2691
-21.0314 34.263
-28.7857 29.6772
-35.9326 23.3794
-42.1076 15.2181
-46.7654 5.06847
-49.1124 -7.06469
-48.0741 -20.8457
-42.4119 -35.2835
-31.1952 -48.3975
-14.7262 -57.3146
4.64991 -59.382
23.0984 -53.8974
37.2897 -42.6562
45.8715 -28.6195
49.2458 -14.3098
48.573 -1.21822
45.0451 10.0144
39.6066 19.2377
32.9277 26.5237
25.4615 32.017
17.51 35.8629
9.27846 38.1766
0.914667 39.0314
-7.46061 38.4548
-15.729 36.4279
-23.7499 32.886
-31.3319 27.7209
-38.1953 20.7911
-43.9204 11.947
-47.8832 1.09319
-49.1919 -11.6803
-46.6876 -25.853
-39.1584 -40.1197
-25.9773 -52.1339
-8.10578 -58.9087
11.4283 -58.2826
28.7042 -50.4676
40.9916 -37.8822
47.6431 -23.485
49.4419 -9.4595
47.622 3.03704
43.3075 13.5738
37.3461 22.1033
30.3257 28.7365
22.6402 33.625
14.5528 36.9065
6.245 38.6829
-2.1477 39.0119
-10.5077 37.9049
-18.7111 35.3267
-26.6021 31.1965
-33.9616 25.393
-40.4651 17.7675
-45.6255 8.18113
-48.726 -3.41353
-48.7691 -16.8029
-44.5325 -31.2207
-34.9169 -44.9868
-19.7618 -55.4121
-0.810537 -59.5923
18.3429 -56.1192
33.9893 -46.1577
44.161 -32.5479
48.8635 -18.0639
49.1498 -4.49841
46.2582 7.30392
41.2195 17.09
34.7806 24.8922
27.4505 30.8476
19.5683 35.1077
11.3624 37.7993
2.99377 39.0087
-5.41139 38.7769
-13.7354 37.0977
-21.8448 33.9188
-29.563 29.1434
-36.6353 22.6375
-42.6811 14.2509
-47.1315 3.86746
-49.1632 -8.48365
-47.6729 -22.4137
-41.4212 -36.8384
-29.5534 -49.6577
-12.5633 -57.935
6.97201 -59.13
25.1369 -52.816
38.7488 -41.0212
46.6789 -26.7526
49.4743 -12.4502
48.3427 0.497415
44.4693 11.5219
38.7752 20.5129
31.9075 27.5608
24.3015 32.8169
16.2471 36.4267
7.94184 38.5028
-0.469929 39.1143
-8.86775 38.2838
-17.1299 35.9868
-25.1085 32.1529
-32.5991 26.6692
-39.301 19.3924
-44.764 10.1783
-48.321 -1.04619
-49.0305 -14.1352
-45.6994 -28.4568
-37.1564 -42.5303
-22.9758 -53.8335
-4.48586 -59.3806
14.9779 -57.3326
31.5373 -48.3681
42.8025 -35.1572
48.456 -20.6106
49.4382 -6.73812
47.0058 5.45624
42.2489 15.6347
35.9717 23.7952
28.7259 30.0665
20.8796 34.6038
12.6792 37.5418
4.2964 38.9758
-4.13714 38.9561
-12.5027 37.4857
-20.67 34.5206
-28.4699 29.9721
-35.6615 23.7125
-41.8857 15.5937
-46.6059 5.49142
-49.0402 -6.59492
-48.1249 -20.3461
-42.621 -34.8027
-31.5659 -48.0221
-15.1892 -57.1391
4.2359 -59.4353
22.864 -54.0959
37.2679 -42.8568
46.001 -28.7118
49.4326 -14.2534
48.7377 -1.02513
45.1363 10.3074
39.5981 19.5881
32.8102 26.8917
25.2365 32.3683
17.1855 36.1686
8.86636 38.4119
0.429985 39.1745
-8.0002 38.4861
-16.3025 36.329
-24.332 32.6392
-31.8908 27.3095
-38.6896 20.2006
-44.2959 11.1684
-48.0678 0.130022
-49.0939 -12.7982
-46.2024 -27.0469
-38.1978 -41.2358
-24.5347 -52.94
-6.32887 -59.1592
13.2453 -57.8513
30.2527 -49.4276
42.0846 -36.4411
48.2371 -21.8627
49.5789 -7.8208
47.3731 4.58852
42.7432 14.9778
36.5263 23.3247
29.2993 29.7534
21.4472 34.421
13.2273 37.4669
4.81807 38.9917
-3.64523 39.0507
-12.0422 37.6517
-20.2425 34.7553
-28.0792 30.2769
-35.3154 24.0926
-41.5992 16.0569
-46.4055 6.04495
-48.9676 -5.95138
-48.2388 -19.6344
-42.9853 -34.0871
-32.2137 -47.4256
-16.0628 -56.8197
3.30995 -59.4973
22.0976 -54.5018
36.7871 -43.452
45.8075 -29.3312
49.4559 -14.7918
48.8944 -1.44101
45.3593 10.0158
39.8412 19.4043
33.0453 26.7937
25.448 32.3347
17.3658 36.1802
9.01336 38.4531
0.544745 39.2326
-7.91442 38.5512
-16.2411 36.3936
-24.2893 32.698
-31.8609 27.3598
-38.6665 20.2417
-44.2744 11.2025
-48.0447 0.161223
-49.0696 -12.7643
-46.1819 -27.0062
-38.1892 -41.1905
-24.5414 -52.9014
-6.33957 -59.1411
13.2551 -57.8524
30.2999 -49.4243
42.163 -36.4041
48.3231 -21.7755
49.6465 -7.684
47.4028 4.76322
42.7237 15.1742
36.4529 23.5265
29.172 29.9453
21.269 34.5897
13.0032 37.6003
4.55461 39.079
-3.94001 39.0817
-12.3586 37.6166
-20.5684 34.6445
-28.3993 30.0811
-35.6098 23.8035
-41.8418 15.6682
-46.5613 5.55609
-48.992 -6.5298
-48.0789 -20.2702
-42.5915 -34.7136
-31.5666 -47.9343
-15.2128 -57.0815
4.22963 -59.4233
22.9221 -54.1014
37.4003 -42.8206
46.1729 -28.5859
49.5909 -14.024
48.8361 -0.707327
45.145 10.6841
39.502 19.9904
32.6055 27.288
24.9268 32.7302
16.779 36.4708
8.37483 38.6318
-0.13196 39.2913
-8.6148 38.4799
-16.9481 36.1805
-24.9812 32.3294
-32.5087 26.8206
-39.2303 19.5175
-44.6981 10.2836
-48.2515 -0.948043
-48.9595 -14.0284
-45.6427 -28.3313
-37.1364 -42.3957
-22.998 -53.7253
-4.51024 -59.3355
15.0243 -57.3377
31.6974 -48.3478
43.0487 -35.0261
48.7143 -20.3264
49.6322 -6.30803
47.0801 5.99428
42.1728 16.2317
35.7334 24.4021
28.3268 30.6387
20.3296 35.1017
11.9939 37.9301
3.49599 39.2226
-5.02819 39.0313
-13.4547 37.3602
-21.6461 34.1661
-29.4236 29.3609
-36.5318 22.82
-42.5921 14.4024
-47.0418 4.00126
-49.0688 -8.34781
-47.5868 -22.2579
-41.3708 -36.6624
-29.5596 -49.4949
-12.5999 -57.8392
6.99054 -59.117
25.2931 -52.8148
39.0437 -40.9135
47.0319 -26.455
49.7797 -11.9483
48.5141 1.16599
44.4532 12.2955
38.5469 21.3253
31.4629 28.3501
23.6498 33.5278
15.4063 37.0104
6.93628 38.9153
-1.61018 39.3148
-10.1064 38.2332
-18.4225 35.6471
-26.3991 31.4867
-33.8155 25.6415
-40.3482 17.9744
-45.5153 8.35786
-48.6111 -3.24571
-48.6562 -16.62
-44.4485 -31.0118
-34.8937 -44.7753
-19.7936 -55.2585
-0.816585 -59.5419
18.4775 -56.1245
34.3086 -46.0827
44.5957 -32.2647
49.2853 -17.5233
49.4389 -3.7278
46.333 8.23514
41.0374 18.0996
34.3282 25.9005
26.7341 31.7828
18.6069 35.9064
10.1834 38.4048
1.63176 39.3692
-6.9145 38.8432
-15.3287 36.8222
-23.4651 33.2544
-31.1295 28.0446
-38.0419 21.0643
-43.7867 12.1773
-47.7497 1.30055
-49.0568 -11.4689
-46.5723 -25.6175
-39.0988 -39.8704
-25.9861 -51.9268
-8.11923 -58.8095
11.5413 -58.2764
29.0327 -50.4198
41.4941 -37.626
48.1803 -22.9283
49.8613 -8.60949
47.8103 4.1092
43.1999 14.772
36.9169 23.3302
29.5761 29.9032
21.5885 34.6528
13.2289 37.7258
4.68727 39.2304
-3.89262 39.2284
-12.3835 37.7332
-20.6486 34.7106
-28.5136 30.0808
-35.7331 23.7262
-41.9452 15.5103
-46.6127 5.32281
-48.9583 -6.82083
-47.9314 -20.5859
-42.315 -35.0052
-31.1697 -48.1451
-14.7308 -57.1629
4.74637 -59.3494
23.424 -53.8676
37.8432 -42.4354
46.5164 -28.0689
49.8019 -13.4062
48.8929 -0.0271017
45.0376 11.3864
39.2301 20.6764
32.1759 27.9227
24.3505 33.2819
16.0709 36.9104
7.55248 38.9317
-1.04748 39.4247
-9.59812 38.4197
-17.9677 35.899
-25.9967 31.7983
-33.4667 26.0123
-40.0592 18.4085
-45.3012 8.86211
-48.5006 -2.66645
-48.6956 -15.9734
-44.6982 -30.3372
-35.4036 -44.1658
-20.5486 -54.8588
-1.68687 -59.4841
17.7003 -56.424
33.7878 -46.6144
44.37 -32.8539
49.2962 -18.0398
49.596 -4.11167
46.5563 7.99257
41.2692 17.9805
34.5325 25.8772
26.8904 31.8262
18.7057 35.9897
10.2226 38.5043
1.61439 39.4643
-6.98182 38.9161
-15.4362 36.8577
-23.6 33.2397
-31.2758 27.9693
-38.1798 20.9212
-43.8922 11.9639
-47.7944 1.02165
-49.0093 -11.7967
-46.4036 -25.9612
-38.7925 -40.1778
-25.5539 -52.1329
-7.61025 -58.8579
12.0533 -58.1454
29.4796 -50.1287
41.8335 -37.2165
48.3943 -22.4444
49.9464 -8.08839
47.7703 4.63719
43.0418 15.2822
36.6494 23.8017
29.2089 30.3178
21.1321 34.994
12.6946 37.9777
4.08768 39.3772
-4.54283 39.2541
-13.0666 37.6207
-21.342 34.4419
-29.1879 29.6374
-36.3486 23.0904
-42.4477 14.6684
-46.9287 4.27237
-48.9919 -8.05709
-47.5689 -21.9371
-41.4515 -36.3228
-29.7733 -49.1903
-12.9278 -57.6598
6.65095 -59.126
25.0754 -52.9759
39.0142 -41.1058
47.1591 -26.5587
49.979 -11.9014
48.6986 1.36758
44.5581 12.6213
38.5322 21.7305
31.3089 28.7871
23.3512 33.9514
14.968 37.3791
6.37058 39.191
-2.28477 39.4622
-10.8652 38.219
-19.2336 35.4392
-27.2212 31.0548
-34.5946 24.9581
-41.0132 17.0186
-45.9727 7.12329
-48.7411 -4.73606
-48.317 -18.2885
-43.5026 -32.6927
-33.2742 -46.1935
-17.6041 -56.0719
1.61722 -59.4899
20.7196 -55.1915
36.0266 -44.4965
45.6659 -30.3337
49.7387 -15.4984
49.3672 -1.76788
45.8319 10.0407
40.1871 19.7009
33.1917 27.2671
25.361 32.8916
17.0387 36.7358
8.45732 38.9315
-0.215195 39.5662
-8.84174 38.6788
-17.2876 36.2595
-25.3934 32.2517
-32.9435 26.5569
-39.6262 19.0489
-44.9808 9.60645
-48.3342 -1.81296
-48.7487 -15.0232
-45.0562 -29.3461
-36.1387 -43.2644
-21.6454 -54.2531
-2.96889 -59.3695
16.5306 -56.8385
32.9776 -47.391
43.9916 -33.7412
49.2761 -18.8419
49.8078 -4.73205
46.8836 7.57423
41.6267 17.7438
34.8651 25.7857
27.1662 31.8404
18.9087 36.0725
10.3476 38.6229
1.66344 39.5904
-7.00133 39.0254
-15.5126 36.9295
-23.7177 33.2565
-31.4152 27.9173
-38.3168 20.7907
-43.9978 11.7516
-47.8349 0.733418
-48.9487 -12.1412
-46.2095 -26.3236
-38.4486 -40.4989
-25.0757 -52.3422
-7.05194 -58.8969
12.615 -57.9931
29.9758 -49.8037
42.2195 -36.7577
48.6465 -21.894
50.055 -7.48516
47.7334 5.25862
42.8628 15.8911
36.3356 24.371
28.7698 30.8227
20.5793 35.4118
12.0415 38.2868
3.34996 39.5561
-5.34648 39.2808
-13.9131 37.4727
-22.202 34.0953
-30.0227 29.0679
-37.1059 22.2753
-43.0564 13.5909
-47.2927 2.93159
-48.9867 -9.62775
-47.0496 -23.6397
-40.2907 -37.9584
-27.9456 -50.4479
-10.616 -58.1953
9.04691 -58.7452
27.1146 -51.7707
40.4308 -39.3778
47.909 -24.6279
50.1475 -9.99319
48.4051 3.12809
43.909 14.1748
37.6098 23.0513
30.1741 29.8639
22.0497 34.7766
13.5361 37.9438
4.83996 39.483
-3.88306 39.4642
-12.4967 37.9084
-20.8562 34.7881
-28.7795 30.0304
-36.0126 23.5257
-42.184 15.148
-46.7472 4.8029
-48.9178 -7.47018
-47.6471 -21.3026
-41.7397 -35.6863
-30.3082 -48.6552
-13.6635 -57.3712
5.87764 -59.1835
24.4714 -53.338
38.6993 -41.6085
47.1203 -27.0279
50.1244 -12.2312
48.9244 1.20941
44.7813 12.6201
38.6979 21.85
31.3852 28.9849
23.3233 34.186
14.8327 37.6123
6.13321 39.3884
-2.61283 39.5929
-11.2669 38.2547
-19.6861 35.354
-27.6948 30.8251
-35.0508 24.5637
-41.4021 16.4455
-46.23 6.36851
-48.7871 -5.65392
-48.0608 -19.3136
-42.8614 -33.7126
-32.2161 -47.0303
-16.2073 -56.5159
3.14423 -59.3925
22.114 -54.5551
37.0953 -43.4612
46.3366 -29.0805
50.0248 -14.1742
49.316 -0.469619
45.4943 11.2536
39.6073 20.7908
32.4062 28.2067
24.4005 33.6584
15.9303 37.3085
7.22749 39.2878
-1.53885 39.6816
-10.2276 38.5262
-18.6969 35.8083
-26.7758 31.4685
-34.2313 25.4074
-40.7263 17.5027
-45.7648 7.64794
-48.6292 -4.16264
-48.3384 -17.6665
-43.7129 -32.0516
-33.7226 -45.6179
-18.2744 -55.7011
0.860438 -59.4477
20.0883 -55.4756
35.6743 -44.9586
45.6068 -30.7845
49.8852 -15.8083
49.6048 -1.89007
46.0642 10.0951
40.348 19.8924
33.2427 27.5464
25.284 33.2097
16.8293 37.047
8.12164 39.1945
-0.663721 39.7433
-9.38293 38.7355
-17.8944 36.1637
-26.0303 31.9735
-33.5645 26.0701
-40.1713 18.3332
-45.3718 8.65374
-48.472 -2.98706
-48.5162 -16.36
-44.3373 -30.718
-34.8674 -44.4555
-19.8844 -54.9857
-0.960269 -59.4126
18.4356 -56.1449
34.4869 -46.1193
44.9752 -32.1371
49.7381 -17.1194
49.8122 -3.03415
46.5041 9.1621
40.9281 19.1707
33.8998 27.018
25.9767 32.8518
17.5317 36.8388
8.81692 39.1189
0.0133178 39.7881
-8.73264 38.8932
-17.2791 36.4313
-25.4603 32.3525
-33.0548 26.5654
-39.7448 18.9518
-45.0642 9.40155
-48.3359 -2.11294
-48.624 -15.3855
-44.7721 -29.7151
-35.6891 -43.566
-21.0626 -54.4134
-2.31599 -59.34
17.1846 -56.6055
33.5742 -46.9629
44.4805 -33.1377
49.6125 -18.0944
49.9572 -3.8839
46.8249 8.47318
41.3523 18.6427
34.378 26.6362
26.4771 32.5975
18.0342 36.6944
9.3093 39.0699
0.487826 39.8236
-8.2814 39.006
-16.8559 36.6178
-25.0709 32.612
-32.7079 26.9002
-39.4542 19.3663
-44.8517 9.89966
-48.2349 -1.53203
-48.6813 -14.7368
-45.0431 -29.0432
-36.2167 -42.9619
-21.8323 -54.0118
-3.2141 -59.2672
16.347 -56.8916
32.9596 -47.5113
44.1476 -33.7943
49.5294 -18.7323
50.0552 -4.43345
47.0371 8.03604
41.6278 18.3166
34.682 26.4089
26.7877 32.454
18.3382 36.6206
9.5989 39.0538
0.758943 39.8559
-8.03093 39.0797
-16.6274 36.7282
-24.8658 32.757
-32.5285 27.0793
-39.3054 19.5809
-44.7421 10.1517
-48.179 -1.24208
-48.7009 -14.4145
-45.1655 -28.708
-36.4649 -42.6565
-22.2021 -53.8029
-3.65087 -59.2199
15.939 -57.0236
32.665 -47.7736
43.9967 -34.1059
49.5036 -19.0263
50.1154 -4.67403
47.1459 7.85906
41.7569 18.1994
34.8128 26.3418
26.9089 32.426
18.4436 36.6212
9.68582 39.0739
0.826917 39.8877
-7.98087 39.1169
-16.5931 36.7658
-24.8445 32.7909
-32.5167 27.1068
-39.2992 19.6004
-44.7375 10.1631
-48.1724 -1.23731
-48.6896 -14.4134
-45.1491 -28.7067
-36.4452 -42.652
-22.1821 -53.7951
-3.63035 -59.2112
15.9647 -57.014
32.6997 -47.757
44.038 -34.0735
49.5428 -18.9729
50.1428 -4.60044
47.1535 7.94787
41.7399 18.2963
34.7691 26.4392
26.8384 32.5168
18.3477 36.6985
9.567 39.1315
0.688622 39.9197
-8.13422 39.1176
-16.7559 36.7296
-25.0094 32.7124
-32.6743 26.9808
-39.4369 19.4226
-44.8384 9.93154
-48.2147 -1.52001
-48.6465 -14.7353
-44.9925 -29.0404
-36.1566 -42.9486
-21.7716 -53.988
-3.15231 -59.2406
16.4237 -56.8624
33.0631 -47.4613
44.2704 -33.6971
49.646 -18.5727
50.136 -4.21341
47.0587 8.3013
41.5758 18.6058
34.5503 26.6996
26.5759 32.7246
18.0505 36.8507
9.2427 39.2248
0.344518 39.95
-8.49031 39.0798
-17.1148 36.6176
-25.3593 32.5191
-32.9997 26.6988
-39.716 19.0449
-45.0416 9.45415
-48.3013 -2.09283
-48.5651 -15.3822
-44.6874 -29.709
-35.5894 -43.5425
-20.962 -54.3733
-2.21255 -59.2959
17.3148 -56.5564
33.7497 -46.8765
44.6864 -32.9705
49.8054 -17.8222
50.088 -3.51175
46.8552 8.91912
41.2591 19.1267
34.1514 27.1207
26.1173 33.0464
17.5483 37.0742
8.71 39.3496
-0.207489 39.9737
-9.05031 38.9981
-17.6698 36.424
-25.893 32.205
-33.4898 26.2543
-40.1317 18.4607
-45.3394 8.72513
-48.4216 -2.95998
-48.4316 -16.3549
-44.2173 -30.7074
-34.7281 -44.4203
-19.7445 -54.9287
-0.814286 -59.3513
18.6222 -56.0747
34.7374 -45.9922
45.2651 -31.8928
50.0046 -16.727
49.9871 -2.50355
46.5352 9.79279
40.7844 19.8509
33.5688 27.6951
25.4595 33.4755
16.8389 37.3625
7.96689 39.4992
-0.969102 39.984
-9.8155 38.865
-18.4216 36.1401
-26.6099 31.7601
-34.1425 25.6363
-40.6789 17.6577
-45.7227 7.73133
-48.5608 -4.13399
-48.224 -17.6623
-43.5539 -32.0365
-33.5416 -45.569
-18.095 -55.6252
1.04876 -59.3679
20.3319 -55.3821
35.9999 -44.7866
45.9779 -30.4575
50.2193 -15.2907
49.8152 -1.19812
46.086 10.9106
40.1436 20.7661
32.7975 28.4108
24.6002 34.0004
15.9218 37.7047
7.01426 39.6635
-1.93826 39.971
-10.7827 38.6707
-19.3658 35.7563
-27.5042 31.1745
-34.9497 24.8342
-41.3467 16.6252
-46.1764 6.46216
-48.6977 -5.62364
-47.9143 -19.3083
-42.6627 -33.6894
-31.9949 -46.9648
-15.9897 -56.4209
3.37764 -59.295
22.4216 -54.4353
37.5024 -43.2342
46.7901 -28.6559
50.4206 -13.516
49.5501 0.396289
45.4911 12.262
39.3243 21.8609
31.8282 29.2563
23.5324 34.6095
14.7914 38.0889
5.84837 39.83
-3.11704 39.9216
-11.9522 38.4016
-20.5004 35.2579
-28.5709 30.4327
-35.9029 23.8318
-42.1213 15.3466
-46.68 4.90238
-48.8037 -7.44013
-47.4646 -21.2948
-41.4995 -35.6513
-30.0478 -48.5698
-13.4087 -57.2563
6.15914 -59.0683
24.8494 -53.1871
39.1926 -41.3148
47.654 -26.4903
50.5723 -11.4177
49.1669 2.26
44.7344 13.8267
38.3161 23.1162
30.6544 30.2139
22.2519 35.2865
13.4455 38.4998
4.4681 39.9839
-4.50544 39.8209
-13.3225 38.0418
-21.8222 34.628
-29.8042 29.5161
-36.9921 22.6089
-42.9868 13.8004
-47.2089 3.03083
-48.8427 -9.60053
-46.8263 -23.6277
-40.0071 -37.9072
-27.6474 -50.339
-10.3251 -58.0599
9.37992 -58.6112
27.5691 -51.5816
41.0123 -39.0035
48.5173 -23.9607
50.6341 -9.01015
48.637 4.37232
43.7965 15.5824
37.1068 24.5101
29.2686 31.2629
20.7547 36.0117
11.8827 38.9187
2.87416 40.107
-6.10073 39.6507
-14.8889 37.5729
-23.3236 33.8474
-31.193 28.4046
-38.201 21.1446
-43.9198 11.9659
-47.7301 0.829009
-48.7694 -12.1162
-45.9417 -26.3029
-38.122 -40.4257
-24.7428 -52.2069
-6.7247 -58.7423
13.0072 -57.8391
30.5168 -49.5653
42.8928 -36.2828
49.3222 -21.0746
50.5633 -6.31331
47.931 6.70915
42.6575 17.5045
35.6827 26.0193
27.6616 32.3814
19.0347 36.7644
10.099 39.3251
1.06464 40.1786
-7.90272 39.3898
-16.6485 36.9724
-24.9985 32.892
-32.726 27.0724
-39.5117 19.4115
-44.8925 9.81543
-48.2025 -1.72745
-48.5269 -15.0013
-44.739 -29.3124
-35.7692 -43.1632
-21.2809 -54.089
-2.60413 -59.1964
16.9897 -56.6604
33.612 -47.0889
44.7545 -33.1444
50.0055 -17.8496
50.3155 -3.35651
47.0196 9.23793
41.2991 19.5615
34.0331 27.6143
25.8278 33.5421
17.0898 37.519
8.09503 39.6951
-0.957606 40.1755
-9.9063 39.0146
-18.5935 36.216
-26.8352 31.7361
-34.3866 25.492
-40.8995 17.3809
-45.8691 7.3209
-48.575 -4.66155
-48.046 -18.2646
-43.1345 -32.637
-32.8668 -46.0572
-17.2127 -55.8792
2.02423 -59.3011
21.259 -54.9823
36.7644 -44.1092
46.5153 -29.5859
50.5048 -14.306
49.8466 -0.16908
45.8728 11.9272
39.7013 21.7224
32.145 29.2658
23.759 34.7172
14.9155 38.249
5.86944 40.0022
-3.19093 40.0709
-12.1065 38.4978
-20.7149 35.2752
-28.8193 30.3498
-36.1526 23.6324
-42.3319 15.0217
-46.8029 4.45414
-48.7831 -7.99177
-47.2434 -21.9031
-41.0344 -36.2346
-29.3355 -49.0137
-12.513 -57.4419
7.11008 -58.9238
25.7119 -52.7226
39.8633 -40.6046
48.086 -25.6264
50.7575 -10.4806
49.1159 3.20788
44.4649 14.7374
37.8481 23.9513
30.0085 30.9409
21.4493 35.8764
12.5087 38.9252
3.42156 40.2179
-5.63356 39.8357
-14.4984 37.8087
-23.0033 34.1171
-30.9353 28.6974
-37.9994 21.4554
-43.7709 12.2949
-47.6375 1.18002
-48.7475 -11.74
-46.0177 -25.9089
-38.329 -40.0469
-25.0938 -51.9129
-7.17296 -58.6193
12.5769 -57.9278
30.2262 -49.8115
42.792 -36.5696
49.3785 -21.297
50.7045 -6.41822
48.0858 6.72737
42.7731 17.6241
35.7265 26.2072
27.6172 32.6023
18.8971 36.985
9.87136 39.5149
0.756309 40.3101
-8.27742 39.438
-17.0702 36.9144
-25.442 32.707
-33.1588 26.7423
-39.8917 18.9228
-45.1659 9.16342
-48.3014 -2.53129
-48.3719 -15.9163
-44.2516 -30.2521
-34.9038 -43.9817
-20.0766 -54.5979
-1.22122 -59.2336
18.3104 -56.1845
34.6615 -46.2024
45.4333 -32.0187
50.3118 -16.6393
50.2936 -2.16705
46.7233 10.3431
40.7764 20.5447
33.3234 28.4511
24.9634 34.2136
16.0986 38.008
7.0033 39.9838
-2.12296 40.2443
-11.1151 38.8417
-19.8091 35.777
-28.0107 31.0047
-35.4595 24.4422
-41.7849 15.9921
-46.4521 5.58866
-48.7042 -6.70494
-47.5388 -20.515
-41.8125 -34.8708
-30.6485 -47.9011
-14.2547 -56.8701
5.25566 -59.095
24.1476 -53.5887
38.8552 -41.8861
47.6685 -26.9982
50.8112 -11.7165
49.4808 2.21138
45.003 14.0001
38.4606 23.4509
30.6313 30.6398
22.044 35.735
13.054 38.908
3.90753 40.2949
-5.21001 39.9829
-14.1361 38.0077
-22.6989 34.3547
-30.6848 28.9652
-37.8001 21.7496
-43.6236 12.6156
-47.5493 1.52942
-48.7351 -11.362
-46.1083 -25.5135
-38.5535 -39.6696
-25.4628 -51.6226
-7.64114 -58.4997
12.1189 -58.0205
29.8963 -50.0705
42.6443 -36.8877
49.3906 -21.5745
50.8149 -6.60044
48.2314 6.65215
42.9058 17.6419
35.8156 26.293
27.646 32.7285
18.859 37.125
9.76694 39.6447
0.591113 40.4082
-8.49368 39.4851
-17.324 36.8932
-25.7155 32.602
-33.4292 26.5407
-40.1299 18.6152
-45.3346 8.747
-48.355 -3.04778
-48.2578 -16.5043
-43.9194 -30.8521
-34.3271 -44.4971
-19.285 -54.9069
-0.321395 -59.2352
19.1645 -55.8564
35.3392 -45.6116
45.8727 -31.2725
50.5099 -15.8345
50.2758 -1.37072
46.5213 11.0887
40.4189 21.2126
32.8349 29.0223
24.3648 34.6729
15.4088 38.3412
6.24059 40.1764
-2.93911 40.2811
-11.9623 38.7057
-20.6602 35.4499
-28.8305 30.4672
-36.2012 23.676
-42.3853 14.9836
-46.8258 4.3375
-48.7405 -8.17006
-47.1072 -22.1104
-40.7922 -36.4246
-28.9991 -49.1372
-12.115 -57.463
7.53301 -58.8274
26.1311 -52.5031
40.2498 -40.2547
48.4004 -25.1454
50.956 -9.88548
49.1626 3.88278
44.3378 15.4483
37.5389 24.6519
29.5199 31.5866
20.7922 36.4253
11.7004 39.3384
2.48497 40.4583
-6.66936 39.8675
-15.5968 37.5964
-24.1177 33.6259
-32.0048 27.8943
-38.9437 20.3127
-44.4835 10.7981
-47.9793 -0.656856
-48.5467 -13.8474
-45.0895 -28.121
-36.5383 -42.0619
-22.4731 -53.3033
-4.03874 -58.9678
15.6667 -57.0643
32.7289 -47.9339
44.4217 -34.0969
50.1197 -18.6333
50.6835 -3.83736
47.459 9.07438
41.6767 19.6633
34.2664 27.9032
25.874 33.9352
16.9341 37.9383
7.74261 40.0697
-1.48722 40.4425
-10.5816 39.1174
-19.3713 36.1039
-27.6594 31.3643
-35.185 24.8235
-41.58 16.3909
-46.3152 6.00662
-48.6442 -6.26375
-47.5791 -20.0524
-41.9888 -34.4098
-30.9894 -47.5033
-14.7395 -56.6321
4.73101 -59.0955
23.7344 -53.8118
38.6544 -42.2147
47.6778 -27.2926
50.9564 -11.8862
49.6709 2.19379
45.1639 14.1183
38.5429 23.6677
30.6078 30.9115
21.9039 36.0187
12.7982 39.1637
3.54525 40.4866
-5.66246 40.0778
-14.656 37.9756
-23.2564 34.1681
-31.2413 28.5999
-38.3056 21.1862
-44.0136 11.844
-47.7419 0.557496
-48.632 -12.4945
-45.6062 -26.7137
-37.577 -40.7721
-24.0259 -52.3953
-5.90717 -58.7135
13.8566 -57.5715
31.343 -49.0463
43.6309 -35.4991
49.8878 -20.0351
50.8719 -5.06438
47.9191 8.0909
42.2904 18.9287
34.9517 27.3941
26.5779 33.6194
17.6243 37.7842
8.4001 40.0505
-0.873288 40.5365
-10.0175 39.309
-18.8615 36.3826
-27.2088 31.7244
-34.8015 25.2635
-41.2773 16.9119
-46.1164 6.60964
-48.5855 -5.58413
-47.7107 -19.3197
-42.3667 -33.6837
-31.6457 -46.8953
-15.6305 -56.2918
3.75945 -59.1389
22.8955 -54.2304
38.1023 -42.8696
47.4432 -28.0068
50.9793 -12.5303
49.8631 1.68124
45.4468 13.7497
38.8597 23.43
30.9216 30.7819
22.193 35.973
13.0511 39.1798
3.75736 40.5452
-5.4915 40.1633
-14.5236 38.0753
-23.1581 34.2723
-31.1713 28.7014
-38.2576 21.2806
-43.9814 11.9299
-47.7206 0.635921
-48.6194 -12.4203
-45.6042 -26.6406
-37.5917 -40.7013
-24.0618 -52.3363
-5.9571 -58.6819
13.8158 -57.574
31.3365 -49.0676
43.6653 -35.5088
49.9476 -20.0078
50.9321 -4.99076
47.9566 8.20602
42.2891 19.0724
34.9027 27.5505
26.478 33.7723
17.4745 37.9184
8.20439 40.1518
-1.10819 40.5919
-10.2825 39.3062
-19.1447 36.3099
-27.4948 31.5709
-35.0702 25.0195
-41.5022 16.5706
-46.2631 6.16998
-48.6107 -6.11186
-47.5641 -19.9048
-42.0014 -34.2638
-31.0423 -47.3697
-14.8319 -56.5391
4.63194 -59.0697
23.6832 -53.8444
38.6853 -42.2541
47.7787 -27.2785
51.0827 -11.7839
49.7723 2.38659
45.2011 14.3818
38.4915 23.9719
30.4563 31.2239
21.6507 36.3078
12.4488 39.4002
3.11069 40.6434
-6.1664 40.1295
-15.2083 37.8983
-23.8298 33.9392
-31.8002 28.1985
-38.8036 20.5955
-44.3897 11.0555
-47.9176 -0.42083
-48.5118 -13.6231
-45.0887 -27.9
-36.5896 -41.8499
-22.5878 -53.132
-4.19006 -58.8831
15.5517 -57.0807
32.7222 -47.9984
44.5356 -34.1173
50.3031 -18.5374
50.8605 -3.6022
47.562 9.43095
41.6597 20.101
34.1046 28.374
25.5593 34.3908
16.4707 38.3334
7.14353 40.3625
-2.20131 40.594
-11.3827 39.091
-20.2229 35.8649
-28.5143 30.8803
-35.9814 24.0662
-42.2369 15.341
-46.7271 4.66323
-48.6788 -7.86561
-47.0848 -21.8137
-40.8288 -36.1331
-29.118 -48.878
-12.3065 -57.2947
7.34428 -58.7962
26.0532 -52.5767
40.3381 -40.322
48.6176 -25.0908
51.2079 -9.64993
49.3507 4.29542
44.3879 15.9938
37.4067 25.2689
29.1861 32.21
20.2562 36.9929
10.9749 39.7925
1.59349 40.7453
-7.6937 39.9376
-16.7104 37.4021
-25.2641 33.1227
-33.1104 27.0417
-39.9123 19.0788
-45.1888 9.16925
-48.2599 -2.65779
-48.2083 -16.1296
-43.9327 -30.4816
-34.4346 -44.148
-19.4975 -54.6405
-0.577828 -59.1262
18.9952 -55.9102
35.3647 -45.7201
46.0913 -31.2804
50.8231 -15.6348
50.556 -0.939431
46.6613 11.7123
40.349 21.9575
32.5194 29.8075
23.7945 35.4187
14.5935 38.9731
5.20471 40.6256
-4.15899 40.4835
-13.3172 38.6009
-22.0863 34.9806
-30.2452 29.5803
-37.4963 22.3264
-43.419 13.1431
-47.4141 2.01283
-48.6551 -10.9051
-46.0936 -25.0648
-38.6381 -39.2343
-25.6751 -51.2549
-7.94446 -58.2921
11.859 -58.0212
29.8351 -50.1969
42.8324 -36.9593
49.7437 -21.4323
51.1832 -6.17993
48.4734 7.32695
42.921 18.4957
35.5474 27.2307
27.0731 33.6531
17.9859 37.9447
8.6169 40.2747
-0.797165 40.7699
-10.067 39.5046
-19.013 36.5007
-27.4304 31.732
-35.0528 25.1347
-41.5087 16.6303
-46.268 6.17214
-48.5885 -6.15993
-47.4929 -19.9855
-41.868 -34.3501
-30.8471 -47.4313
-14.5873 -56.5505
4.90994 -59.0143
23.9797 -53.707
38.9782 -42.0174
48.0324 -26.9332
51.2559 -11.3388
49.8306 2.9049
45.1224 14.937
38.2669 24.525
30.0869 31.7372
21.1448 36.7461
11.8205 39.7311
2.37883 40.8361
-6.97778 40.1546
-16.069 37.727
-24.7014 33.5433
-32.6326 27.5517
-39.5306 19.676
-44.9236 9.85296
-48.1446 -1.89255
-48.2919 -15.3031
-44.2741 -29.6476
-35.0777 -43.4131
-20.419 -54.1615
-1.63682 -59.049
18.0301 -56.2638
34.6925 -46.3763
45.7779 -32.0371
50.8143 -16.3273
50.7487 -1.48269
46.958 11.3386
40.677 21.738
32.8321 29.7124
24.0648 35.4153
14.8081 39.0312
5.35941 40.7186
-4.06235 40.5888
-13.2725 38.6998
-22.0841 35.0577
-30.2734 29.6234
-37.54 22.3267
-43.4605 13.0958
-47.4335 1.91838
-48.6307 -11.0388
-46.0053 -25.2204
-38.4717 -39.3832
-25.4302 -51.3601
-7.63965 -58.3166
12.1882 -57.9402
30.1466 -50.0048
43.0884 -36.6684
49.9166 -21.066
51.2567 -5.76677
48.4405 7.7583
42.7822 18.9186
35.308 27.6217
26.7414 33.9912
17.5725 38.2113
8.13441 40.4524
-1.33415 40.8421
-10.641 39.4548
-19.6025 36.3125
-28.008 31.389
-35.5828 24.622
-41.9435 15.9369
-46.5446 5.29689
-48.6256 -7.19764
-47.1947 -21.1276
-41.1433 -35.4764
-29.6569 -48.3454
-13.0164 -57.0124
6.61898 -58.8464
25.5071 -52.912
40.0835 -40.7773
48.6344 -25.4893
51.394 -9.88544
49.5914 4.24949
44.5934 16.1128
37.5194 25.5051
29.1757 32.51
20.1118 37.3053
10.6994 40.0706
1.19955 40.9475
-8.1857 40.0263
-17.2726 37.3437
-25.8603 32.8865
-33.694 26.6013
-40.4232 18.4145
-45.5499 8.27364
-48.3738 -3.76907
-47.9605 -17.3995
-43.2085 -31.7866
-33.1653 -45.2787
-17.7351 -55.3221
1.44814 -59.1174
20.9304 -55.1415
36.8922 -44.3372
47.053 -29.5403
51.2107 -13.777
50.4377 0.868962
46.1237 13.3701
39.4711 23.4056
31.3671 31.0092
22.4221 36.347
13.0481 39.6043
3.53026 40.9352
-5.91744 40.4444
-15.1089 38.1824
-23.8498 34.1488
-31.9012 28.2996
-38.9392 20.5643
-44.5057 10.881
-47.9532 -0.732601
-48.403 -14.043
-44.7778 -28.3691
-36.0415 -42.2772
-21.8117 -53.4049
-3.25222 -58.8959
16.5392 -56.7689
33.6336 -47.3556
45.2614 -33.1875
50.7655 -17.3958
51.0155 -2.33619
47.394 10.7346
41.1738 21.3633
33.3196 29.5252
24.5025 35.3695
15.1759 39.0843
5.6502 40.8343
-3.84714 40.7372
-13.126 38.8568
-21.9958 35.2044
-30.2298 29.7455
-37.5261 22.4146
-43.4597 13.1446
-47.4285 1.92837
-48.6051 -11.0617
-45.9451 -25.2644
-38.3675 -39.4323
-25.2774 -51.3958
-7.43721 -58.3181
12.4354 -57.8816
30.4196 -49.8571
43.3496 -36.4126
50.1203 -20.7051
51.3644 -5.32498
48.4287 8.24558
42.642 19.4139
35.0411 28.0901
26.3566 34.4022
17.0832 38.5381
7.55716 40.6713
-1.97966 40.9312
-11.3316 39.3936
-20.3101 36.081
-28.6978 30.9682
-36.21 23.9952
-42.4493 15.0927
-46.8521 4.23645
-48.6367 -8.44772
-46.7949 -22.4935
-40.2254 -36.8091
-28.18 -49.4053
-11.0898 -57.5109
8.69757 -58.5756
27.3528 -51.8814
41.4091 -39.2082
49.3416 -23.6724
51.5273 -8.05625
49.2532 5.94407
43.8889 17.595
36.5371 26.7374
27.9849 33.4747
18.7672 37.9921
9.24615 40.4704
-0.321864 41.0492
-9.73478 39.8154
-18.8044 36.8016
-27.3202 31.9916
-35.0116 25.331
-41.5038 16.7507
-46.2653 6.21414
-48.5545 -6.18769
-47.3985 -20.0631
-41.692 -34.4482
-30.578 -47.5152
-14.2209 -56.5824
5.37124 -58.9479
24.5123 -53.4841
39.5204 -41.5869
48.494 -26.282
51.5498 -10.5014
49.8967 3.86249
44.9324 15.9384
37.8173 25.4967
29.3914 32.6139
20.2279 37.471
10.7139 40.2543
1.12052 41.1127
-8.34354 40.1427
-17.4894 37.3866
-26.1113 32.836
-33.95 26.4425
-40.6487 18.1381
-45.7028 7.8785
-48.4046 -4.27158
-47.814 -17.9783
-42.8312 -32.3811
-32.524 -45.7911
-16.847 -55.624
2.48893 -59.0871
21.9651 -54.7218
37.7571 -43.5661
47.6387 -28.5236
51.4756 -12.6364
50.3881 2.02933
45.7899 14.4723
38.8915 24.394
30.5808 31.8433
21.4667 36.996
11.9596 40.0428
2.34463 41.1403
-7.16261 40.3938
-16.3718 37.854
-25.0807 33.52
-33.0385 27.3487
-39.9031 19.2745
-45.1914 9.24777
-48.224 -2.68578
-48.0899 -16.2366
-43.6995 -30.6258
-34.0696 -44.2804
-18.994 -54.71
0.0663551 -59.0733
19.7624 -55.6526
36.1832 -45.1696
46.8327 -30.3929
51.347 -14.441
50.7552 0.470691
46.4781 13.2235
39.7683 23.4541
31.5562 31.1854
22.4828 36.5872
12.9799 39.8536
3.34521 41.148
-6.19885 40.5835
-15.4601 38.2181
-24.2387 34.0573
-32.29 28.0635
-39.2834 20.1734
-44.7528 10.3346
-48.0418 -1.42064
-48.2639 -14.8357
-44.3417 -29.1946
-35.2591 -43.0173
-20.6898 -53.8974
-1.89313 -58.9729
17.9382 -56.3306
34.8471 -46.4259
46.1226 -31.8951
51.2007 -15.9062
51.024 -0.797656
47.0143 12.2095
40.4587 22.6946
32.3242 30.6566
23.2796 36.2599
13.7755 39.7011
4.12106 41.1496
-5.45538 40.725
-14.7595 38.4914
-23.5925 34.4604
-31.7145 28.5988
-38.8032 20.846
-44.4051 11.1486
-47.8814 -0.469858
-48.3656 -13.776
-44.7921 -28.0996
-36.1252 -42.0312
-21.9533 -53.2336
-3.38267 -58.8407
16.5252 -56.7994
33.7939 -47.3559
45.5504 -33.0299
51.0683 -17.0193
51.2153 -1.75878
47.4111 11.4474
40.9701 22.131
32.8888 30.2706
23.8592 36.0259
14.3474 39.596
4.67204 41.155
-4.93313 40.8279
-14.2717 38.6839
-23.1454 34.7394
-31.317 28.9653
-38.4698 21.3036
-44.1594 11.7012
-47.7594 0.176633
-48.4178 -13.0513
-45.0794 -27.3431
-36.6981 -41.3383
-22.807 -52.7509
-4.40591 -58.719
15.5423 -57.0969
33.0559 -47.9811
45.1492 -33.801
50.9759 -17.7721
51.3466 -2.39872
47.6787 10.9525
41.307 21.7773
33.2509 30.0397
24.2201 35.8961
14.6925 39.5475
4.9942 41.1719
-4.63676 40.8986
-14.002 38.8011
-22.903 34.8993
-31.1038 29.1674
-38.2907 21.5502
-44.0246 11.9958
-47.6866 0.521353
-48.4342 -12.6613
-45.2203 -26.9291
-36.996 -40.9501
-23.2652 -52.4706
-4.96607 -58.6358
14.9999 -57.2492
32.6524 -48.3177
44.9392 -34.214
50.94 -18.1629
51.4297 -2.71287
47.8251 10.73
41.4751 21.6389
33.4146 29.9688
24.3652 35.8748
14.8128 39.5597
5.08874 41.2046
-4.5659 40.9416
-13.9509 38.8472
-22.8669 34.944
-31.0776 29.2087
-38.2699 21.5887
-44.006 12.0344
-47.6697 0.564683
-48.4229 -12.608
-45.2234 -26.8636
-37.0258 -40.8777
-23.3298 -52.4085
-5.05655 -58.6082
14.913 -57.2686
32.6017 -48.3693
44.936 -34.2643
50.9705 -18.1836
51.4693 -2.69282
47.8517 10.7867
41.4742 21.7204
33.3793 30.0608
24.2941 35.9637
14.7085 39.6337
4.95643 41.2535
-4.71929 40.9573
-14.1169 38.823
-23.0353 34.8748
-31.2368 29.0912
-38.406 21.4216
-44.103 11.8198
-47.7092 0.309637
-48.3853 -12.8889
-45.0913 -27.1448
-36.7908 -41.121
-23.0031 -52.5671
-4.67707 -58.6401
15.2853 -57.1581
32.9091 -48.1357
45.1437 -33.9489
51.0692 -17.8296
51.465 -2.33439
47.7565 11.1257
41.3016 22.0233
33.142 30.316
24.0042 36.1622
14.3775 39.7678
4.59555 41.3166
-5.09807 40.9432
-14.5004 38.7256
-23.4082 34.6885
-31.5805 28.8112
-38.6974 21.0451
-44.3126 11.3481
-47.8005 -0.247454
-48.3152 -13.5066
-44.816 -27.7737
-36.2817 -41.6783
-22.2764 -52.9402
-3.82195 -58.7219
16.1176 -56.9067
33.5706 -47.6072
45.5555 -33.2614
51.2281 -17.0982
51.4091 -1.63797
47.5333 11.7441
40.9526 22.5435
32.6999 30.7293
23.4941 36.4644
13.8196 39.9563
4.00732 41.3883
-5.69994 40.8939
-15.0981 38.55
-23.9813 34.3804
-32.1035 28.3643
-39.1375 20.4551
-44.627 10.6158
-47.9339 -1.10943
-48.2003 -14.4624
-44.3824 -28.7481
-35.4821 -42.541
-21.1355 -53.512
-2.48394 -58.8313
17.4069 -56.4909
34.5748 -46.7652
46.156 -32.1902
51.4317 -15.9845
51.2879 -0.60316
47.1702 12.6394
40.4175 23.2762
32.0451 31.2942
22.758 36.8632
13.031 40.1911
3.18974 41.4599
-6.52499 40.8003
-15.9083 38.2868
-24.7507 33.9411
-32.7994 27.7416
-39.7173 19.6432
-45.0337 9.61573
-48.093 -2.28062
-48.0203 -15.7558
-43.7673 -30.0597
-34.3695 -43.6902
-19.5656 -54.2513
-0.664092 -58.9306
19.1345 -55.8775
35.8921 -45.5901
46.9147 -30.7305
51.6547 -14.4932
51.0825 0.760249
46.6539 13.7999
39.6869 24.2095
31.1712 31.9995
21.7912 37.3472
12.0085 40.4611
2.14092 41.5199
-7.57373 40.6506
-16.9297 37.9237
-25.713 33.3575
-33.6622 26.9289
-40.4268 18.5949
-45.5177 8.33387
-48.2564 -3.77302
-47.7462 -17.3933
-42.9353 -31.7042
-32.9071 -45.1046
-17.5396 -55.1181
1.6425 -58.9678
21.279 -55.0192
37.4845 -44.0528
47.791 -28.8736
51.863 -12.6307
50.7677 2.43826
45.9673 15.2088
38.7499 25.3261
30.0716 32.828
20.5908 37.9003
10.7517 40.7507
0.862733 41.5536
-8.84227 40.4304
-18.1564 37.4462
-26.8598 32.6151
-34.6804 25.9121
-41.2506 17.2963
-46.0581 6.75744
-48.396 -5.59602
-47.3419 -19.377
-41.8434 -33.6701
-31.0523 -46.7523
-15.0289 -56.0582
4.43587 -58.8779
23.81 -53.8598
39.3045 -42.1205
48.7366 -26.6103
52.0165 -10.4034
50.3135 4.41648
45.0889 16.8485
37.5914 26.6075
28.7361 33.7615
19.1499 38.5044
9.25696 41.042
-0.645792 41.5428
-10.3287 40.1212
-19.5833 36.8357
-28.1823 31.6951
-35.8402 24.672
-42.1689 15.7292
-46.6274 4.87081
-48.4752 -7.75934
-46.7615 -21.7049
-40.4402 -35.9358
-28.7589 -48.5852
-12.0114 -56.999
7.69916 -58.5816
26.6753 -52.3395
41.2852 -39.7668
49.6904 -23.9432
52.0686 -7.83054
49.688 6.66902
43.998 18.6922
36.1985 28.0284
27.1567 34.7764
17.4642 39.1374
7.52222 41.3137
-2.38444 41.4665
-12.0305 39.7017
-21.2048 36.07
-29.671 30.5741
-37.1269 23.1846
-43.1592 13.8693
-47.1933 2.65206
-48.4493 -10.2781
-45.9473 -24.3773
-38.6607 -38.4763
-25.9702 -50.5442
-8.4622 -57.8525
11.4092 -57.9868
29.812 -50.3931
43.3504 -36.9659
50.5846 -20.8787
51.9687 -4.93656
48.8569 9.16466
42.6731 20.7078
34.5586 29.5583
25.3271 35.8444
15.5315 39.7729
5.54881 41.5411
-4.34898 41.3007
-13.9404 39.1481
-23.0102 35.1249
-31.3105 29.2276
-38.5187 21.425
-44.1915 11.693
-47.7142 0.0813967
-48.2632 -13.1623
-44.8316 -27.3852
-36.4326 -41.2511
-22.6301 -52.5505
-4.368 -58.5126
15.524 -56.9935
33.1405 -47.9578
45.414 -33.6997
51.3474 -17.43
