6.8562e+07 1.16802e+07
6.48115e+07 2.2932e+07
5.86219e+07 3.33133e+07
5.00982e+07 4.23553e+07
3.94161e+07 4.9551e+07
2.68561e+07 5.43488e+07
1.28555e+07 5.61598e+07
-1.92045e+06 5.43928e+07
-1.64969e+07 4.85455e+07
-2.95371e+07 3.83878e+07
-3.94168e+07 2.42412e+07
-4.45528e+07 7.24702e+06
-4.39757e+07 -1.06526e+07
-3.77998e+07 -2.72192e+07
-2.71624e+07 -4.0644e+07
-1.36942e+07 -4.99589e+07
1.02102e+06 -5.49748e+07
1.57177e+07 -5.59939e+07
2.9487e+07 -5.35462e+07
4.17141e+07 -4.82273e+07
5.19966e+07 -4.06203e+07
6.00771e+07 -3.12682e+07
6.57952e+07 -2.06706e+07
6.90564e+07 -9.29079e+06
6.98128e+07 2.43179e+06
6.80537e+07 1.40686e+07
6.38032e+07 2.51881e+07
5.71258e+07 3.53422e+07
4.81391e+07 4.4053e+07
3.70378e+07 5.08026e+07
2.41315e+07 5.50285e+07
9.90082e+06 5.61348e+07
-4.92741e+06 5.35373e+07
-1.92996e+07 4.67722e+07
-3.18004e+07 3.57023e+07
-4.07727e+07 2.08107e+07
-4.47121e+07 3.43324e+06
-4.28589e+07 -1.43615e+07
-3.55791e+07 -3.03685e+07
-2.41723e+07 -4.29446e+07
-1.02983e+07 -5.13103e+07
4.51483e+06 -5.541e+07
1.90811e+07 -5.56153e+07
3.25626e+07 -5.24808e+07
4.43968e+07 -4.6604e+07
5.42178e+07 -3.85607e+07
6.17924e+07 -2.88846e+07
6.69763e+07 -1.8067e+07
6.96861e+07 -6.56563e+06
6.98823e+07 5.18272e+06
6.75616e+07 1.6749e+07
6.27563e+07 2.76977e+07
5.55414e+07 3.75738e+07
4.60498e+07 4.58894e+07
3.44993e+07 5.21147e+07
2.12343e+07 5.56755e+07
6.78708e+06 5.59712e+07
-8.04329e+06 5.24311e+07
-2.21143e+07 4.46448e+07
-3.39298e+07 3.25943e+07
-4.18184e+07 1.69544e+07
-4.43964e+07 -730033
-4.1158e+07 -1.82857e+07
-3.27347e+07 -3.35843e+07
-2.05718e+07 -4.51816e+07
-6.33439e+06 -5.24963e+07
8.52138e+06 -5.56039e+07
2.28968e+07 -5.49391e+07
3.60274e+07 -5.10768e+07
4.7405e+07 -4.46137e+07
5.67003e+07 -3.61169e+07
6.37047e+07 -2.61099e+07
6.82908e+07 -1.50754e+07
7.03867e+07 -3.46557e+06
6.99619e+07 8.28519e+06
6.70217e+07 1.97466e+07
6.16079e+07 3.04785e+07
5.38082e+07 4.00176e+07
4.37741e+07 4.78649e+07
3.1751e+07 5.34775e+07
1.81254e+07 5.62702e+07
3.49094e+06 5.56407e+07
-1.12693e+07 5.10416e+07
-2.49146e+07 4.2136e+07
-3.58716e+07 2.90564e+07
-4.24839e+07 1.27006e+07
-4.35411e+07 -5.17383e+06
-3.88332e+07 -2.23255e+07
-2.92587e+07 -3.67543e+07
-1.63812e+07 -4.72438e+07
-1.84325e+06 -5.34144e+07
1.29859e+07 -5.54645e+07
2.71005e+07 -5.3884e+07
3.98115e+07 -4.9263e+07
5.06644e+07 -4.21944e+07
5.93668e+07 -3.3235e+07
6.57348e+07 -2.28977e+07
6.96577e+07 -1.16566e+07
7.10757e+07 41309.2
6.99685e+07 1.17634e+07
6.63506e+07 2.30774e+07
6.02753e+07 3.35371e+07
5.18457e+07 4.26698e+07
4.12358e+07 4.9964e+07
2.87247e+07 5.48633e+07
1.47496e+07 5.67723e+07
-22823.8 5.50927e+07
-1.46131e+07 4.93144e+07
-2.76752e+07 3.92007e+07
-3.75709e+07 2.50714e+07
-4.27026e+07 8.07578e+06
-4.20941e+07 -9.8273e+06
-3.58656e+07 -2.63827e+07
-2.51684e+07 -3.97734e+07
-1.16464e+07 -4.9033e+07
3.10917e+06 -5.39789e+07
1.78295e+07 -5.492e+07
3.16057e+07 -5.23916e+07
4.38234e+07 -4.6993e+07
5.40811e+07 -3.93104e+07
6.21222e+07 -2.98893e+07
6.77871e+07 -1.92315e+07
7.09818e+07 -7.80276e+06
7.16589e+07 3.95457e+06
6.98087e+07 1.56085e+07
6.54568e+07 2.67234e+07
5.86698e+07 3.68458e+07
4.95696e+07 4.54918e+07
3.83575e+07 5.21359e+07
2.53542e+07 5.62079e+07
1.10577e+07 5.71049e+07
-3.77866e+06 5.42409e+07
-1.80658e+07 4.71628e+07
-3.03498e+07 3.57681e+07
-3.8952e+07 2.06061e+07
-4.2393e+07 3.0978e+06
-3.99966e+07 -1.46283e+07
-3.22341e+07 -3.03726e+07
-2.04778e+07 -4.25547e+07
-6.4072e+06 -5.0471e+07
8.46597e+06 -5.41235e+07
2.29842e+07 -5.39164e+07
3.63367e+07 -5.04195e+07
4.79826e+07 -4.42354e+07
5.75715e+07 -3.59407e+07
6.48812e+07 -2.60683e+07
6.97755e+07 -1.51089e+07
7.21768e+07 -3.52069e+06
7.20508e+07 8.25798e+06
6.93989e+07 1.97946e+07
6.42594e+07 3.06485e+07
5.67151e+07 4.03574e+07
4.69104e+07 4.84243e+07
3.50803e+07 5.43087e+07
2.15959e+07 5.74266e+07
7.02903e+06 5.71723e+07
-7.76563e+06 5.2985e+07
-2.15773e+07 4.44951e+07
-3.28494e+07 3.17768e+07
-3.99041e+07 1.56515e+07
-4.14555e+07 -2.18303e+06
-3.71889e+07 -1.94851e+07
-2.79259e+07 -3.41912e+07
-1.52113e+07 -4.50018e+07
-712460 -5.14761e+07
1.41635e+07 -5.37822e+07
2.83771e+07 -5.2402e+07
4.12148e+07 -4.79287e+07
5.22066e+07 -4.09623e+07
6.10504e+07 -3.20676e+07
6.75569e+07 -2.17642e+07
7.16121e+07 -1.05319e+07
7.31548e+07 1.17818e+06
7.21637e+07 1.29301e+07
6.86529e+07 2.42895e+07
6.26751e+07 3.48089e+07
5.43325e+07 4.4015e+07
4.37972e+07 5.13961e+07
3.13459e+07 5.63956e+07
1.74111e+07 5.84177e+07
2.65336e+06 5.6861e+07
-1.19548e+07 5.12091e+07
-2.50726e+07 4.12121e+07
-3.50593e+07 2.71711e+07
-4.03002e+07 1.02171e+07
-3.97901e+07 -7.69497e+06
-3.36233e+07 -2.42929e+07
-2.29444e+07 -3.77316e+07
-9.40791e+06 -4.70233e+07
5.37776e+06 -5.19764e+07
2.01294e+07 -5.29012e+07
3.39287e+07 -5.03385e+07
4.61565e+07 -4.48945e+07
5.64094e+07 -3.71615e+07
6.44307e+07 -2.76902e+07
7.00616e+07 -1.69868e+07
7.32098e+07 -5.52059e+06
7.38297e+07 6.263e+06
7.19136e+07 1.79292e+07
6.74898e+07 2.90396e+07
6.0628e+07 3.91382e+07
5.14537e+07 4.77382e+07
4.01734e+07 5.43115e+07
2.71149e+07 5.82852e+07
1.27861e+07 5.90553e+07
-2.04638e+06 5.60371e+07
-1.62761e+07 4.87856e+07
-2.84316e+07 3.72175e+07
-3.68252e+07 2.19161e+07
-3.99914e+07 4.34491e+06
-3.72953e+07 -1.33369e+07
-2.92614e+07 -2.89303e+07
-1.73016e+07 -4.08833e+07
-3.11042e+06 -4.85303e+07
1.18039e+07 -5.19045e+07
2.62952e+07 -5.14309e+07
3.95652e+07 -4.76913e+07
5.10843e+07 -4.12951e+07
6.05111e+07 -3.28225e+07
6.76309e+07 -2.2809e+07
7.23133e+07 -1.17472e+07
7.44862e+07 -97118.1
7.41199e+07 1.17002e+07
7.1221e+07 2.32093e+07
6.58337e+07 3.39857e+07
5.8048e+07 4.35623e+07
4.80183e+07 5.14368e+07
3.59935e+07 5.70631e+07
2.23647e+07 5.98531e+07
7.73168e+06 5.92016e+07
-7.0136e+06 5.45598e+07
-2.06177e+07 4.55921e+07
-3.14912e+07 3.24399e+07
-3.79642e+07 1.60221e+07
-3.88264e+07 -1.87073e+06
-3.38905e+07 -1.89665e+07
-2.40944e+07 -3.32536e+07
-1.10377e+07 -4.35276e+07
3.61505e+06 -4.94339e+07
1.84877e+07 -5.11972e+07
3.25769e+07 -4.93287e+07
4.51999e+07 -4.44344e+07
5.59104e+07 -3.71184e+07
6.44235e+07 -2.7946e+07
7.05628e+07 -1.74364e+07
7.42243e+07 -6.06943e+06
7.5355e+07 5.70273e+06
7.39411e+07 1.74417e+07
7.00049e+07 2.8709e+07
6.36088e+07 3.90515e+07
5.48676e+07 4.79885e+07
4.39715e+07 5.49998e+07
3.12223e+07 5.95207e+07
1.70895e+07 6.09513e+07
2.28462e+06 5.86974e+07
-1.21553e+07 5.22744e+07
-2.4824e+07 4.15081e+07
-3.40496e+07 2.68316e+07
-3.82749e+07 9.53913e+06
-3.66622e+07 -8.29941e+06
-2.9518e+07 -2.44249e+07
-1.81341e+07 -3.71207e+07
-4.20419e+06 -4.5556e+07
1.06986e+07 -4.96578e+07
2.53517e+07 -4.9803e+07
3.88941e+07 -4.65623e+07
5.07514e+07 -4.0551e+07
6.05527e+07 -3.23614e+07
6.80645e+07 -2.25413e+07
7.3145e+07 -1.15939e+07
7.57143e+07 12677.5
7.5738e+07 1.18324e+07
7.32185e+07 2.34272e+07
6.81957e+07 3.43531e+07
6.07536e+07 4.41455e+07
5.10375e+07 5.23073e+07
3.92821e+07 5.82987e+07
2.58558e+07 6.15372e+07
1.13246e+07 6.14179e+07
-3.46579e+06 5.73776e+07
-1.7316e+07 4.90375e+07
-2.86762e+07 3.64511e+07
-3.58596e+07 2.0411e+07
-3.75473e+07 2.59436e+06
-3.33811e+07 -1.47489e+07
-2.41565e+07 -2.95187e+07
-1.14236e+07 -4.03757e+07
3.12525e+06 -4.68558e+07
1.8056e+07 -4.91236e+07
3.23093e+07 -4.76689e+07
4.516e+07 -4.30974e+07
5.61329e+07 -3.60215e+07
6.49248e+07 -2.70173e+07
7.1348e+07 -1.66138e+07
7.52915e+07 -5.29913e+06
7.66983e+07 6.46869e+06
7.55518e+07 1.82475e+07
7.18721e+07 2.95971e+07
6.57188e+07 4.00648e+07
5.72027e+07 4.91718e+07
4.6507e+07 5.64017e+07
3.39225e+07 6.11943e+07
1.99009e+07 6.29525e+07
5.12749e+06 6.10799e+07
-9.39505e+06 5.50754e+07
-2.22957e+07 4.47241e+07
-3.19173e+07 3.0386e+07
-3.66654e+07 1.3267e+07
-3.56036e+07 -4.61829e+06
-2.89215e+07 -2.09896e+07
-1.78406e+07 -3.40474e+07
-4.0494e+06 -4.28711e+07
1.08451e+07 -4.7328e+07
2.5578e+07 -4.77685e+07
3.92528e+07 -4.4758e+07
5.127e+07 -3.89164e+07
6.12427e+07 -3.08446e+07
6.89275e+07 -2.10989e+07
7.41769e+07 -1.01899e+07
7.69082e+07 1.4081e+06
7.70851e+07 1.32448e+07
7.47097e+07 2.48792e+07
6.98212e+07 3.58656e+07
6.2503e+07 4.57396e+07
5.28986e+07 5.40047e+07
4.12393e+07 6.01234e+07
2.78873e+07 6.35155e+07
1.33988e+07 6.35774e+07
-1.39631e+06 5.9743e+07
-1.53174e+07 5.16209e+07
-2.68307e+07 3.92365e+07
-3.42469e+07 2.33386e+07
-3.62121e+07 5.562e+06
-3.23064e+07 -1.18547e+07
-2.32719e+07 -2.67803e+07
-1.06399e+07 -3.78244e+07
3.88535e+06 -4.44813e+07
1.88452e+07 -4.68938e+07
3.31573e+07 -4.55459e+07
4.60795e+07 -4.10458e+07
5.71252e+07 -3.4012e+07
6.5985e+07 -2.50272e+07
7.24675e+07 -1.46266e+07
7.64605e+07 -3.30355e+06
7.79068e+07 8.4796e+06
7.67906e+07 2.02773e+07
7.3133e+07 3.16467e+07
6.69953e+07 4.21331e+07
5.84901e+07 5.12566e+07
4.78022e+07 5.85003e+07
3.52243e+07 6.33042e+07
2.12094e+07 6.50722e+07
6.44324e+06 6.32092e+07
-8.07235e+06 5.7216e+07
-2.09684e+07 4.68778e+07
-3.05897e+07 3.25527e+07
-3.53409e+07 1.54426e+07
-3.42798e+07 -2.44051e+06
-2.75892e+07 -1.88122e+07
-1.64889e+07 -3.18645e+07
-2.67223e+06 -4.06696e+07
1.22461e+07 -4.50925e+07
2.69941e+07 -4.54856e+07
4.06706e+07 -4.24185e+07
5.26738e+07 -3.65163e+07
6.26161e+07 -2.83846e+07
7.02547e+07 -1.85841e+07
7.54431e+07 -7.62918e+06
7.81005e+07 4.00248e+06
7.81928e+07 1.58573e+07
7.57248e+07 2.74913e+07
7.07388e+07 3.84559e+07
6.33224e+07 4.82838e+07
5.36245e+07 5.64758e+07
4.18833e+07 6.24921e+07
2.84701e+07 6.57514e+07
1.3953e+07 6.56514e+07
-822917 6.16323e+07
-1.46613e+07 5.33171e+07
-2.60169e+07 4.07579e+07
-3.32045e+07 2.47404e+07
-3.48979e+07 6.93428e+06
-3.07247e+07 -1.04092e+07
-2.1471e+07 -2.51758e+07
-8.6909e+06 -3.6009e+07
5.90916e+06 -4.24353e+07
2.08796e+07 -4.46198e+07
3.51496e+07 -4.30593e+07
4.79874e+07 -3.83692e+07
5.89148e+07 -3.11719e+07
6.76288e+07 -2.20523e+07
7.39435e+07 -1.15479e+07
7.77509e+07 -153715
7.8998e+07 1.16655e+07
7.76732e+07 2.34616e+07
7.38023e+07 3.47883e+07
6.74525e+07 4.51871e+07
5.87438e+07 5.41737e+07
4.78716e+07 6.12268e+07
3.51428e+07 6.57823e+07
2.10303e+07 6.72432e+07
6.24678e+06 6.50199e+07
-8.17335e+06 5.86318e+07
-2.08299e+07 4.79053e+07
-3.0056e+07 3.32665e+07
-3.42898e+07 1.59977e+07
-3.26754e+07 -1.83592e+06
-2.55002e+07 -1.79612e+07
-1.40534e+07 -3.06359e+07
-45361.1 -3.90088e+07
1.49274e+07 -4.30019e+07
2.96222e+07 -4.29997e+07
4.31648e+07 -3.95862e+07
5.49747e+07 -3.33917e+07
6.46795e+07 -2.50228e+07
7.20475e+07 -1.504e+07
7.69408e+07 -3.95774e+06
7.9285e+07 7.74565e+06
7.90522e+07 1.96148e+07
7.62533e+07 3.12028e+07
7.09379e+07 4.20568e+07
6.32027e+07 5.17039e+07
5.32091e+07 5.96389e+07
4.1213e+07 6.53155e+07
2.76108e+07 6.81482e+07
1.30057e+07 6.75369e+07
-1.71181e+06 6.29387e+07
-1.52945e+07 5.40214e+07
-2.61611e+07 4.09214e+07
-3.26418e+07 2.45439e+07
-3.3509e+07 6.66687e+06
-2.8548e+07 -1.04293e+07
-1.86825e+07 -2.47026e+07
-5.52533e+06 -3.49165e+07
9.22935e+06 -4.07016e+07
2.41758e+07 -4.22867e+07
3.82894e+07 -4.01986e+07
5.08759e+07 -3.50629e+07
6.14846e+07 -2.75034e+07
6.98316e+07 -1.81029e+07
7.57448e+07 -7.39636e+06
7.91265e+07 4.1223e+06
7.99319e+07 1.59881e+07
7.81573e+07 2.77508e+07
7.38372e+07 3.89601e+07
6.70489e+07 4.91514e+07
5.79267e+07 5.78331e+07
4.66855e+07 6.44752e+07
3.36608e+07 6.85065e+07
1.93658e+07 6.93279e+07
4.56817e+06 6.63621e+07
-9.63091e+06 5.91697e+07
-2.17695e+07 4.7666e+07
-3.01652e+07 3.24213e+07
-3.33397e+07 1.48813e+07
-3.06264e+07 -2.79613e+06
-2.25236e+07 -1.83825e+07
-1.04472e+07 -3.02837e+07
3.8767e+06 -3.78063e+07
1.8901e+07 -4.0981e+07
3.34488e+07 -4.02482e+07
4.67033e+07 -3.62132e+07
5.81265e+07 -2.951e+07
6.73764e+07 -2.0742e+07
7.42419e+07 -1.04649e+07
7.86e+07 810621
8.03877e+07 1.2608e+07
7.95871e+07 2.44711e+07
7.62187e+07 3.59498e+07
7.03437e+07 4.65853e+07
6.20738e+07 5.58964e+07
5.15915e+07 6.33677e+07
3.91828e+07 6.8443e+07
2.5288e+07 7.05305e+07
1.0571e+07 6.90363e+07
-3.99845e+06 6.34515e+07
-1.70889e+07 5.35284e+07
-2.70681e+07 3.9558e+07
-3.23148e+07 2.26514e+07
-3.17927e+07 4.75341e+06
-2.55599e+07 -1.18404e+07
-1.4753e+07 -2.52366e+07
-1.05552e+06 -3.44064e+07
1.38781e+07 -3.91458e+07
2.87238e+07 -3.97779e+07
4.25364e+07 -3.68696e+07
5.46833e+07 -3.10566e+07
6.47578e+07 -2.29597e+07
7.25062e+07 -1.31549e+07
7.77772e+07 -2.17046e+06
8.04886e+07 9.50389e+06
8.06079e+07 2.14045e+07
7.81429e+07 3.30789e+07
7.31406e+07 4.40716e+07
6.56942e+07 5.39097e+07
5.59598e+07 6.20903e+07
4.41835e+07 6.8071e+07
3.0746e+07 7.12709e+07
1.62254e+07 7.1091e+07
1.47627e+06 6.69791e+07
-1.22981e+07 5.85707e+07
-2.35514e+07 4.59341e+07
-3.06048e+07 2.98715e+07
-3.21459e+07 1.20638e+07
-2.78174e+07 -5.23302e+06
-1.84198e+07 -1.99056e+07
-5.51986e+06 -3.06017e+07
9.16472e+06 -3.68555e+07
2.4176e+07 -3.88428e+07
3.84385e+07 -3.70723e+07
5.12188e+07 -3.21713e+07
6.20399e+07 -2.47735e+07
7.06016e+07 -1.54739e+07
7.67216e+07 -4.81886e+06
8.02972e+07 6.68782e+06
8.12809e+07 1.85733e+07
7.96682e+07 3.03811e+07
7.54937e+07 4.16568e+07
6.88351e+07 5.19335e+07
5.98265e+07 6.07183e+07
4.86819e+07 6.74819e+07
3.57338e+07 7.16549e+07
2.14889e+07 7.26402e+07
6.70336e+06 6.98602e+07
-7.53791e+06 6.28691e+07
-1.97906e+07 5.15626e+07
-2.83793e+07 3.64744e+07
-3.18041e+07 1.90057e+07
-2.93451e+07 1.29019e+06
-2.14411e+07 -1.44261e+07
-9.47708e+06 -2.65008e+07
4.8164e+06 -3.41929e+07
1.98683e+07 -3.75045e+07
3.44754e+07 -3.68662e+07
4.77998e+07 -3.28853e+07
5.92897e+07 -2.62029e+07
6.85944e+07 -1.74311e+07
7.54986e+07 -7.1342e+06
7.98775e+07 4.1695e+06
8.16685e+07 1.59968e+07
8.08548e+07 2.78857e+07
7.74597e+07 3.93811e+07
7.15477e+07 5.00201e+07
6.32349e+07 5.93178e+07
5.2709e+07 6.67562e+07
4.02629e+07 7.17776e+07
2.63446e+07 7.37904e+07
1.16273e+07 7.22039e+07
-2.91014e+06 6.65165e+07
-1.59289e+07 5.64934e+07
-2.57957e+07 4.24437e+07
-3.08984e+07 2.54975e+07
-3.022e+07 7.61207e+06
-2.38408e+07 -8.91706e+06
-1.29143e+07 -2.22062e+07
867117 -3.12399e+07
1.58459e+07 -3.58265e+07
3.06983e+07 -3.62992e+07
4.44807e+07 -3.32334e+07
5.65631e+07 -2.72715e+07
6.65413e+07 -1.90402e+07
7.41649e+07 -9.12062e+06
7.92858e+07 1.95383e+06
8.18254e+07 1.36889e+07
8.17554e+07 2.56159e+07
7.90883e+07 3.72777e+07
7.38772e+07 4.82132e+07
6.62232e+07 5.79442e+07
5.62926e+07 6.59619e+07
4.43457e+07 7.17195e+07
3.07824e+07 7.46331e+07
1.62063e+07 7.41064e+07
1.50396e+06 6.96006e+07
-1.20871e+07 6.07839e+07
-2.29979e+07 4.77832e+07
-2.95619e+07 3.14811e+07
-3.05334e+07 1.36304e+07
-2.56594e+07 -3.49378e+06
-1.58317e+07 -1.78238e+07
-2.65807e+06 -2.80848e+07
1.21482e+07 -3.38792e+07
2.71546e+07 -3.54262e+07
4.13133e+07 -3.32574e+07
5.39141e+07 -2.801e+07
6.44976e+07 -2.03219e+07
7.27762e+07 -1.07902e+07
7.85777e+07 37060.8
8.18072e+07 1.16541e+07
8.24246e+07 2.35847e+07
8.04326e+07 3.53683e+07
7.58742e+07 4.65447e+07
6.88378e+07 5.66401e+07
5.94719e+07 6.51538e+07
4.80103e+07 7.15484e+07
3.48132e+07 7.52484e+07
2.04262e+07 7.56567e+07
5.65651e+06 7.22104e+07
-8.35121e+06 6.4506e+07
-2.01019e+07 5.25257e+07
-2.79162e+07 3.69353e+07
-3.03813e+07 1.92762e+07
-2.69506e+07 1.75084e+06
-1.82432e+07 -1.34472e+07
-5.7445e+06 -2.48092e+07
8.80789e+06 -3.17286e+07
2.38874e+07 -3.42978e+07
3.83464e+07 -3.2994e+07
5.13947e+07 -2.8443e+07
6.25161e+07 -2.12904e+07
7.13853e+07 -1.21475e+07
7.78052e+07 -1.5768e+06
8.16643e+07 9.90437e+06
8.29108e+07 2.18119e+07
8.15384e+07 3.36808e+07
7.75811e+07 4.50505e+07
7.11165e+07 5.54504e+07
6.22784e+07 6.4386e+07
5.12789e+07 7.13287e+07
3.84454e+07 7.57108e+07
2.42754e+07 7.69377e+07
9.50892e+06 7.44311e+07
-4.79235e+06 6.77358e+07
-1.72093e+07 5.67197e+07
-2.60771e+07 4.1865e+07
-2.98681e+07 2.45086e+07
-2.77874e+07 6.74598e+06
-2.01869e+07 -9.1563e+06
-8.40222e+06 -2.14886e+07
5.83385e+06 -2.94397e+07
2.0918e+07 -3.29676e+07
3.5609e+07 -3.24863e+07
4.90387e+07 -2.86036e+07
6.0634e+07 -2.19699e+07
7.00312e+07 -1.32088e+07
7.70081e+07 -2.89634e+06
8.14367e+07 8.43859e+06
8.32538e+07 2.03035e+07
8.24444e+07 3.22286e+07
7.90344e+07 4.37519e+07
7.30926e+07 5.44046e+07
6.47404e+07 6.36973e+07
5.41721e+07 7.11083e+07
4.16885e+07 7.60778e+07
2.77472e+07 7.80147e+07
1.30321e+07 7.63318e+07
-1.46753e+06 7.05363e+07
-1.4405e+07 6.04082e+07
-2.41466e+07 4.62766e+07
-2.90909e+07 2.92918e+07
-2.82412e+07 1.14235e+07
-2.17007e+07 -5.03271e+06
-1.06399e+07 -1.82023e+07
3.23837e+06 -2.70823e+07
1.82719e+07 -3.14935e+07
3.3135e+07 -3.17803e+07
4.68847e+07 -2.85277e+07
5.88923e+07 -2.2387e+07
6.87564e+07 -1.39927e+07
7.62297e+07 -3.93306e+06
8.11679e+07 7.25184e+06
8.34968e+07 1.90612e+07
8.31932e+07 3.10199e+07
8.02759e+07 4.26639e+07
7.48059e+07 5.35252e+07
6.68946e+07 6.31182e+07
5.67217e+07 7.09272e+07
4.45662e+07 7.63988e+07
3.08531e+07 7.89465e+07
1.62193e+07 7.79781e+07
1.59264e+06 7.29739e+07
-1.17468e+07 6.36459e+07
-2.22041e+07 5.01991e+07
-2.81347e+07 3.36183e+07
-2.83828e+07 1.57427e+07
-2.28287e+07 -1.13601e+06
-1.24748e+07 -1.50141e+07
1.02541e+06 -2.47148e+07
1.59678e+07 -2.99245e+07
3.09523e+07 -3.09146e+07
4.49661e+07 -2.82437e+07
5.73275e+07 -2.25614e+07
6.75986e+07 -1.45106e+07
7.55078e+07 -4.69107e+06
8.08952e+07 6.34662e+06
8.3676e+07 1.80935e+07
8.38195e+07 3.00691e+07
8.13382e+07 4.18067e+07
7.62865e+07 5.28385e+07
6.87676e+07 6.26814e+07
5.89494e+07 7.08244e+07
4.70933e+07 7.67202e+07
3.35978e+07 7.97863e+07
1.90612e+07 7.94285e+07
4.35956e+06 7.5108e+07
-9.28553e+06 6.64852e+07
-2.03206e+07 5.36649e+07
-2.70794e+07 3.74909e+07
-2.82842e+07 1.96761e+07
-2.3623e+07 2.48553e+06
-1.39355e+07 -1.198e+07
-813754 -2.23916e+07
1.40113e+07 -2.83084e+07
2.90762e+07 -2.99292e+07
4.33045e+07 -2.77838e+07
5.59652e+07 -2.25175e+07
6.65857e+07 -1.47804e+07
7.48719e+07 -5.18227e+06
8.06487e+07 5.71664e+06
8.38216e+07 1.73996e+07
8.43531e+07 2.93806e+07
8.22503e+07 4.119e+07
7.7562e+07 5.23596e+07
7.03848e+07 6.24079e+07
6.08772e+07 7.08277e+07
4.92865e+07 7.70762e+07
3.59899e+07 8.05753e+07
2.15548e+07 8.07298e+07
6.81466e+06 7.69877e+07
-7.05905e+06 6.89705e+07
-1.85524e+07 5.67044e+07
-2.5992e+07 4.09154e+07
-2.80086e+07 2.32018e+07
-2.413e+07 5.78947e+06
-1.50469e+07 -9.15137e+06
-2.2847e+06 -2.01631e+07
1.24114e+07 -2.66898e+07
2.75252e+07 -2.88606e+07
4.19241e+07 -2.71759e+07
5.48327e+07 -2.22759e+07
6.57469e+07 -1.48159e+07
7.43513e+07 -5.41446e+06
8.04577e+07 5.35936e+06
8.39626e+07 1.69816e+07
8.48223e+07 2.8961e+07
8.30393e+07 4.0825e+07
7.86582e+07 5.21043e+07
7.17701e+07 6.23183e+07
6.25262e+07 7.09626e+07
5.11629e+07 7.74983e+07
3.80409e+07 8.13506e+07
2.37028e+07 8.19248e+07
8.948e+06 7.86595e+07
-5.09326e+06 7.11474e+07
-1.69428e+07 5.93539e+07
-2.49281e+07 4.39104e+07
-2.76138e+07 2.63156e+07
-2.43981e+07 8.75151e+06
-1.58416e+07 -6.56409e+06
-3.40385e+06 -1.80684e+07
1.11645e+07 -2.51049e+07
2.63049e+07 -2.77397e+07
4.08369e+07 -2.64454e+07
5.39459e+07 -2.1856e+07
6.51001e+07 -1.4631e+07
7.39656e+07 -5.39665e+06
8.03421e+07 5.27033e+06
8.41185e+07 1.68393e+07
8.52461e+07 2.88143e+07
8.37234e+07 4.07194e+07
7.95917e+07 5.20839e+07
7.29381e+07 6.2428e+07
6.39085e+07 7.12485e+07
5.2731e+07 7.80097e+07
3.97538e+07 8.21396e+07
2.55011e+07 8.3044e+07
1.07459e+07 8.01556e+07
-3.41406e+06 7.30464e+07
-1.55304e+07 6.16365e+07
-2.39361e+07 4.64839e+07
-2.71491e+07 2.90063e+07
-2.44679e+07 1.13437e+07
-1.63458e+07 -4.2558e+06
-4.18293e+06 -1.61472e+07
1.02706e+07 -2.35909e+07
2.54234e+07 -2.65988e+07
4.0056e+07 -2.5619e+07
5.33212e+07 -2.12795e+07
6.46636e+07 -1.4243e+07
7.37341e+07 -5.14206e+06
8.0322e+07 5.43981e+06
8.43101e+07 1.69662e+07
8.56454e+07 2.89368e+07
8.43236e+07 4.08726e+07
8.03835e+07 5.23015e+07
7.39094e+07 6.27432e+07
6.50435e+07 7.16959e+07
5.40082e+07 7.86253e+07
4.11431e+07 8.29617e+07
2.6959e+07 8.41117e+07
1.22102e+07 8.15039e+07
-2.02984e+06 7.46963e+07
-1.43355e+07 6.35769e+07
-2.3046e+07 4.86507e+07
-2.66484e+07 3.12738e+07
-2.43685e+07 1.35508e+07
-1.65776e+07 -2.25113e+06
-4.62762e+06 -1.44268e+07
9.73425e+06 -2.21727e+07
2.48925e+07 -2.54582e+07
3.95976e+07 -2.47113e+07
5.2977e+07 -2.05556e+07
6.44569e+07 -1.36561e+07
7.36759e+07 -4.65091e+06
8.04159e+07 5.87108e+06
8.45547e+07 1.73686e+07
8.60363e+07 2.93373e+07
8.48546e+07 4.12957e+07
8.10469e+07 5.27699e+07
7.46958e+07 6.3279e+07
6.59415e+07 7.23214e+07
5.5003e+07 7.93641e+07
4.22146e+07 8.38384e+07
2.8079e+07 8.51516e+07
1.3338e+07 8.27304e+07
-950266 7.61241e+07
-1.33761e+07 6.52006e+07
-2.22843e+07 5.043e+07
-2.6143e+07 3.31271e+07
-2.41304e+07 1.5371e+07
-1.6562e+07 -560714
-4.75536e+06 -1.29223e+07
9.54509e+06 -2.08664e+07
2.47074e+07 -2.43325e+07
3.94609e+07 -2.37351e+07
5.29151e+07 -1.96945e+07
6.44833e+07 -1.28784e+07
7.37957e+07 -3.92885e+06
8.06288e+07 6.56063e+06
8.48575e+07 1.80448e+07
8.6424e+07 3.00162e+07
8.53212e+07 4.19908e+07
8.15859e+07 5.34929e+07
7.53004e+07 6.40407e+07
6.66043e+07 7.31321e+07
5.57156e+07 8.02342e+07
4.29666e+07 8.4779e+07
2.88564e+07 8.61742e+07
1.41216e+07 8.38459e+07
-187465 7.73397e+07
-1.2669e+07 6.65144e+07
-2.16713e+07 5.18234e+07
-2.56539e+07 3.45605e+07
-2.37716e+07 1.67911e+07
-1.63109e+07 797960
-4.57172e+06 -1.16524e+07
9.70283e+06 -1.96893e+07
2.48713e+07 -2.32368e+07
3.96513e+07 -2.27025e+07
5.31419e+07 -1.87062e+07
6.47498e+07 -1.19177e+07
7.41006e+07 -2.98226e+06
8.09681e+07 7.50332e+06
8.52258e+07 1.89909e+07
8.68157e+07 3.09703e+07
8.57307e+07 4.29554e+07
8.20081e+07 5.4469e+07
7.5731e+07 6.50276e+07
6.70398e+07 7.41284e+07
5.61537e+07 8.12376e+07
4.34062e+07 8.57871e+07
2.92976e+07 8.71847e+07
1.45655e+07 8.48572e+07
260650 7.83513e+07
-1.22153e+07 6.75268e+07
-2.12116e+07 5.28377e+07
-2.51882e+07 3.55773e+07
-2.3299e+07 1.78106e+07
-1.58293e+07 1.82122e+06
-4.07842e+06 -1.06219e+07
1.02086e+07 -1.8646e+07
2.53874e+07 -2.21741e+07
4.01727e+07 -2.16151e+07
5.3662e+07 -1.75906e+07
6.52608e+07 -1.07725e+07
7.45942e+07 -1.80843e+06
8.14365e+07 8.70272e+06
8.56617e+07 2.02108e+07
8.72126e+07 3.22039e+07
8.60834e+07 4.41942e+07
8.23128e+07 5.57025e+07
7.5986e+07 6.62439e+07
6.72457e+07 7.53139e+07
5.63146e+07 8.23773e+07
4.35306e+07 8.68648e+07
2.93997e+07 8.81846e+07
1.4667e+07 8.57651e+07
391691 7.91592e+07
-1.20172e+07 6.82379e+07
-2.0907e+07 5.34731e+07
-2.47473e+07 3.6178e+07
-2.27142e+07 1.84301e+07
-1.51186e+07 2.50972e+06
-3.27737e+06 -9.83019e+06
1.106e+07 -1.77356e+07
2.62528e+07 -2.11441e+07
4.10223e+07 -2.04727e+07
5.44721e+07 -1.63478e+07
6.60126e+07 -9.4434e+06
7.5273e+07 -408479
8.20305e+07 1.01572e+07
8.61615e+07 2.17025e+07
8.76112e+07 3.37144e+07
8.63759e+07 4.57036e+07
8.2497e+07 5.71895e+07
7.60626e+07 6.7685e+07
6.72198e+07 7.66832e+07
5.61967e+07 8.3647e+07
4.33388e+07 8.80053e+07
2.9163e+07 8.9166e+07
1.44281e+07 8.65612e+07
209927 7.97546e+07
-1.20675e+07 6.86395e+07
-2.07475e+07 5.37231e+07
-2.43194e+07 3.63592e+07
-2.20049e+07 1.86499e+07
-1.41679e+07 2.86734e+06
-2.15948e+06 -9.2709e+06
1.22639e+07 -1.69506e+07
2.74723e+07 -2.01382e+07
4.22025e+07 -1.92668e+07
5.55728e+07 -1.49695e+07
6.70044e+07 -7.92269e+06
7.61347e+07 1.22453e+06
8.27465e+07 1.18726e+07
8.67208e+07 2.34706e+07
8.80062e+07 3.55051e+07
8.66025e+07 4.74857e+07
8.25546e+07 5.89301e+07
7.59551e+07 6.9349e+07
6.69568e+07 7.82328e+07
5.57958e+07 8.50412e+07
4.28289e+07 8.9201e+07
2.85881e+07 9.01199e+07
1.38531e+07 8.72357e+07
-275683 8.01283e+07
-1.23523e+07 6.8725e+07
-2.07155e+07 5.35867e+07
-2.38859e+07 3.61274e+07
-2.11554e+07 1.84839e+07
-1.29673e+07 2.91272e+06
-721470 -8.92375e+06
1.38179e+07 -1.62714e+07
2.9039e+07 -1.91392e+07
4.37037e+07 -1.79826e+07
5.69524e+07 -1.34435e+07
6.82232e+07 -6.20045e+06
7.71653e+07 3.09838e+06
8.35699e+07 1.38549e+07
8.73241e+07 2.5519e+07
8.83816e+07 3.75777e+07
8.67467e+07 4.95399e+07
8.24689e+07 6.09215e+07
7.56467e+07 7.12305e+07
6.64405e+07 7.99539e+07
5.50969e+07 8.65477e+07
4.19875e+07 9.04358e+07
2.76655e+07 9.10263e+07
1.29381e+07 8.77651e+07
-1.06156e+06 8.02551e+07
-1.2859e+07 6.84711e+07
-2.07896e+07 5.30469e+07
-2.34205e+07 3.5476e+07
-2.01407e+07 1.79372e+07
-1.14981e+07 2.6597e+06
1.04659e+06 -8.77069e+06
1.57239e+07 -1.56797e+07
3.09485e+07 -1.81307e+07
4.55169e+07 -1.66069e+07
5.85989e+07 -1.17604e+07
6.9655e+07 -4.2709e+06
7.83496e+07 5.21529e+06
8.44849e+07 1.61027e+07
8.7956e+07 2.78434e+07
8.87224e+07 3.9925e+07
8.67942e+07 5.18559e+07
8.22268e+07 6.31504e+07
7.51259e+07 7.33131e+07
6.56613e+07 8.18271e+07
5.40931e+07 8.81438e+07
4.0812e+07 9.16838e+07
2.63977e+07 9.18563e+07
1.1693e+07 8.81185e+07
-2.12804e+06 8.01047e+07
-1.35571e+07 6.78517e+07
-2.09301e+07 5.20878e+07
-2.28797e+07 3.44036e+07
-1.89208e+07 1.70227e+07
-9.72929e+06 2.1318e+06
3.16523e+06 -8.78317e+06
1.79925e+07 -1.51461e+07
3.32038e+07 -1.70852e+07
4.76391e+07 -1.51152e+07
6.05051e+07 -9.89883e+06
7.12891e+07 -2.11626e+06
7.96746e+07 7.58953e+06
8.54769e+07 1.86269e+07
8.86001e+07 3.04507e+07
8.90115e+07 4.255e+07
8.67276e+07 5.4433e+07
8.18112e+07 6.56117e+07
7.43764e+07 7.55874e+07
6.46051e+07 8.3838e+07
5.27737e+07 8.98101e+07
3.92966e+07 9.29209e+07
2.47866e+07 9.25817e+07
1.01296e+07 8.82655e+07
-3.45087e+06 7.96482e+07
-1.44092e+07 6.68461e+07
-2.10901e+07 5.07033e+07
-2.22155e+07 3.29234e+07
-1.74561e+07 1.57711e+07
-7.6361e+06 1.36988e+06
5.64366e+06 -8.91779e+06
2.06204e+07 -1.46301e+07
3.57923e+07 -1.59675e+07
5.00516e+07 -1.34784e+07
6.26482e+07 -7.8357e+06
7.31006e+07 281065
8.11138e+07 1.02336e+07
8.6518e+07 2.14351e+07
8.92283e+07 3.33442e+07
8.92204e+07 4.54516e+07
8.65187e+07 5.72652e+07
8.11944e+07 6.82945e+07
7.33721e+07 7.80368e+07
6.3248e+07 8.59644e+07
5.11187e+07 9.15182e+07
3.74274e+07 9.41118e+07
2.28272e+07 9.31613e+07
8.25604e+06 8.81615e+07
-5.00579e+06 7.8842e+07
-1.5374e+07 6.54196e+07
-2.12158e+07 4.88768e+07
-2.13716e+07 3.10418e+07
-1.57e+07 1.42093e+07
-5.18819e+06 413085
8.49529e+06 -9.13194e+06
2.36069e+07 -1.40916e+07
3.87029e+07 -1.47428e+07
5.27363e+07 -1.16682e+07
6.50053e+07 -5.5496e+06
7.50634e+07 2.93601e+06
8.26393e+07 1.31563e+07
8.75798e+07 2.45305e+07
8.98121e+07 3.65213e+07
8.93212e+07 4.86216e+07
8.61407e+07 6.03388e+07
8.03514e+07 7.11796e+07
7.20908e+07 8.06363e+07
6.15719e+07 8.8175e+07
4.91159e+07 9.32302e+07
3.52008e+07 9.52131e+07
2.05278e+07 9.35469e+07
6.09598e+06 8.77566e+07
-6.75042e+06 7.76417e+07
-1.63912e+07 6.35422e+07
-2.12364e+07 4.66024e+07
-2.02805e+07 2.87801e+07
-1.36001e+07 1.23798e+07
-2.35368e+06 -685495
1.17326e+07 -9.37132e+06
2.69492e+07 -1.34805e+07
4.1922e+07 -1.33681e+07
5.56721e+07 -9.6491e+06
6.75505e+07 -3.01205e+06
7.71482e+07 5.87023e+06
8.42196e+07 1.63729e+07
8.86293e+07 2.79219e+07
9.03173e+07 3.99848e+07
8.92796e+07 5.20566e+07
8.55596e+07 6.36437e+07
7.92498e+07 7.42498e+07
7.05025e+07 8.33612e+07
5.95512e+07 9.04369e+07
4.67465e+07 9.49051e+07
3.26082e+07 9.61754e+07
1.78945e+07 9.36833e+07
3.67529e+06 8.69945e+07
-8.63628e+06 7.59981e+07
-1.73922e+07 6.11844e+07
-2.10744e+07 4.38803e+07
-1.8872e+07 2.61693e+07
-1.11069e+07 1.03354e+07
891956 -1.86468e+06
1.53584e+07 -9.57661e+06
3.06339e+07 -1.2745e+07
4.54253e+07 -1.1801e+07
5.88276e+07 -7.38835e+06
7.0248e+07 -199703
7.93167e+07 9.09849e+06
8.58152e+07 1.98901e+07
8.96267e+07 3.16087e+07
9.07051e+07 4.3727e+07
8.90577e+07 5.57416e+07
8.47396e+07 6.7158e+07
7.78566e+07 7.74754e+07
6.85784e+07 8.61738e+07
5.71634e+07 9.27041e+07
4.39971e+07 9.64881e+07
2.96493e+07 9.69361e+07
1.49452e+07 9.35026e+07
1.035e+06 8.58084e+07
-1.05966e+07 7.38567e+07
-1.82897e+07 5.83175e+07
-2.06363e+07 4.0717e+07
-1.70655e+07 2.32494e+07
-8.16493e+06 8.13663e+06
4.57768e+06 -3.05743e+06
1.93796e+07 -9.68386e+06
3.4652e+07 -1.18288e+07
4.91926e+07 -9.99445e+06
6.21751e+07 -4.84852e+06
7.30651e+07 2.91582e+06
8.15332e+07 1.26405e+07
8.73886e+07 2.37195e+07
9.05337e+07 3.55945e+07
9.09368e+07 4.77432e+07
8.8618e+07 5.9664e+07
8.36452e+07 7.08604e+07
7.61397e+07 8.08267e+07
6.62922e+07 8.90349e+07
5.43901e+07 9.49279e+07
4.08612e+07 9.79215e+07
2.63343e+07 9.74303e+07
1.17126e+07 9.29372e+07
-1.76483e+06 8.41372e+07
-1.25444e+07 7.11767e+07
-1.89798e+07 5.49361e+07
-1.98222e+07 3.71492e+07
-1.47854e+07 2.00902e+07
-4.73178e+06 5.86885e+06
8.7153e+06 -4.17859e+06
2.37853e+07 -9.61683e+06
3.8977e+07 -1.06678e+07
5.31875e+07 -7.89659e+06
6.5672e+07 -1.9891e+06
7.59554e+07 6.36462e+06
8.3749e+07 1.6517e+07
8.88896e+07 2.78727e+07
9.12994e+07 3.98822e+07
9.09619e+07 5.20279e+07
8.79109e+07 6.38091e+07
8.22289e+07 7.47267e+07
7.40555e+07 8.42687e+07
6.36059e+07 9.18987e+07
5.12029e+07 9.70506e+07
3.73245e+07 9.91362e+07
2.26693e+07 9.758e+07
8.23015e+06 9.19065e+07
-4.6583e+06 8.19097e+07
-1.43837e+07 6.79141e+07
-1.93519e+07 5.10392e+07
-1.85322e+07 3.3222e+07
-1.19632e+07 1.67687e+07
-776075 3.61968e+06
1.3305e+07 -5.14515e+06
2.85534e+07 -9.30442e+06
4.35726e+07 -9.2049e+06
5.73646e+07 -5.46428e+06
6.92677e+07 1.22013e+06
7.88655e+07 1.01651e+07
8.59094e+07 2.07353e+07
9.02637e+07 3.23471e+07
9.18704e+07 4.44593e+07
9.07289e+07 5.65588e+07
8.6888e+07 6.8145e+07
8.04467e+07 7.87148e+07
7.15659e+07 8.77487e+07
6.04906e+07 9.47009e+07
4.75856e+07 9.89966e+07
3.33892e+07 1.00046e+08
1.86819e+07 9.72926e+07
4.55809e+06 9.03205e+07
-7.54926e+06 7.9054e+07
-1.59898e+07 6.40348e+07
-1.92754e+07 4.66452e+07
-1.66581e+07 2.90015e+07
-8.53071e+06 1.33775e+07
3.73052e+06 1.48592e+06
1.83452e+07 -5.86953e+06
3.36623e+07 -8.67298e+06
4.84043e+07 -7.38083e+06
6.16817e+07 -2.65169e+06
7.29148e+07 4.81267e+06
8.17448e+07 1.43393e+07
8.79621e+07 2.53068e+07
9.1458e+07 3.71435e+07
9.21943e+07 4.93163e+07
9.01871e+07 6.13158e+07
8.55014e+07 7.26403e+07
7.82555e+07 8.27814e+07
6.86356e+07 9.1211e+07
5.6922e+07 9.7373e+07
4.35304e+07 1.00685e+08
2.90707e+07 1.0056e+08
1.44191e+07 9.64739e+07
781693 8.80943e+07
-1.03144e+07 7.55151e+07
-1.72169e+07 5.95361e+07
-1.8613e+07 4.18121e+07
-1.41023e+07 2.45916e+07
-4.4413e+06 1.00371e+07
8.79178e+06 -418694
2.38106e+07 -6.25524e+06
3.90695e+07 -7.64509e+06
5.34195e+07 -5.13584e+06
6.608e+07 585353
7.65514e+07 8.81889e+06
8.45298e+07 1.89053e+07
8.98432e+07 3.02379e+07
9.2409e+07 4.22571e+07
9.22091e+07 5.44372e+07
8.92768e+07 6.62712e+07
8.36956e+07 7.72551e+07
7.5606e+07 8.68736e+07
6.52244e+07 9.45886e+07
5.28738e+07 9.98335e+07
3.90314e+07 1.0202e+08
2.43919e+07 1.00574e+08
9.94174e+06 9.50182e+07
-2.99372e+06 8.51395e+07
-1.28092e+07 7.12468e+07
-1.7906e+07 5.44358e+07
-1.72295e+07 3.66226e+07
-1.0782e+07 2.0114e+07
332582 6.87489e+06
1.43944e+07 -1.98199e+06
2.96629e+07 -6.21153e+06
4.47223e+07 -6.15082e+06
5.85574e+07 -2.41834e+06
7.04946e+07 4.28242e+06
8.01104e+07 1.32601e+07
8.7153e+07 2.38712e+07
9.14857e+07 3.55244e+07
9.30514e+07 4.76715e+07
9.1852e+07 5.97934e+07
8.79396e+07 7.13839e+07
8.1418e+07 8.1935e+07
7.24544e+07 9.09229e+07
6.13013e+07 9.77983e+07
4.83338e+07 1.01984e+08
3.41025e+07 1.02892e+08
1.9403e+07 9.99709e+07
5.34558e+06 9.28173e+07
-6.62446e+06 8.13792e+07
-1.48565e+07 6.62324e+07
-1.78828e+07 4.87941e+07
-1.49965e+07 3.12004e+07
-6.63502e+06 1.57178e+07
5.7958e+06 4.03106e+06
2.05064e+07 -3.08783e+06
3.58501e+07 -5.64784e+06
5.05581e+07 -4.12173e+06
6.37502e+07 821684
7.48548e+07 8.47381e+06
8.35199e+07 1.81567e+07
8.95419e+07 2.92443e+07
9.28177e+07 4.11609e+07
9.33148e+07 5.33688e+07
9.10555e+07 6.53537e+07
8.61122e+07 7.66086e+07
7.86126e+07 8.66195e+07
6.87553e+07 9.48524e+07
5.68369e+07 1.00746e+08
4.32956e+07 1.03716e+08
2.87708e+07 1.0318e+08
1.41756e+07 9.86275e+07
755336 8.97661e+07
-9.93621e+06 7.67571e+07
-1.62596e+07 6.0494e+07
-1.69771e+07 4.27183e+07
-1.18124e+07 2.57069e+07
-1.63606e+06 1.15715e+07
1.19181e+07 1.64983e+06
2.70667e+07 -3.62503e+06
4.22962e+07 -4.48294e+06
5.64949e+07 -1.50103e+06
6.89135e+07 4.62104e+06
7.90761e+07 1.31794e+07
8.66961e+07 2.35134e+07
9.16146e+07 3.50156e+07
9.37598e+07 4.71248e+07
9.31233e+07 5.93125e+07
8.97486e+07 7.10673e+07
8.37307e+07 8.18794e+07
7.52253e+07 9.12265e+07
6.44689e+07 9.85628e+07
5.18124e+07 1.03316e+08
3.77707e+07 1.04896e+08
2.30896e+07 1.02741e+08
8.81675e+06 9.64088e+07
-3.6625e+06 8.57635e+07
-1.27169e+07 7.12416e+07
-1.68034e+07 5.40956e+07
-1.50276e+07 3.63565e+07
-7.60204e+06 2.03264e+07
4.21326e+06 7.84622e+06
1.86509e+07 -133387
3.40043e+07 -3.49453e+06
4.89218e+07 -2.64727e+06
6.24502e+07 1.7578e+06
7.39645e+07 9.00763e+06
8.30761e+07 1.8411e+07
8.95581e+07 2.93273e+07
9.32925e+07 4.11677e+07
9.42367e+07 5.33844e+07
9.24062e+07 6.54563e+07
8.78671e+07 7.68724e+07
8.07403e+07 8.71177e+07
7.12148e+07 9.56596e+07
5.95735e+07 1.0194e+08
4.62337e+07 1.05375e+08
3.18041e+07 1.0538e+08
1.71563e+07 1.0143e+08
3.48707e+06 9.31916e+07
-7.68686e+06 8.07443e+07
-1.47158e+07 6.48639e+07
-1.62681e+07 4.71769e+07
-1.19028e+07 2.99207e+07
-2.33591e+06 1.52792e+07
1.08694e+07 4.72609e+06
2.59138e+07 -1.18204e+06
4.12256e+07 -2.60022e+06
5.56302e+07 -74989.9
6.83284e+07 5.69793e+06
7.88091e+07 1.40064e+07
8.67629e+07 2.41779e+07
9.20162e+07 3.5593e+07
9.44882e+07 4.76807e+07
9.41646e+07 5.99049e+07
9.10847e+07 7.17491e+07
8.53397e+07 8.27006e+07
7.70805e+07 9.22362e+07
6.65369e+07 9.98112e+07
5.40491e+07 1.04854e+08
4.01163e+07 1.06777e+08
2.54608e+07 1.05011e+08
1.10997e+07 9.90992e+07
-1.61331e+06 8.88672e+07
-1.10618e+07 7.46849e+07
-1.56733e+07 5.77201e+07
-1.44639e+07 3.99422e+07
-7.52877e+06 2.36605e+07
3.95601e+06 1.0792e+07
1.82417e+07 2.38249e+06
3.35923e+07 -1.37901e+06
4.86112e+07 -866722
6.23045e+07 3.27893e+06
7.40168e+07 1.03415e+07
8.33395e+07 1.9621e+07
9.0033e+07 3.0467e+07
9.39715e+07 4.22817e+07
9.51082e+07 5.45103e+07
9.34559e+07 6.66256e+07
8.90793e+07 7.81131e+07
8.20978e+07 8.84551e+07
7.26987e+07 9.71179e+07
6.11616e+07 1.03543e+08
4.78983e+07 1.07148e+08
3.35088e+07 1.07348e+08
1.88513e+07 1.03613e+08
5.10633e+06 9.55964e+07
-6.22388e+06 8.33543e+07
-1.34892e+07 6.76211e+07
-1.53282e+07 4.99805e+07
-1.12417e+07 3.26524e+07
-1.88751e+06 1.78442e+07
1.11995e+07 7.08005e+06
2.6214e+07 964212
4.15604e+07 -629660
5.60385e+07 1.76244e+06
6.88286e+07 7.44418e+06
7.94054e+07 1.56978e+07
8.74507e+07 2.58433e+07
9.27862e+07 3.72545e+07
9.53286e+07 4.93539e+07
9.50628e+07 6.16003e+07
9.20287e+07 7.34728e+07
8.63184e+07 8.44553e+07
7.80845e+07 9.40222e+07
6.75586e+07 1.01627e+08
5.50828e+07 1.06697e+08
4.1158e+07 1.08645e+08
2.65075e+07 1.06902e+08
1.21488e+07 1.01012e+08
-565945 9.0802e+07
-1.00221e+07 7.66397e+07
-1.46469e+07 5.96889e+07
-1.3452e+07 4.19154e+07
-6.52451e+06 2.56294e+07
4.96461e+06 1.27554e+07
1.9265e+07 4.34808e+06
3.46345e+07 601805
4.96687e+07 1.14288e+06
6.33678e+07 5.32806e+06
7.50726e+07 1.24364e+07
8.43728e+07 2.1763e+07
9.10284e+07 3.26528e+07
9.49145e+07 4.45035e+07
9.59859e+07 5.67561e+07
9.42577e+07 6.88797e+07
8.97979e+07 8.0356e+07
8.27299e+07 9.0664e+07
7.32464e+07 9.92669e+07
6.16339e+07 1.05604e+08
4.83135e+07 1.09091e+08
3.38968e+07 1.09144e+08
1.92563e+07 1.05239e+08
5.58785e+06 9.70446e+07
-5.59574e+06 8.46401e+07
-1.26471e+07 6.87949e+07
-1.42295e+07 5.11261e+07
-9.88832e+06 3.38681e+07
-324858 1.92141e+07
1.29012e+07 8.65588e+06
2.79813e+07 2.7649e+06
4.33286e+07 1.39162e+06
5.77549e+07 3.98652e+06
7.04514e+07 9.8461e+06
8.09016e+07 1.82487e+07
8.87941e+07 2.85118e+07
9.39562e+07 4.00071e+07
9.63093e+07 5.21549e+07
9.58433e+07 6.44113e+07
9.2603e+07 7.62522e+07
8.6687e+07 8.71579e+07
7.82556e+07 9.65987e+07
6.75509e+07 1.04024e+08
5.49292e+07 1.08859e+08
4.09108e+07 1.10514e+08
2.62443e+07 1.08428e+08
1.19773e+07 1.02163e+08
-509111 9.15832e+07
-9.58869e+06 7.71204e+07
-1.37168e+07 6.00141e+07
-1.19834e+07 4.22849e+07
-4.57755e+06 2.62405e+07
7.25452e+06 1.37452e+07
2.17388e+07 5.77573e+06
3.71486e+07 2.46463e+06
5.21099e+07 3.40218e+06
6.56522e+07 7.92853e+06
7.71398e+07 1.5317e+07
8.61794e+07 2.48616e+07
9.25435e+07 3.59076e+07
9.61167e+07 4.7853e+07
9.68618e+07 6.01379e+07
9.48014e+07 7.22296e+07
9.00113e+07 8.36064e+07
8.26251e+07 9.37431e+07
7.28482e+07 1.02098e+08
6.09849e+07 1.08105e+08
4.74805e+07 1.11178e+08
3.29798e+07 1.10736e+08
1.83977e+07 1.06275e+08
4.97594e+06 9.75025e+07
-5.73877e+06 8.4578e+07
-1.21101e+07 6.83811e+07
-1.28879e+07 5.0636e+07
-7.7659e+06 3.36162e+07
2.4117e+06 1.94562e+07
1.60139e+07 9.53025e+06
3.1236e+07 4.29862e+06
4.65343e+07 3.53944e+06
6.07704e+07 6.66766e+06
7.31774e+07 1.29672e+07
8.32697e+07 2.17147e+07
9.0758e+07 3.22303e+07
9.54853e+07 4.38884e+07
9.73853e+07 5.61109e+07
9.64581e+07 6.83538e+07
9.27588e+07 8.0091e+07
8.63976e+07 9.07987e+07
7.75496e+07 9.99416e+07
6.64768e+07 1.06963e+08
5.35636e+07 1.11283e+08
3.93684e+07 1.12314e+08
2.46909e+07 1.09507e+08
1.06397e+07 1.02466e+08
-1.34783e+06 9.11379e+07
-9.62874e+06 7.60861e+07
-1.27287e+07 5.8706e+07
-9.91039e+06 4.11193e+07
-1.57223e+06 2.56083e+07
1.0897e+07 1.39004e+07
2.56911e+07 6.80885e+06
4.11276e+07 4.34457e+06
5.59014e+07 6.03172e+06
6.91053e+07 1.11841e+07
8.01522e+07 1.90696e+07
8.86833e+07 2.8986e+07
9.44953e+07 4.02838e+07
9.74904e+07 5.23655e+07
9.76453e+07 6.46735e+07
9.49952e+07 7.66745e+07
8.96296e+07 8.7844e+07
8.16981e+07 9.76511e+07
7.14279e+07 1.05547e+08
5.91534e+07 1.10959e+08
4.53617e+07 1.13298e+08
3.07547e+07 1.11993e+08
1.63195e+07 1.06574e+08
3.37449e+06 9.68296e+07
-6.48571e+06 8.30605e+07
-1.16628e+07 6.63387e+07
-1.10758e+07 4.85566e+07
-4.6799e+06 3.20249e+07
6.45434e+06 1.87511e+07
2.06012e+07 9.90192e+06
3.59827e+07 5.75708e+06
5.11374e+07 5.98482e+06
6.50133e+07 9.95069e+06
7.69132e+07 1.69248e+07
8.6402e+07 2.61865e+07
9.32255e+07 3.70636e+07
9.72515e+07 4.8938e+07
9.84322e+07 6.1237e+07
9.67834e+07 7.34183e+07
9.23757e+07 8.49541e+07
8.53369e+07 9.53158e+07
7.58651e+07 1.03961e+08
6.42536e+07 1.10324e+08
5.09308e+07 1.1382e+08
3.65161e+07 1.13866e+08
2.18894e+07 1.09941e+08
8.25168e+06 1.01721e+08
-2.88203e+06 8.92934e+07
-9.86646e+06 7.34367e+07
-1.13696e+07 5.57743e+07
-6.94121e+06 3.8545e+07
2.71201e+06 2.39471e+07
1.60217e+07 1.34768e+07
3.11673e+07 7.70575e+06
4.65504e+07 6.47894e+06
6.0974e+07 9.23713e+06
7.36247e+07 1.52653e+07
8.3985e+07 2.383e+07
9.17448e+07 3.42379e+07
9.67349e+07 4.58503e+07
9.88818e+07 5.8078e+07
9.81817e+07 7.03681e+07
9.46878e+07 8.21876e+07
8.85087e+07 9.30082e+07
7.98182e+07 1.02292e+08
6.88758e+07 1.09481e+08
5.6061e+07 1.13995e+08
4.19243e+07 1.15244e+08
2.72531e+07 1.12679e+08
1.31391e+07 1.05891e+08
1.00324e+06 9.48037e+07
-7.51612e+06 7.99397e+07
-1.09206e+07 6.26463e+07
-8.41431e+06 4.50165e+07
-327297 2.93481e+07
1.19929e+07 1.74216e+07
2.67406e+07 1.01077e+07
4.22075e+07 7.45539e+06
5.70574e+07 9.00394e+06
7.03573e+07 1.40672e+07
8.1502e+07 2.1906e+07
9.01217e+07 3.18083e+07
9.60072e+07 4.31151e+07
9.90582e+07 5.52202e+07
9.92509e+07 6.75587e+07
9.6622e+07 7.95911e+07
9.12632e+07 9.07876e+07
8.33275e+07 1.00613e+08
7.3046e+07 1.08515e+08
6.07581e+07 1.1392e+08
4.69566e+07 1.16238e+08
3.23499e+07 1.14899e+08
1.79313e+07 1.09435e+08
5.0246e+06 9.96436e+07
-4.77318e+06 8.58351e+07
-9.86646e+06 6.9093e+07
-9.1826e+06 5.1319e+07
-2.68888e+06 3.48288e+07
8.53195e+06 2.16284e+07
2.27442e+07 1.28792e+07
3.81633e+07 8.85294e+06
5.33242e+07 9.20905e+06
6.71741e+07 1.33047e+07
7.90166e+07 2.04025e+07
8.84188e+07 2.9775e+07
9.51294e+07 4.07439e+07
9.90195e+07 5.2686e+07
1.00046e+08 6.50232e+07
9.82284e+07 7.72083e+07
9.36441e+07 8.87085e+07
8.6428e+07 9.89903e+07
7.67877e+07 1.07506e+08
6.5029e+07 1.13687e+08
5.15969e+07 1.16946e+08
3.71325e+07 1.16702e+08
2.25428e+07 1.12445e+08
9.0579e+06 1.03878e+08
-1.78597e+06 9.11361e+07
-8.34878e+06 7.50656e+07
-9.34843e+06 5.73563e+07
-4.42312e+06 4.02752e+07
5.63219e+06 2.59908e+07
1.92002e+07 1.5932e+07
3.44559e+07 1.06029e+07
4.98214e+07 9.80121e+06
6.41269e+07 1.29415e+07
7.6583e+07 1.9296e+07
8.66913e+07 2.8126e+07
9.41563e+07 3.87354e+07
9.88199e+07 5.04839e+07
1.00618e+08 6.27801e+07
9.95564e+07 7.50679e+07
9.56969e+07 8.68105e+07
8.91595e+07 9.74743e+07
8.01317e+07 1.06515e+08
6.88917e+07 1.1337e+08
5.58444e+07 1.17454e+08
4.15747e+07 1.1818e+08
2.69146e+07 1.15012e+08
1.30078e+07 1.07577e+08
1.32125e+06 9.58745e+07
-6.49778e+06 8.05418e+07
-9.01718e+06 6.30556e+07
-5.59092e+06 4.55876e+07
3.27683e+06 3.04075e+07
1.61241e+07 1.91783e+07
3.11212e+07 1.26358e+07
4.65963e+07 1.07291e+07
6.12688e+07 1.29422e+07
7.4257e+07 1.85653e+07
8.49954e+07 2.68523e+07
9.31435e+07 3.70913e+07
9.85132e+07 4.86255e+07
1.0102e+08 6.08501e+07
1.00655e+08 7.31997e+07
9.74666e+07 8.51324e+07
9.15617e+07 9.61137e+07
8.31109e+07 1.05602e+08
7.2369e+07 1.13038e+08
5.97079e+07 1.17842e+08
4.56649e+07 1.19423e+08
3.1008e+07 1.17225e+08
1.68032e+07 1.10824e+08
4.44638e+06 1.00106e+08
-4.43198e+06 8.55346e+07
-8.29864e+06 6.8383e+07
-6.27119e+06 5.06982e+07
1.42465e+06 3.47986e+07
1.35065e+07 2.25425e+07
2.81719e+07 1.48882e+07
4.36758e+07 1.19433e+07
5.86352e+07 1.32714e+07
7.20784e+07 1.81876e+07
8.33733e+07 2.59426e+07
9.21336e+07 3.58107e+07
9.81412e+07 4.71196e+07
1.01292e+08 5.92512e+07
1.01561e+08 7.16303e+07
9.89865e+07 8.37095e+07
9.36629e+07 9.49522e+07
8.57466e+07 1.04819e+08
7.54734e+07 1.12753e+08
6.31873e+07 1.18178e+08
4.93863e+07 1.20505e+08
3.47838e+07 1.19163e+08
2.03779e+07 1.13689e+08
7.49592e+06 1.03883e+08
-2.26299e+06 9.00614e+07
-7.30248e+06 7.33131e+07
-6.55041e+06 5.55471e+07
22578.5 3.90874e+07
1.13252e+07 2.59478e+07
2.56088e+07 1.72922e+07
4.10756e+07 1.33879e+07
5.62515e+07 1.38854e+07
7.00785e+07 1.81305e+07
8.18593e+07 2.53748e+07
9.11628e+07 3.48809e+07
9.77408e+07 4.59621e+07
1.01469e+08 5.79872e+07
1.0231e+08 7.03715e+07
1.0029e+08 8.25614e+07
9.54934e+07 9.40178e+07
8.8065e+07 1.04201e+08
7.82243e+07 1.12559e+08
6.62926e+07 1.18518e+08
5.27352e+07 1.21489e+08
3.822e+07 1.20894e+08
2.36862e+07 1.16239e+08
1.03984e+07 1.07259e+08
-82792.6 9.41481e+07
-6.12577e+06 7.78351e+07
-6.51059e+06 6.00886e+07
-982911 4.32076e+07
9.55664e+06 2.93234e+07
2.34323e+07 1.97833e+07
3.88129e+07 1.50101e+07
5.41447e+07 1.47439e+07
6.82901e+07 1.83657e+07
8.04892e+07 2.51313e+07
9.02675e+07 3.42938e+07
9.73479e+07 4.51532e+07
1.01587e+08 5.70662e+07
1.02935e+08 6.94385e+07
1.01408e+08 8.17103e+07
9.70812e+07 9.33395e+07
9.00899e+07 1.03787e+08
8.06401e+07 1.12501e+08
6.90347e+07 1.18912e+08
5.57121e+07 1.22433e+08
4.13021e+07 1.2248e+08
2.66942e+07 1.18539e+08
1.30971e+07 1.10291e+08
2.03064e+06 9.78349e+07
-4.85761e+06 8.19597e+07
-6.23538e+06 6.43013e+07
-1.65579e+06 4.71143e+07
8.16175e+06 3.26143e+07
2.16254e+07 2.23078e+07
3.68871e+07 1.6763e+07
5.23257e+07 1.58093e+07
6.6731e+07 1.88655e+07
7.92849e+07 2.51937e+07
8.94716e+07 3.40394e+07
9.69869e+07 4.46908e+07
1.0167e+08 5.64932e+07
1.03459e+08 6.8843e+07
1.0236e+08 8.11741e+07
9.84438e+07 9.29413e+07
9.18349e+07 1.03604e+08
8.27296e+07 1.12614e+08
7.14158e+07 1.19403e+08
5.83101e+07 1.23386e+08
4.40112e+07 1.23975e+08
2.93672e+07 1.20642e+08
1.55385e+07 1.13028e+08
4.00569e+06 1.01155e+08
-3.58061e+06 8.56959e+07
-5.80496e+06 6.81663e+07
-2.06058e+06 5.07662e+07
7.09785e+06 3.57682e+07
2.01662e+07 2.48123e+07
3.52921e+07 1.85987e+07
5.07992e+07 1.7042e+07
6.54129e+07 1.95988e+07
7.8262e+07 2.55391e+07
8.8793e+07 3.41025e+07
9.66769e+07 4.45664e+07
1.01737e+08 5.62657e+07
1.03899e+08 6.85882e+07
1.03165e+08 8.09617e+07
9.95965e+07 9.28377e+07
9.33131e+07 1.03675e+08
8.45025e+07 1.12925e+08
7.34406e+07 1.20023e+08
6.05269e+07 1.24384e+08
4.63355e+07 1.25421e+08
3.16804e+07 1.22594e+08
1.76818e+07 1.15513e+08
5.7847e+06 1.04142e+08
-2.36474e+06 8.90581e+07
-5.291e+06 7.16739e+07
-2.25837e+06 5.4132e+07
6.32186e+06 3.87414e+07
1.90302e+07 2.72506e+07
3.40187e+07 2.04751e+07
4.95666e+07 1.8407e+07
6.43437e+07 2.05387e+07
7.74322e+07 2.61485e+07
8.82451e+07 3.4471e+07
9.64312e+07 4.47745e+07
1.018e+08 5.6384e+07
1.04268e+08 6.86795e+07
1.03832e+08 8.10832e+07
1.00547e+08 9.30431e+07
9.45292e+07 1.04017e+08
8.59597e+07 1.13456e+08
7.51058e+07 1.20797e+08
6.23537e+07 1.25459e+08
4.82583e+07 1.26853e+08
3.36071e+07 1.24429e+08
1.94878e+07 1.17781e+08
7.31465e+06 1.06823e+08
-1.27434e+06 9.20605e+07
-4.76178e+06 7.48192e+07
-2.31155e+06 5.71881e+07
5.78439e+06 4.14976e+07
1.81828e+07 2.95815e+07
3.30449e+07 2.23519e+07
4.86151e+07 1.98679e+07
6.35172e+07 2.16539e+07
7.67936e+07 2.69959e+07
8.78285e+07 3.51244e+07
9.62523e+07 4.52991e+07
1.01862e+08 5.68366e+07
1.04569e+08 6.91098e+07
1.04362e+08 8.15354e+07
1.01296e+08 9.35581e+07
9.54823e+07 1.04634e+08
8.70981e+07 1.14215e+08
7.64045e+07 1.21739e+08
6.37787e+07 1.26625e+08
4.97617e+07 1.28286e+08
3.51215e+07 1.26168e+08
2.09208e+07 1.19848e+08
8.54949e+06 1.09209e+08
-363595 9.47019e+07
-4.27351e+06 7.75849e+07
-2.27015e+06 5.99021e+07
5.44754e+06 4.39946e+07
1.75994e+07 3.17598e+07
3.23572e+07 2.41857e+07
4.79395e+07 2.1386e+07
6.29332e+07 2.2911e+07
7.63487e+07 2.80528e+07
8.75476e+07 3.60383e+07
9.61451e+07 4.61199e+07
1.0193e+08 5.76067e+07
1.04806e+08 6.98652e+07
1.04762e+08 8.23075e+07
1.01849e+08 9.4375e+07
9.61767e+07 1.05522e+08
8.79204e+07 1.15201e+08
7.73378e+07 1.22849e+08
6.48003e+07 1.27888e+08
5.08399e+07 1.29731e+08
3.62117e+07 1.27821e+08
2.19611e+07 1.21726e+08
9.46063e+06 1.11309e+08
330579 9.69839e+07
-3.86731e+06 7.99613e+07
-2.17293e+06 6.22515e+07
5.28062e+06 4.62007e+07
1.72596e+07 3.37502e+07
3.19444e+07 2.59425e+07
4.75349e+07 2.29307e+07
6.25908e+07 2.42838e+07
7.60991e+07 2.92976e+07
8.74046e+07 3.71952e+07
9.61119e+07 4.72228e+07
1.02003e+08 5.8683e+07
1.04981e+08 7.09371e+07
1.0503e+08 8.33928e+07
1.02203e+08 9.54889e+07
9.66082e+07 1.06678e+08
8.84209e+07 1.16411e+08
7.78978e+07 1.24128e+08
6.54081e+07 1.29249e+08
5.14797e+07 1.31187e+08
3.68607e+07 1.29389e+08
2.25873e+07 1.23417e+08
1.0021e+07 1.13123e+08
776079 9.89007e+07
-3.57805e+06 8.19349e+07
-2.05364e+06 6.42145e+07
5.25458e+06 4.80876e+07
1.71405e+07 3.5521e+07
3.17892e+07 2.75898e+07
4.73882e+07 2.44707e+07
6.24801e+07 2.57426e+07
7.60368e+07 3.07022e+07
8.73929e+07 3.85686e+07
9.61472e+07 4.85826e+07
1.02079e+08 6.00418e+07
1.05089e+08 7.2303e+07
1.05163e+08 8.47704e+07
1.02354e+08 9.68801e+07
9.67726e+07 1.08083e+08
8.85946e+07 1.17829e+08
7.80785e+07 1.25558e+08
6.55947e+07 1.3069e+08
5.16717e+07 1.32641e+08
3.70571e+07 1.30857e+08
2.27852e+07 1.24903e+08
1.02142e+07 1.1463e+08
955069 1.00429e+08
-3.42294e+06 8.34773e+07
-1.92614e+06 6.57582e+07
5.36074e+06 4.96199e+07
1.72386e+07 3.70371e+07
3.1892e+07 2.90947e+07
4.75022e+07 2.59754e+07
6.26045e+07 2.72592e+07
7.61653e+07 3.224e+07
8.7516e+07 4.01329e+07
9.62542e+07 5.01746e+07
1.02159e+08 6.16587e+07
1.05133e+08 7.39387e+07
1.05165e+08 8.6416e+07
1.02307e+08 9.85246e+07
9.66745e+07 1.09713e+08
8.84467e+07 1.19432e+08
7.78856e+07 1.27117e+08
6.53661e+07 1.32192e+08
5.14219e+07 1.34072e+08
3.68066e+07 1.32206e+08
2.25599e+07 1.26166e+08
1.00444e+07 1.15813e+08
870862 1.0155e+08
-3.39902e+06 8.45683e+07
-1.78689e+06 6.68611e+07
5.60404e+06 5.07757e+07
1.75603e+07 3.82771e+07
3.226e+07 3.0437e+07
4.78842e+07 2.74262e+07
6.29711e+07 2.88158e+07
7.64911e+07 3.38941e+07
8.77795e+07 4.18716e+07
9.64377e+07 5.19821e+07
1.02249e+08 6.35166e+07
1.05118e+08 7.58265e+07
1.05037e+08 8.83115e+07
1.02064e+08 1.00403e+08
9.63165e+07 1.11549e+08
8.79798e+07 1.21197e+08
7.73221e+07 1.28784e+08
6.4726e+07 1.3373e+08
5.07353e+07 1.35454e+08
3.61157e+07 1.3341e+08
2.19202e+07 1.2718e+08
9.52297e+06 1.16645e+08
537474 1.02238e+08
-3.49004e+06 8.51853e+07
-1.61863e+06 6.7504e+07
6.00121e+06 5.1539e+07
1.81207e+07 3.92274e+07
3.29061e+07 3.16044e+07
4.85447e+07 2.88109e+07
6.35882e+07 3.04002e+07
7.70207e+07 3.56509e+07
8.81888e+07 4.37697e+07
9.67025e+07 5.39884e+07
1.02351e+08 6.55972e+07
1.05047e+08 7.79466e+07
1.04786e+08 9.0435e+07
1.01631e+08 1.02493e+08
9.57058e+07 1.13566e+08
8.72028e+07 1.231e+08
7.63984e+07 1.3053e+08
6.36871e+07 1.35276e+08
4.96272e+07 1.36758e+08
3.50029e+07 1.34438e+08
2.08887e+07 1.27913e+08
8.67744e+06 1.17097e+08
-12674.5 1.02468e+08
-3.6602e+06 8.53095e+07
-1.3849e+06 6.76749e+07
6.58649e+06 5.19042e+07
1.89499e+07 3.98872e+07
3.38557e+07 3.25984e+07
4.95046e+07 3.01321e+07
6.44729e+07 3.20141e+07
7.77681e+07 3.75112e+07
8.87551e+07 4.58263e+07
9.70576e+07 5.61906e+07
1.02475e+08 6.78951e+07
1.04928e+08 8.02908e+07
1.04417e+08 9.27759e+07
1.01015e+08 1.0478e+08
9.48502e+07 1.15747e+08
8.61246e+07 1.25121e+08
7.51262e+07 1.32333e+08
6.22641e+07 1.36805e+08
4.81166e+07 1.37959e+08
3.3493e+07 1.35264e+08
1.94969e+07 1.28342e+08
7.54616e+06 1.17148e+08
-735436 1.02228e+08
-3.86313e+06 8.49378e+07
-1.04238e+06 6.7382e+07
7.39559e+06 5.18878e+07
2.00742e+07 4.02762e+07
3.51264e+07 3.34389e+07
5.0775e+07 3.1407e+07
6.56314e+07 3.36718e+07
7.8736e+07 3.94858e+07
8.94789e+07 4.80485e+07
9.7502e+07 5.85924e+07
1.02618e+08 7.04108e+07
1.04757e+08 8.28563e+07
1.03929e+08 9.53279e+07
1.00212e+08 1.07255e+08
9.37467e+07 1.18079e+08
8.47441e+07 1.27241e+08
7.35064e+07 1.34173e+08
6.04618e+07 1.38292e+08
4.62137e+07 1.39025e+08
3.16038e+07 1.35855e+08
1.77721e+07 1.28433e+08
6.16785e+06 1.16769e+08
-1.58207e+06 1.01495e+08
-4.04497e+06 8.40633e+07
-539797 6.66338e+07
8.47048e+06 5.15098e+07
2.15235e+07 4.04205e+07
3.67368e+07 3.41519e+07
5.23653e+07 3.26587e+07
6.70669e+07 3.53913e+07
7.99233e+07 4.15873e+07
9.03565e+07 5.04438e+07
9.80305e+07 6.11964e+07
1.02774e+08 7.31419e+07
1.04528e+08 8.56362e+07
1.03315e+08 9.80796e+07
9.92198e+07 1.09901e+08
9.23947e+07 1.20541e+08
8.30634e+07 1.29438e+08
7.15453e+07 1.36019e+08
5.82919e+07 1.39704e+08
4.39377e+07 1.39921e+08
2.93641e+07 1.36172e+08
1.57555e+07 1.28147e+08
4.5966e+06 1.15928e+08
-2.48738e+06 1.00253e+08
-4.13596e+06 8.26874e+07
187866 6.54504e+07
9.86397e+06 5.08042e+07
2.33356e+07 4.036e+07
3.87112e+07 3.47777e+07
5.42894e+07 3.39239e+07
6.87853e+07 3.72048e+07
8.13307e+07 4.38424e+07
9.13846e+07 5.30334e+07
9.86373e+07 6.40179e+07
1.02936e+08 7.60985e+07
1.04235e+08 8.86349e+07
1.02568e+08 1.0103e+08
9.80314e+07 1.12712e+08
9.07893e+07 1.23121e+08
8.10809e+07 1.31692e+08
6.92464e+07 1.37849e+08
5.57649e+07 1.4101e+08
4.13087e+07 1.40614e+08
2.68065e+07 1.36182e+08
1.34945e+07 1.27454e+08
2.89517e+06 1.14605e+08
-3.37774e+06 9.84995e+07
-4.06151e+06 8.08318e+07
1.20439e+06 6.3875e+07
1.16212e+07 4.98272e+07
2.55361e+07 4.01544e+07
4.10589e+07 3.53722e+07
5.65447e+07 3.52517e+07
7.07763e+07 3.9153e+07
8.29427e+07 4.62841e+07
9.25447e+07 5.58428e+07
9.93021e+07 6.70759e+07
1.03082e+08 7.92929e+07
1.03855e+08 9.18586e+07
1.01667e+08 1.04179e+08
9.66266e+07 1.15682e+08
8.89128e+07 1.25806e+08
7.87828e+07 1.33982e+08
6.66012e+07 1.39633e+08
5.28808e+07 1.42177e+08
3.83384e+07 1.41062e+08
2.39582e+07 1.3584e+08
1.1035e+07 1.26315e+08
1.12828e+06 1.12772e+08
-4.17552e+06 9.62298e+07
-3.74354e+06 7.85193e+07
2.57432e+06 6.19551e+07
1.37851e+07 4.86401e+07
2.81457e+07 3.98674e+07
4.37824e+07 3.59943e+07
5.91209e+07 3.66922e+07
7.30214e+07 4.12765e+07
8.47357e+07 4.89434e+07
9.38106e+07 5.88942e+07
9.99972e+07 7.03842e+07
1.03185e+08 8.27311e+07
1.03362e+08 9.53058e+07
1.00586e+08 1.07517e+08
9.4983e+07 1.18794e+08
8.67466e+07 1.28572e+08
7.61559e+07 1.36279e+08
6.36045e+07 1.41334e+08
4.96449e+07 1.4316e+08
3.50465e+07 1.41217e+08
2.08577e+07 1.35097e+08
8.43701e+06 1.24687e+08
-623915 1.10406e+08
-4.78945e+06 9.34477e+07
-3.09524e+06 7.57861e+07
4.36537e+06 5.97519e+07
1.63975e+07 4.73161e+07
3.1182e+07 3.95729e+07
