0.0020103 -5.5
0.00402061 -5.5
0.00603091 -5.5
0.00804121 -5.49999
0.0100515 -5.49999
0.0120618 -5.49999
0.0140721 -5.49998
0.0160824 -5.49998
0.0180927 -5.49997
0.0201029 -5.49996
0.0221132 -5.49995
0.0241235 -5.49995
0.0261337 -5.49994
0.028144 -5.49993
0.0301542 -5.49992
0.0321644 -5.4999
0.0341747 -5.49989
0.0361849 -5.49988
0.0381951 -5.49986
0.0402053 -5.49985
0.0422154 -5.49983
0.0442256 -5.49982
0.0462358 -5.4998
0.0482459 -5.49978
0.050256 -5.49977
0.0522661 -5.49975
0.0542762 -5.49973
0.0562863 -5.49971
0.0582964 -5.49969
0.0603064 -5.49966
0.0623164 -5.49964
0.0643265 -5.49962
0.0663364 -5.49959
0.0683464 -5.49957
0.0703564 -5.49954
0.0723663 -5.49951
0.0743762 -5.49949
0.0763861 -5.49946
0.078396 -5.49943
0.0804058 -5.4994
0.0824156 -5.49937
0.0844254 -5.49934
0.0864352 -5.49931
0.088445 -5.49927
0.0904547 -5.49924
0.0924644 -5.49921
0.0944741 -5.49917
0.0964837 -5.49914
0.0984933 -5.4991
0.100503 -5.49906
0.102512 -5.49903
0.104522 -5.49899
0.106532 -5.49895
0.108541 -5.49891
0.11055 -5.49887
0.11256 -5.49883
0.114569 -5.49878
0.116579 -5.49874
0.118588 -5.4987
0.120597 -5.49865
0.122606 -5.49861
0.124616 -5.49856
0.126625 -5.49851
0.128634 -5.49847
0.130643 -5.49842
0.132652 -5.49837
0.134661 -5.49832
0.13667 -5.49827
0.138679 -5.49822
0.140688 -5.49816
0.142697 -5.49811
0.144706 -5.49806
0.146715 -5.498
0.148723 -5.49795
0.150732 -5.49789
0.152741 -5.49784
0.154749 -5.49778
0.156758 -5.49772
0.158766 -5.49766
0.160775 -5.4976
0.162783 -5.49754
0.164792 -5.49748
0.1668 -5.49742
0.168809 -5.49736
0.170817 -5.49729
0.172825 -5.49723
0.174833 -5.49716
0.176841 -5.4971
0.178849 -5.49703
0.180857 -5.49696
0.182865 -5.4969
0.184873 -5.49683
0.186881 -5.49676
0.188889 -5.49669
0.190897 -5.49662
0.192905 -5.49655
0.194912 -5.49647
0.19692 -5.4964
0.198928 -5.49633
0.200935 -5.49625
0.202943 -5.49618
0.20495 -5.4961
0.206957 -5.49602
0.208965 -5.49595
0.210972 -5.49587
0.212979 -5.49579
0.214986 -5.49571
0.216993 -5.49563
0.219 -5.49555
0.221007 -5.49546
0.223014 -5.49538
0.225021 -5.4953
0.227028 -5.49521
0.229035 -5.49513
0.231042 -5.49504
0.233048 -5.49496
0.235055 -5.49487
0.237061 -5.49478
0.239068 -5.49469
0.241074 -5.4946
0.24308 -5.49451
0.245087 -5.49442
0.247093 -5.49433
0.249099 -5.49424
0.251105 -5.49414
0.253111 -5.49405
0.255117 -5.49395
0.257123 -5.49386
0.259129 -5.49376
0.261134 -5.49366
0.26314 -5.49357
0.265146 -5.49347
0.267151 -5.49337
0.269157 -5.49327
0.271162 -5.49317
0.273168 -5.49306
0.275173 -5.49296
0.277178 -5.49286
0.279183 -5.49275
0.281188 -5.49265
0.283193 -5.49254
0.285198 -5.49244
0.287203 -5.49233
0.289208 -5.49222
0.291213 -5.49212
0.293217 -5.49201
0.295222 -5.4919
0.297226 -5.49179
0.299231 -5.49167
0.301235 -5.49156
0.303239 -5.49145
0.305244 -5.49133
0.307248 -5.49122
0.309252 -5.4911
0.311256 -5.49099
0.31326 -5.49087
0.315263 -5.49075
0.317267 -5.49064
0.319271 -5.49052
0.321275 -5.4904
0.323278 -5.49028
0.325282 -5.49016
0.327285 -5.49003
0.329288 -5.48991
0.331291 -5.48979
0.333295 -5.48966
0.335298 -5.48954
0.337301 -5.48941
0.339303 -5.48929
0.341306 -5.48916
0.343309 -5.48903
0.345312 -5.4889
0.347314 -5.48877
0.349317 -5.48864
0.351319 -5.48851
0.353322 -5.48838
0.355324 -5.48825
0.357326 -5.48811
0.359328 -5.48798
0.36133 -5.48784
0.363332 -5.48771
0.365334 -5.48757
0.367335 -5.48743
0.369337 -5.4873
0.371339 -5.48716
0.37334 -5.48702
0.375342 -5.48688
0.377343 -5.48674
0.379344 -5.4866
0.381345 -5.48645
0.383346 -5.48631
0.385347 -5.48617
0.387348 -5.48602
0.389349 -5.48588
0.39135 -5.48573
0.39335 -5.48558
0.395351 -5.48543
0.397351 -5.48529
0.399352 -5.48514
0.401352 -5.48499
0.403352 -5.48484
0.405352 -5.48469
0.407352 -5.48453
0.409352 -5.48438
0.411352 -5.48423
0.413352 -5.48407
0.415351 -5.48392
0.417351 -5.48376
0.41935 -5.4836
0.421349 -5.48345
0.423349 -5.48329
0.425348 -5.48313
0.427347 -5.48297
0.429346 -5.48281
0.431345 -5.48265
0.433344 -5.48249
0.435342 -5.48232
0.437341 -5.48216
0.439339 -5.48199
0.441338 -5.48183
0.443336 -5.48166
0.445334 -5.4815
0.447332 -5.48133
0.44933 -5.48116
0.451328 -5.48099
0.453326 -5.48082
0.455324 -5.48065
0.457321 -5.48048
0.459319 -5.48031
0.461316 -5.48014
0.463313 -5.47996
0.465311 -5.47979
0.467308 -5.47962
0.469305 -5.47944
0.471302 -5.47926
0.473299 -5.47909
0.475295 -5.47891
0.477292 -5.47873
0.479288 -5.47855
0.481285 -5.47837
0.483281 -5.47819
0.485277 -5.47801
0.487273 -5.47783
0.489269 -5.47764
0.491265 -5.47746
0.493261 -5.47727
0.495257 -5.47709
0.497252 -5.4769
0.499248 -5.47672
0.501243 -5.47653
0.503238 -5.47634
0.505233 -5.47615
0.507228 -5.47596
0.509223 -5.47577
0.511218 -5.47558
0.513213 -5.47539
0.515208 -5.47519
0.517202 -5.475
0.519196 -5.47481
0.521191 -5.47461
0.523185 -5.47441
0.525179 -5.47422
0.527173 -5.47402
0.529167 -5.47382
0.531161 -5.47362
0.533154 -5.47342
0.535148 -5.47322
0.537141 -5.47302
0.539134 -5.47282
0.541128 -5.47262
0.543121 -5.47241
0.545114 -5.47221
0.547107 -5.472
0.549099 -5.4718
0.551092 -5.47159
0.553084 -5.47139
0.555077 -5.47118
0.557069 -5.47097
0.559061 -5.47076
0.561053 -5.47055
0.563045 -5.47034
0.565037 -5.47013
0.567029 -5.46991
0.569021 -5.4697
0.571012 -5.46949
0.573003 -5.46927
0.574995 -5.46906
0.576986 -5.46884
0.578977 -5.46862
0.580968 -5.4684
0.582959 -5.46819
0.584949 -5.46797
0.58694 -5.46775
0.58893 -5.46753
0.590921 -5.4673
0.592911 -5.46708
0.594901 -5.46686
0.596891 -5.46664
0.598881 -5.46641
0.60087 -5.46619
0.60286 -5.46596
0.604849 -5.46573
0.606839 -5.46551
0.608828 -5.46528
0.610817 -5.46505
0.612806 -5.46482
0.614795 -5.46459
0.616784 -5.46436
0.618772 -5.46412
0.620761 -5.46389
0.622749 -5.46366
0.624738 -5.46342
0.626726 -5.46319
0.628714 -5.46295
0.630702 -5.46272
0.632689 -5.46248
0.634677 -5.46224
0.636665 -5.462
0.638652 -5.46176
0.640639 -5.46152
0.642626 -5.46128
0.644613 -5.46104
0.6466 -5.4608
0.648587 -5.46055
0.650574 -5.46031
0.65256 -5.46007
0.654547 -5.45982
0.656533 -5.45957
0.658519 -5.45933
0.660505 -5.45908
0.662491 -5.45883
0.664477 -5.45858
0.666462 -5.45833
0.668448 -5.45808
0.670433 -5.45783
0.672418 -5.45758
0.674404 -5.45732
0.676388 -5.45707
0.678373 -5.45681
0.680358 -5.45656
0.682343 -5.4563
0.684327 -5.45605
0.686311 -5.45579
0.688296 -5.45553
0.69028 -5.45527
0.692264 -5.45501
0.694247 -5.45475
0.696231 -5.45449
0.698214 -5.45423
0.700198 -5.45396
0.702181 -5.4537
0.704164 -5.45344
0.706147 -5.45317
0.70813 -5.45291
0.710113 -5.45264
0.712095 -5.45237
0.714078 -5.4521
0.71606 -5.45184
0.718042 -5.45157
0.720024 -5.4513
0.722006 -5.45102
0.723988 -5.45075
0.72597 -5.45048
0.727951 -5.45021
0.729932 -5.44993
0.731914 -5.44966
0.733895 -5.44938
0.735876 -5.44911
0.737856 -5.44883
0.739837 -5.44855
0.741818 -5.44827
0.743798 -5.44799
0.745778 -5.44771
0.747758 -5.44743
0.749738 -5.44715
0.751718 -5.44687
0.753698 -5.44659
0.755677 -5.4463
0.757657 -5.44602
0.759636 -5.44573
0.761615 -5.44545
0.763594 -5.44516
0.765573 -5.44487
0.767551 -5.44458
0.76953 -5.4443
0.771508 -5.44401
0.773487 -5.44371
0.775465 -5.44342
0.777443 -5.44313
0.77942 -5.44284
0.781398 -5.44255
0.783376 -5.44225
0.785353 -5.44196
0.78733 -5.44166
0.789307 -5.44136
0.791284 -5.44107
0.793261 -5.44077
0.795238 -5.44047
0.797214 -5.44017
0.79919 -5.43987
0.801167 -5.43957
0.803143 -5.43927
0.805119 -5.43897
0.807094 -5.43866
0.80907 -5.43836
0.811045 -5.43805
0.813021 -5.43775
0.814996 -5.43744
0.816971 -5.43714
0.818946 -5.43683
0.82092 -5.43652
0.822895 -5.43621
0.824869 -5.4359
0.826843 -5.43559
0.828818 -5.43528
0.830791 -5.43497
0.832765 -5.43465
0.834739 -5.43434
0.836712 -5.43403
0.838686 -5.43371
0.840659 -5.4334
0.842632 -5.43308
0.844605 -5.43276
0.846577 -5.43244
0.84855 -5.43212
0.850522 -5.4318
0.852495 -5.43148
0.854467 -5.43116
0.856439 -5.43084
0.85841 -5.43052
0.860382 -5.4302
0.862354 -5.42987
0.864325 -5.42955
0.866296 -5.42922
0.868267 -5.4289
0.870238 -5.42857
0.872208 -5.42824
0.874179 -5.42791
0.876149 -5.42758
0.878119 -5.42725
0.88009 -5.42692
0.882059 -5.42659
0.884029 -5.42626
0.885999 -5.42593
0.887968 -5.42559
0.889937 -5.42526
0.891906 -5.42492
0.893875 -5.42459
0.895844 -5.42425
0.897813 -5.42391
0.899781 -5.42357
0.901749 -5.42324
0.903717 -5.4229
0.905685 -5.42256
0.907653 -5.42222
0.909621 -5.42187
0.911588 -5.42153
0.913555 -5.42119
0.915523 -5.42084
0.91749 -5.4205
0.919456 -5.42015
0.921423 -5.41981
0.923389 -5.41946
0.925356 -5.41911
0.927322 -5.41876
0.929288 -5.41841
0.931254 -5.41806
0.933219 -5.41771
0.935185 -5.41736
0.93715 -5.41701
0.939115 -5.41666
0.94108 -5.4163
0.943045 -5.41595
0.945009 -5.41559
0.946974 -5.41524
0.948938 -5.41488
0.950902 -5.41452
0.952866 -5.41417
0.95483 -5.41381
0.956794 -5.41345
0.958757 -5.41309
0.96072 -5.41273
0.962683 -5.41236
0.964646 -5.412
0.966609 -5.41164
0.968571 -5.41127
0.970534 -5.41091
0.972496 -5.41054
0.974458 -5.41018
0.97642 -5.40981
0.978382 -5.40944
0.980343 -5.40908
0.982305 -5.40871
0.984266 -5.40834
0.986227 -5.40797
0.988188 -5.40759
0.990148 -5.40722
0.992109 -5.40685
0.994069 -5.40648
0.996029 -5.4061
0.997989 -5.40573
0.999949 -5.40535
1.00191 -5.40497
1.00387 -5.4046
1.00583 -5.40422
1.00779 -5.40384
1.00974 -5.40346
1.0117 -5.40308
1.01366 -5.4027
1.01562 -5.40232
1.01758 -5.40194
1.01954 -5.40155
1.02149 -5.40117
1.02345 -5.40078
1.02541 -5.4004
1.02737 -5.40001
1.02932 -5.39963
1.03128 -5.39924
1.03324 -5.39885
1.03519 -5.39846
1.03715 -5.39807
1.03911 -5.39768
1.04106 -5.39729
1.04302 -5.3969
1.04497 -5.3965
1.04693 -5.39611
1.04888 -5.39572
1.05084 -5.39532
1.05279 -5.39493
1.05475 -5.39453
1.0567 -5.39413
1.05866 -5.39373
1.06061 -5.39334
1.06257 -5.39294
1.06452 -5.39254
1.06647 -5.39214
1.06843 -5.39173
1.07038 -5.39133
1.07233 -5.39093
1.07429 -5.39053
1.07624 -5.39012
1.07819 -5.38972
1.08014 -5.38931
1.0821 -5.3889
1.08405 -5.3885
1.086 -5.38809
1.08795 -5.38768
1.0899 -5.38727
1.09185 -5.38686
1.0938 -5.38645
1.09575 -5.38604
1.0977 -5.38562
1.09966 -5.38521
1.10161 -5.3848
1.10356 -5.38438
1.10551 -5.38397
1.10745 -5.38355
1.1094 -5.38313
1.11135 -5.38272
1.1133 -5.3823
1.11525 -5.38188
1.1172 -5.38146
1.11915 -5.38104
1.1211 -5.38062
1.12304 -5.38019
1.12499 -5.37977
1.12694 -5.37935
1.12889 -5.37892
1.13083 -5.3785
1.13278 -5.37807
1.13473 -5.37765
1.13668 -5.37722
1.13862 -5.37679
1.14057 -5.37636
1.14251 -5.37593
1.14446 -5.3755
1.14641 -5.37507
1.14835 -5.37464
1.1503 -5.37421
1.15224 -5.37378
1.15419 -5.37334
1.15613 -5.37291
1.15808 -5.37247
1.16002 -5.37204
1.16196 -5.3716
1.16391 -5.37116
1.16585 -5.37073
1.16779 -5.37029
1.16974 -5.36985
1.17168 -5.36941
1.17362 -5.36897
1.17557 -5.36852
1.17751 -5.36808
1.17945 -5.36764
1.18139 -5.36719
1.18333 -5.36675
1.18528 -5.36631
1.18722 -5.36586
1.18916 -5.36541
1.1911 -5.36496
1.19304 -5.36452
1.19498 -5.36407
1.19692 -5.36362
1.19886 -5.36317
1.2008 -5.36272
1.20274 -5.36226
1.20468 -5.36181
1.20662 -5.36136
1.20856 -5.3609
1.2105 -5.36045
1.21244 -5.35999
1.21438 -5.35954
1.21631 -5.35908
1.21825 -5.35862
1.22019 -5.35817
1.22213 -5.35771
1.22407 -5.35725
1.226 -5.35679
1.22794 -5.35632
1.22988 -5.35586
1.23181 -5.3554
1.23375 -5.35494
1.23569 -5.35447
1.23762 -5.35401
1.23956 -5.35354
1.24149 -5.35308
1.24343 -5.35261
1.24536 -5.35214
1.2473 -5.35167
1.24923 -5.3512
1.25117 -5.35073
1.2531 -5.35026
1.25504 -5.34979
1.25697 -5.34932
1.2589 -5.34885
1.26084 -5.34837
1.26277 -5.3479
1.2647 -5.34742
1.26664 -5.34695
1.26857 -5.34647
1.2705 -5.34599
1.27243 -5.34552
1.27436 -5.34504
1.2763 -5.34456
1.27823 -5.34408
1.28016 -5.3436
1.28209 -5.34312
1.28402 -5.34263
1.28595 -5.34215
1.28788 -5.34167
1.28981 -5.34118
1.29174 -5.3407
1.29367 -5.34021
1.2956 -5.33972
1.29753 -5.33924
1.29946 -5.33875
1.30139 -5.33826
1.30332 -5.33777
1.30524 -5.33728
1.30717 -5.33679
1.3091 -5.3363
1.31103 -5.33581
1.31295 -5.33531
1.31488 -5.33482
1.31681 -5.33433
1.31874 -5.33383
1.32066 -5.33333
1.32259 -5.33284
1.32451 -5.33234
1.32644 -5.33184
1.32837 -5.33134
1.33029 -5.33084
1.33222 -5.33034
1.33414 -5.32984
1.33607 -5.32934
1.33799 -5.32884
1.33992 -5.32834
1.34184 -5.32783
1.34376 -5.32733
1.34569 -5.32682
1.34761 -5.32632
1.34953 -5.32581
1.35146 -5.3253
1.35338 -5.32479
1.3553 -5.32429
1.35722 -5.32378
1.35915 -5.32327
1.36107 -5.32276
1.36299 -5.32224
1.36491 -5.32173
1.36683 -5.32122
1.36875 -5.3207
1.37067 -5.32019
1.37259 -5.31967
1.37451 -5.31916
1.37643 -5.31864
1.37835 -5.31812
1.38027 -5.31761
1.38219 -5.31709
1.38411 -5.31657
1.38603 -5.31605
1.38795 -5.31553
1.38987 -5.31501
1.39178 -5.31448
1.3937 -5.31396
1.39562 -5.31344
1.39754 -5.31291
1.39945 -5.31239
1.40137 -5.31186
1.40329 -5.31133
1.4052 -5.31081
1.40712 -5.31028
1.40903 -5.30975
1.41095 -5.30922
1.41287 -5.30869
1.41478 -5.30816
1.4167 -5.30763
1.41861 -5.3071
1.42052 -5.30656
1.42244 -5.30603
1.42435 -5.30549
1.42627 -5.30496
1.42818 -5.30442
1.43009 -5.30389
1.43201 -5.30335
1.43392 -5.30281
1.43583 -5.30227
1.43774 -5.30173
1.43966 -5.30119
1.44157 -5.30065
1.44348 -5.30011
1.44539 -5.29957
1.4473 -5.29902
1.44921 -5.29848
1.45112 -5.29794
1.45303 -5.29739
1.45494 -5.29685
1.45685 -5.2963
1.45876 -5.29575
1.46067 -5.2952
1.46258 -5.29466
1.46449 -5.29411
1.4664 -5.29356
1.46831 -5.29301
1.47021 -5.29245
1.47212 -5.2919
1.47403 -5.29135
1.47594 -5.29079
1.47784 -5.29024
1.47975 -5.28969
1.48166 -5.28913
1.48356 -5.28857
1.48547 -5.28802
1.48737 -5.28746
1.48928 -5.2869
1.49119 -5.28634
1.49309 -5.28578
1.495 -5.28522
1.4969 -5.28466
1.4988 -5.2841
1.50071 -5.28353
1.50261 -5.28297
1.50452 -5.28241
1.50642 -5.28184
1.50832 -5.28128
1.51022 -5.28071
1.51213 -5.28014
1.51403 -5.27957
1.51593 -5.27901
1.51783 -5.27844
1.51973 -5.27787
1.52164 -5.2773
1.52354 -5.27672
1.52544 -5.27615
1.52734 -5.27558
1.52924 -5.27501
1.53114 -5.27443
1.53304 -5.27386
1.53494 -5.27328
1.53684 -5.27271
1.53874 -5.27213
1.54063 -5.27155
1.54253 -5.27097
1.54443 -5.27039
1.54633 -5.26981
1.54823 -5.26923
1.55012 -5.26865
1.55202 -5.26807
1.55392 -5.26749
1.55581 -5.26691
1.55771 -5.26632
1.55961 -5.26574
1.5615 -5.26515
1.5634 -5.26457
1.56529 -5.26398
1.56719 -5.26339
1.56908 -5.2628
1.57098 -5.26221
1.57287 -5.26163
1.57476 -5.26104
1.57666 -5.26044
1.57855 -5.25985
1.58044 -5.25926
1.58234 -5.25867
1.58423 -5.25807
1.58612 -5.25748
1.58801 -5.25688
1.58991 -5.25629
1.5918 -5.25569
1.59369 -5.25509
1.59558 -5.2545
1.59747 -5.2539
1.59936 -5.2533
1.60125 -5.2527
1.60314 -5.2521
1.60503 -5.2515
1.60692 -5.25089
1.60881 -5.25029
1.6107 -5.24969
1.61259 -5.24908
1.61448 -5.24848
1.61636 -5.24787
1.61825 -5.24727
1.62014 -5.24666
1.62203 -5.24605
1.62391 -5.24544
1.6258 -5.24483
1.62769 -5.24423
1.62957 -5.24361
1.63146 -5.243
1.63334 -5.24239
1.63523 -5.24178
1.63711 -5.24117
1.639 -5.24055
1.64088 -5.23994
1.64277 -5.23932
1.64465 -5.23871
1.64654 -5.23809
1.64842 -5.23747
1.6503 -5.23685
1.65218 -5.23623
1.65407 -5.23562
1.65595 -5.23499
1.65783 -5.23437
1.65971 -5.23375
1.6616 -5.23313
1.66348 -5.23251
1.66536 -5.23188
1.66724 -5.23126
1.66912 -5.23063
1.671 -5.23001
1.67288 -5.22938
1.67476 -5.22875
1.67664 -5.22813
1.67852 -5.2275
1.68039 -5.22687
1.68227 -5.22624
1.68415 -5.22561
1.68603 -5.22498
1.68791 -5.22435
1.68978 -5.22371
1.69166 -5.22308
1.69354 -5.22245
1.69541 -5.22181
1.69729 -5.22118
1.69917 -5.22054
1.70104 -5.2199
1.70292 -5.21926
1.70479 -5.21863
1.70667 -5.21799
1.70854 -5.21735
1.71042 -5.21671
1.71229 -5.21607
1.71416 -5.21543
1.71604 -5.21478
1.71791 -5.21414
1.71978 -5.2135
1.72165 -5.21285
1.72353 -5.21221
1.7254 -5.21156
1.72727 -5.21091
1.72914 -5.21027
1.73101 -5.20962
1.73288 -5.20897
1.73475 -5.20832
1.73662 -5.20767
1.73849 -5.20702
1.74036 -5.20637
1.74223 -5.20572
1.7441 -5.20507
1.74597 -5.20441
1.74784 -5.20376
1.74971 -5.2031
1.75157 -5.20245
1.75344 -5.20179
1.75531 -5.20114
1.75718 -5.20048
1.75904 -5.19982
1.76091 -5.19916
1.76277 -5.1985
1.76464 -5.19784
1.76651 -5.19718
1.76837 -5.19652
1.77024 -5.19586
1.7721 -5.19519
1.77397 -5.19453
1.77583 -5.19387
1.77769 -5.1932
1.77956 -5.19253
1.78142 -5.19187
1.78328 -5.1912
1.78515 -5.19053
1.78701 -5.18987
1.78887 -5.1892
1.79073 -5.18853
1.79259 -5.18786
1.79445 -5.18718
1.79631 -5.18651
1.79817 -5.18584
1.80003 -5.18517
1.80189 -5.18449
1.80375 -5.18382
1.80561 -5.18314
1.80747 -5.18247
1.80933 -5.18179
1.81119 -5.18111
1.81305 -5.18044
1.81491 -5.17976
1.81676 -5.17908
1.81862 -5.1784
1.82048 -5.17772
1.82233 -5.17704
1.82419 -5.17635
1.82605 -5.17567
1.8279 -5.17499
1.82976 -5.1743
1.83161 -5.17362
1.83347 -5.17293
1.83532 -5.17225
1.83718 -5.17156
1.83903 -5.17087
1.84088 -5.17018
1.84274 -5.1695
1.84459 -5.16881
1.84644 -5.16812
1.84829 -5.16742
1.85015 -5.16673
1.852 -5.16604
1.85385 -5.16535
1.8557 -5.16465
1.85755 -5.16396
1.8594 -5.16327
1.86125 -5.16257
1.8631 -5.16187
1.86495 -5.16118
1.8668 -5.16048
1.86865 -5.15978
1.8705 -5.15908
1.87235 -5.15838
1.87419 -5.15768
1.87604 -5.15698
1.87789 -5.15628
1.87974 -5.15558
1.88158 -5.15487
1.88343 -5.15417
1.88528 -5.15347
1.88712 -5.15276
1.88897 -5.15205
1.89081 -5.15135
1.89266 -5.15064
1.8945 -5.14993
1.89635 -5.14922
1.89819 -5.14852
1.90003 -5.14781
1.90188 -5.14709
1.90372 -5.14638
1.90556 -5.14567
1.90741 -5.14496
1.90925 -5.14425
1.91109 -5.14353
1.91293 -5.14282
1.91477 -5.1421
1.91661 -5.14139
1.91845 -5.14067
1.92029 -5.13995
1.92213 -5.13924
1.92397 -5.13852
1.92581 -5.1378
1.92765 -5.13708
1.92949 -5.13636
1.93133 -5.13564
1.93317 -5.13491
1.93501 -5.13419
1.93684 -5.13347
1.93868 -5.13274
1.94052 -5.13202
1.94235 -5.13129
1.94419 -5.13057
1.94603 -5.12984
1.94786 -5.12911
1.9497 -5.12839
1.95153 -5.12766
1.95337 -5.12693
1.9552 -5.1262
1.95703 -5.12547
1.95887 -5.12474
1.9607 -5.124
1.96253 -5.12327
1.96437 -5.12254
1.9662 -5.1218
1.96803 -5.12107
1.96986 -5.12033
1.97169 -5.1196
1.97352 -5.11886
1.97535 -5.11813
1.97718 -5.11739
1.97901 -5.11665
1.98084 -5.11591
1.98267 -5.11517
1.9845 -5.11443
1.98633 -5.11369
1.98816 -5.11295
1.98999 -5.1122
1.99182 -5.11146
1.99364 -5.11072
1.99547 -5.10997
1.9973 -5.10923
1.99912 -5.10848
2.00095 -5.10773
2.00278 -5.10699
2.0046 -5.10624
2.00643 -5.10549
2.00825 -5.10474
2.01008 -5.10399
2.0119 -5.10324
2.01372 -5.10249
2.01555 -5.10174
2.01737 -5.10098
2.01919 -5.10023
2.02102 -5.09948
2.02284 -5.09872
2.02466 -5.09797
2.02648 -5.09721
2.0283 -5.09645
2.03012 -5.0957
2.03194 -5.09494
2.03376 -5.09418
2.03558 -5.09342
2.0374 -5.09266
2.03922 -5.0919
2.04104 -5.09114
2.04286 -5.09038
2.04468 -5.08962
2.0465 -5.08885
2.04831 -5.08809
2.05013 -5.08732
2.05195 -5.08656
2.05376 -5.08579
2.05558 -5.08503
2.0574 -5.08426
2.05921 -5.08349
2.06103 -5.08272
2.06284 -5.08195
2.06466 -5.08118
2.06647 -5.08041
2.06828 -5.07964
2.0701 -5.07887
2.07191 -5.0781
2.07372 -5.07733
2.07554 -5.07655
2.07735 -5.07578
2.07916 -5.075
2.08097 -5.07423
2.08278 -5.07345
2.08459 -5.07267
2.0864 -5.0719
2.08821 -5.07112
2.09002 -5.07034
2.09183 -5.06956
2.09364 -5.06878
2.09545 -5.068
2.09726 -5.06722
2.09907 -5.06643
2.10088 -5.06565
2.10268 -5.06487
2.10449 -5.06408
2.1063 -5.0633
2.1081 -5.06251
2.10991 -5.06173
2.11171 -5.06094
2.11352 -5.06015
2.11532 -5.05936
2.11713 -5.05857
2.11893 -5.05779
2.12074 -5.057
2.12254 -5.0562
2.12434 -5.05541
2.12615 -5.05462
2.12795 -5.05383
2.12975 -5.05304
2.13155 -5.05224
2.13336 -5.05145
2.13516 -5.05065
2.13696 -5.04986
2.13876 -5.04906
2.14056 -5.04826
2.14236 -5.04746
2.14416 -5.04666
2.14596 -5.04587
2.14776 -5.04507
2.14955 -5.04427
2.15135 -5.04346
2.15315 -5.04266
2.15495 -5.04186
2.15674 -5.04106
2.15854 -5.04025
2.16034 -5.03945
2.16213 -5.03864
2.16393 -5.03784
2.16573 -5.03703
2.16752 -5.03622
2.16931 -5.03542
2.17111 -5.03461
2.1729 -5.0338
2.1747 -5.03299
2.17649 -5.03218
2.17828 -5.03137
2.18007 -5.03056
2.18187 -5.02974
2.18366 -5.02893
2.18545 -5.02812
2.18724 -5.0273
2.18903 -5.02649
2.19082 -5.02567
2.19261 -5.02486
2.1944 -5.02404
2.19619 -5.02322
2.19798 -5.02241
2.19977 -5.02159
2.20156 -5.02077
2.20335 -5.01995
2.20513 -5.01913
2.20692 -5.01831
2.20871 -5.01748
2.21049 -5.01666
2.21228 -5.01584
2.21407 -5.01501
2.21585 -5.01419
2.21764 -5.01336
2.21942 -5.01254
2.2212 -5.01171
2.22299 -5.01089
2.22477 -5.01006
2.22656 -5.00923
2.22834 -5.0084
2.23012 -5.00757
2.2319 -5.00674
2.23368 -5.00591
2.23547 -5.00508
2.23725 -5.00425
2.23903 -5.00341
2.24081 -5.00258
2.24259 -5.00175
2.24437 -5.00091
2.24615 -5.00008
2.24793 -4.99924
2.24971 -4.9984
2.25148 -4.99757
2.25326 -4.99673
2.25504 -4.99589
2.25682 -4.99505
2.25859 -4.99421
2.26037 -4.99337
2.26215 -4.99253
2.26392 -4.99169
2.2657 -4.99084
2.26747 -4.99
2.26925 -4.98916
2.27102 -4.98831
2.27279 -4.98747
2.27457 -4.98662
2.27634 -4.98578
2.27811 -4.98493
2.27989 -4.98408
2.28166 -4.98323
2.28343 -4.98239
2.2852 -4.98154
2.28697 -4.98069
2.28874 -4.97984
2.29051 -4.97898
2.29228 -4.97813
2.29405 -4.97728
2.29582 -4.97643
2.29759 -4.97557
2.29936 -4.97472
2.30113 -4.97386
2.30289 -4.97301
2.30466 -4.97215
2.30643 -4.97129
2.30819 -4.97044
2.30996 -4.96958
2.31173 -4.96872
2.31349 -4.96786
2.31526 -4.967
2.31702 -4.96614
2.31879 -4.96528
2.32055 -4.96441
2.32231 -4.96355
2.32408 -4.96269
2.32584 -4.96182
2.3276 -4.96096
2.32936 -4.96009
2.33112 -4.95923
2.33289 -4.95836
2.33465 -4.95749
2.33641 -4.95663
2.33817 -4.95576
2.33993 -4.95489
2.34169 -4.95402
2.34345 -4.95315
2.3452 -4.95228
2.34696 -4.95141
2.34872 -4.95053
2.35048 -4.94966
2.35224 -4.94879
2.35399 -4.94791
2.35575 -4.94704
2.35751 -4.94616
2.35926 -4.94529
2.36102 -4.94441
2.36277 -4.94353
2.36453 -4.94266
2.36628 -4.94178
2.36803 -4.9409
2.36979 -4.94002
2.37154 -4.93914
2.37329 -4.93826
2.37504 -4.93738
2.3768 -4.93649
2.37855 -4.93561
2.3803 -4.93473
2.38205 -4.93384
2.3838 -4.93296
2.38555 -4.93207
2.3873 -4.93119
2.38905 -4.9303
2.3908 -4.92941
2.39255 -4.92853
2.39429 -4.92764
2.39604 -4.92675
2.39779 -4.92586
2.39954 -4.92497
2.40128 -4.92408
2.40303 -4.92319
2.40478 -4.92229
2.40652 -4.9214
2.40827 -4.92051
2.41001 -4.91961
2.41175 -4.91872
2.4135 -4.91782
2.41524 -4.91693
2.41699 -4.91603
2.41873 -4.91513
2.42047 -4.91424
2.42221 -4.91334
2.42395 -4.91244
2.4257 -4.91154
2.42744 -4.91064
2.42918 -4.90974
2.43092 -4.90884
2.43266 -4.90793
2.4344 -4.90703
2.43613 -4.90613
2.43787 -4.90522
2.43961 -4.90432
2.44135 -4.90341
2.44309 -4.90251
2.44482 -4.9016
2.44656 -4.90069
2.4483 -4.89979
2.45003 -4.89888
2.45177 -4.89797
2.4535 -4.89706
2.45524 -4.89615
2.45697 -4.89524
2.4587 -4.89433
2.46044 -4.89341
2.46217 -4.8925
2.4639 -4.89159
2.46564 -4.89067
2.46737 -4.88976
2.4691 -4.88885
2.47083 -4.88793
2.47256 -4.88701
2.47429 -4.8861
2.47602 -4.88518
2.47775 -4.88426
2.47948 -4.88334
2.48121 -4.88242
2.48294 -4.8815
2.48466 -4.88058
2.48639 -4.87966
2.48812 -4.87874
2.48985 -4.87782
2.49157 -4.87689
2.4933 -4.87597
2.49502 -4.87504
2.49675 -4.87412
2.49847 -4.87319
2.5002 -4.87227
2.50192 -4.87134
2.50365 -4.87041
2.50537 -4.86949
2.50709 -4.86856
2.50881 -4.86763
2.51054 -4.8667
2.51226 -4.86577
2.51398 -4.86484
2.5157 -4.8639
2.51742 -4.86297
2.51914 -4.86204
2.52086 -4.86111
2.52258 -4.86017
2.5243 -4.85924
2.52602 -4.8583
2.52773 -4.85737
2.52945 -4.85643
2.53117 -4.85549
2.53289 -4.85455
2.5346 -4.85362
2.53632 -4.85268
2.53803 -4.85174
2.53975 -4.8508
2.54146 -4.84986
2.54318 -4.84891
2.54489 -4.84797
2.54661 -4.84703
2.54832 -4.84609
2.55003 -4.84514
2.55174 -4.8442
2.55346 -4.84325
2.55517 -4.84231
2.55688 -4.84136
2.55859 -4.84041
2.5603 -4.83947
2.56201 -4.83852
2.56372 -4.83757
2.56543 -4.83662
2.56714 -4.83567
2.56885 -4.83472
2.57055 -4.83377
2.57226 -4.83282
2.57397 -4.83187
2.57568 -4.83091
2.57738 -4.82996
2.57909 -4.82901
2.58079 -4.82805
2.5825 -4.8271
2.5842 -4.82614
2.58591 -4.82518
2.58761 -4.82423
2.58931 -4.82327
2.59102 -4.82231
2.59272 -4.82135
2.59442 -4.82039
2.59612 -4.81943
2.59783 -4.81847
2.59953 -4.81751
2.60123 -4.81655
2.60293 -4.81558
2.60463 -4.81462
2.60633 -4.81366
2.60803 -4.81269
2.60972 -4.81173
2.61142 -4.81076
2.61312 -4.8098
2.61482 -4.80883
2.61651 -4.80786
2.61821 -4.80689
2.61991 -4.80593
2.6216 -4.80496
2.6233 -4.80399
2.62499 -4.80302
2.62669 -4.80205
2.62838 -4.80107
2.63008 -4.8001
2.63177 -4.79913
2.63346 -4.79816
2.63515 -4.79718
2.63685 -4.79621
2.63854 -4.79523
2.64023 -4.79426
2.64192 -4.79328
2.64361 -4.7923
2.6453 -4.79133
2.64699 -4.79035
2.64868 -4.78937
2.65037 -4.78839
2.65205 -4.78741
2.65374 -4.78643
2.65543 -4.78545
2.65712 -4.78447
2.6588 -4.78349
2.66049 -4.7825
2.66218 -4.78152
2.66386 -4.78054
2.66555 -4.77955
2.66723 -4.77857
2.66891 -4.77758
2.6706 -4.77659
2.67228 -4.77561
2.67396 -4.77462
2.67565 -4.77363
2.67733 -4.77264
2.67901 -4.77165
2.68069 -4.77066
2.68237 -4.76967
2.68405 -4.76868
2.68573 -4.76769
2.68741 -4.7667
2.68909 -4.76571
2.69077 -4.76471
2.69245 -4.76372
2.69412 -4.76272
2.6958 -4.76173
2.69748 -4.76073
2.69915 -4.75974
2.70083 -4.75874
2.70251 -4.75774
2.70418 -4.75674
2.70586 -4.75575
2.70753 -4.75475
2.7092 -4.75375
2.71088 -4.75275
2.71255 -4.75175
2.71422 -4.75074
2.7159 -4.74974
2.71757 -4.74874
2.71924 -4.74774
2.72091 -4.74673
2.72258 -4.74573
2.72425 -4.74472
2.72592 -4.74372
2.72759 -4.74271
2.72926 -4.7417
2.73093 -4.7407
2.7326 -4.73969
2.73426 -4.73868
2.73593 -4.73767
2.7376 -4.73666
2.73926 -4.73565
2.74093 -4.73464
2.74259 -4.73363
2.74426 -4.73262
2.74592 -4.7316
2.74759 -4.73059
2.74925 -4.72958
2.75091 -4.72856
2.75258 -4.72755
2.75424 -4.72653
2.7559 -4.72551
2.75756 -4.7245
2.75922 -4.72348
2.76088 -4.72246
2.76254 -4.72144
2.7642 -4.72043
2.76586 -4.71941
2.76752 -4.71839
2.76918 -4.71736
2.77084 -4.71634
2.7725 -4.71532
2.77415 -4.7143
2.77581 -4.71328
2.77747 -4.71225
2.77912 -4.71123
2.78078 -4.7102
2.78243 -4.70918
2.78409 -4.70815
2.78574 -4.70713
2.7874 -4.7061
2.78905 -4.70507
2.7907 -4.70404
2.79235 -4.70301
2.79401 -4.70198
2.79566 -4.70095
2.79731 -4.69992
2.79896 -4.69889
2.80061 -4.69786
2.80226 -4.69683
2.80391 -4.6958
2.80556 -4.69476
2.80721 -4.69373
2.80886 -4.69269
2.8105 -4.69166
2.81215 -4.69062
2.8138 -4.68959
2.81544 -4.68855
2.81709 -4.68751
2.81873 -4.68647
2.82038 -4.68544
2.82202 -4.6844
2.82367 -4.68336
2.82531 -4.68232
2.82695 -4.68128
2.8286 -4.68023
2.83024 -4.67919
2.83188 -4.67815
2.83352 -4.67711
2.83516 -4.67606
2.8368 -4.67502
2.83844 -4.67397
2.84008 -4.67293
2.84172 -4.67188
2.84336 -4.67084
2.845 -4.66979
2.84664 -4.66874
2.84828 -4.66769
2.84991 -4.66664
2.85155 -4.66559
2.85319 -4.66454
2.85482 -4.66349
2.85646 -4.66244
2.85809 -4.66139
2.85973 -4.66034
2.86136 -4.65929
2.86299 -4.65823
2.86463 -4.65718
2.86626 -4.65613
2.86789 -4.65507
2.86952 -4.65401
2.87115 -4.65296
2.87278 -4.6519
2.87442 -4.65084
2.87605 -4.64979
2.87767 -4.64873
2.8793 -4.64767
2.88093 -4.64661
2.88256 -4.64555
2.88419 -4.64449
2.88582 -4.64343
2.88744 -4.64237
2.88907 -4.6413
2.89069 -4.64024
2.89232 -4.63918
2.89394 -4.63811
2.89557 -4.63705
2.89719 -4.63598
2.89882 -4.63492
2.90044 -4.63385
2.90206 -4.63279
2.90368 -4.63172
2.90531 -4.63065
2.90693 -4.62958
2.90855 -4.62851
2.91017 -4.62744
2.91179 -4.62637
2.91341 -4.6253
2.91503 -4.62423
2.91665 -4.62316
2.91826 -4.62209
2.91988 -4.62101
2.9215 -4.61994
2.92312 -4.61887
2.92473 -4.61779
2.92635 -4.61672
2.92796 -4.61564
2.92958 -4.61456
2.93119 -4.61349
2.93281 -4.61241
2.93442 -4.61133
2.93603 -4.61025
2.93765 -4.60917
2.93926 -4.6081
2.94087 -4.60702
2.94248 -4.60593
2.94409 -4.60485
2.9457 -4.60377
2.94731 -4.60269
2.94892 -4.60161
2.95053 -4.60052
2.95214 -4.59944
2.95375 -4.59835
2.95536 -4.59727
2.95696 -4.59618
2.95857 -4.5951
2.96018 -4.59401
2.96178 -4.59292
2.96339 -4.59184
2.96499 -4.59075
2.9666 -4.58966
2.9682 -4.58857
2.96981 -4.58748
2.97141 -4.58639
2.97301 -4.5853
2.97461 -4.58421
2.97622 -4.58311
2.97782 -4.58202
2.97942 -4.58093
2.98102 -4.57983
2.98262 -4.57874
2.98422 -4.57764
2.98582 -4.57655
2.98741 -4.57545
2.98901 -4.57436
2.99061 -4.57326
2.99221 -4.57216
2.9938 -4.57106
2.9954 -4.56996
2.997 -4.56886
2.99859 -4.56776
3.00019 -4.56666
3.00178 -4.56556
3.00337 -4.56446
3.00497 -4.56336
3.00656 -4.56226
3.00815 -4.56115
3.00974 -4.56005
3.01134 -4.55895
3.01293 -4.55784
3.01452 -4.55674
3.01611 -4.55563
3.0177 -4.55452
3.01929 -4.55342
3.02088 -4.55231
3.02246 -4.5512
3.02405 -4.55009
3.02564 -4.54898
3.02723 -4.54787
3.02881 -4.54676
3.0304 -4.54565
3.03198 -4.54454
3.03357 -4.54343
3.03515 -4.54232
3.03674 -4.5412
3.03832 -4.54009
3.0399 -4.53898
3.04149 -4.53786
3.04307 -4.53675
3.04465 -4.53563
3.04623 -4.53451
3.04781 -4.5334
3.04939 -4.53228
3.05097 -4.53116
3.05255 -4.53005
3.05413 -4.52893
3.05571 -4.52781
3.05729 -4.52669
3.05886 -4.52557
3.06044 -4.52445
3.06202 -4.52332
3.06359 -4.5222
3.06517 -4.52108
3.06674 -4.51996
3.06832 -4.51883
3.06989 -4.51771
3.07147 -4.51658
3.07304 -4.51546
3.07461 -4.51433
3.07618 -4.51321
3.07775 -4.51208
3.07933 -4.51095
3.0809 -4.50982
3.08247 -4.5087
3.08404 -4.50757
3.08561 -4.50644
3.08718 -4.50531
3.08874 -4.50418
3.09031 -4.50305
3.09188 -4.50191
3.09345 -4.50078
3.09501 -4.49965
3.09658 -4.49852
3.09814 -4.49738
3.09971 -4.49625
3.10127 -4.49511
3.10284 -4.49398
3.1044 -4.49284
3.10596 -4.49171
3.10753 -4.49057
3.10909 -4.48943
3.11065 -4.48829
3.11221 -4.48716
3.11377 -4.48602
3.11533 -4.48488
3.11689 -4.48374
3.11845 -4.4826
3.12001 -4.48145
3.12157 -4.48031
3.12313 -4.47917
3.12468 -4.47803
3.12624 -4.47688
3.1278 -4.47574
3.12935 -4.4746
3.13091 -4.47345
3.13246 -4.47231
3.13402 -4.47116
3.13557 -4.47001
3.13712 -4.46887
3.13868 -4.46772
3.14023 -4.46657
3.14178 -4.46542
3.14333 -4.46427
3.14488 -4.46312
3.14644 -4.46197
3.14799 -4.46082
3.14953 -4.45967
3.15108 -4.45852
3.15263 -4.45737
3.15418 -4.45622
3.15573 -4.45506
3.15728 -4.45391
3.15882 -4.45276
3.16037 -4.4516
3.16191 -4.45045
3.16346 -4.44929
3.165 -4.44813
3.16655 -4.44698
3.16809 -4.44582
3.16963 -4.44466
3.17118 -4.4435
3.17272 -4.44234
3.17426 -4.44118
3.1758 -4.44002
3.17734 -4.43886
3.17888 -4.4377
3.18042 -4.43654
3.18196 -4.43538
3.1835 -4.43422
3.18504 -4.43305
3.18658 -4.43189
3.18812 -4.43073
3.18965 -4.42956
3.19119 -4.4284
3.19272 -4.42723
3.19426 -4.42606
3.19579 -4.4249
3.19733 -4.42373
3.19886 -4.42256
3.2004 -4.42139
3.20193 -4.42023
3.20346 -4.41906
3.20499 -4.41789
3.20652 -4.41672
3.20806 -4.41555
3.20959 -4.41437
3.21112 -4.4132
3.21265 -4.41203
3.21417 -4.41086
3.2157 -4.40968
3.21723 -4.40851
3.21876 -4.40733
3.22029 -4.40616
3.22181 -4.40498
3.22334 -4.40381
3.22486 -4.40263
3.22639 -4.40146
3.22791 -4.40028
3.22944 -4.3991
3.23096 -4.39792
3.23248 -4.39674
3.23401 -4.39556
3.23553 -4.39438
3.23705 -4.3932
3.23857 -4.39202
3.24009 -4.39084
3.24161 -4.38966
3.24313 -4.38847
3.24465 -4.38729
3.24617 -4.38611
3.24769 -4.38492
3.2492 -4.38374
3.25072 -4.38255
3.25224 -4.38137
3.25375 -4.38018
3.25527 -4.379
3.25678 -4.37781
3.2583 -4.37662
3.25981 -4.37543
3.26133 -4.37424
3.26284 -4.37305
3.26435 -4.37186
3.26586 -4.37067
3.26737 -4.36948
3.26889 -4.36829
3.2704 -4.3671
3.27191 -4.36591
3.27342 -4.36471
3.27492 -4.36352
3.27643 -4.36233
3.27794 -4.36113
3.27945 -4.35994
3.28096 -4.35874
3.28246 -4.35755
3.28397 -4.35635
3.28547 -4.35515
3.28698 -4.35396
3.28848 -4.35276
3.28999 -4.35156
3.29149 -4.35036
3.29299 -4.34916
3.2945 -4.34796
3.296 -4.34676
3.2975 -4.34556
3.299 -4.34436
3.3005 -4.34316
3.302 -4.34196
3.3035 -4.34075
3.305 -4.33955
3.3065 -4.33835
3.30799 -4.33714
3.30949 -4.33594
3.31099 -4.33473
3.31249 -4.33352
3.31398 -4.33232
3.31548 -4.33111
3.31697 -4.3299
3.31847 -4.3287
3.31996 -4.32749
3.32145 -4.32628
3.32295 -4.32507
3.32444 -4.32386
3.32593 -4.32265
3.32742 -4.32144
3.32891 -4.32023
3.3304 -4.31901
3.33189 -4.3178
3.33338 -4.31659
3.33487 -4.31538
3.33636 -4.31416
3.33785 -4.31295
3.33933 -4.31173
3.34082 -4.31052
3.34231 -4.3093
3.34379 -4.30808
3.34528 -4.30687
3.34676 -4.30565
3.34825 -4.30443
3.34973 -4.30321
3.35121 -4.30199
3.3527 -4.30078
3.35418 -4.29956
3.35566 -4.29834
3.35714 -4.29711
3.35862 -4.29589
3.3601 -4.29467
3.36158 -4.29345
3.36306 -4.29223
3.36454 -4.291
3.36602 -4.28978
3.36749 -4.28855
3.36897 -4.28733
3.37045 -4.2861
3.37192 -4.28488
3.3734 -4.28365
3.37487 -4.28242
3.37635 -4.2812
3.37782 -4.27997
3.3793 -4.27874
3.38077 -4.27751
3.38224 -4.27628
3.38371 -4.27505
3.38518 -4.27382
3.38666 -4.27259
3.38813 -4.27136
3.3896 -4.27013
3.39107 -4.2689
3.39253 -4.26766
3.394 -4.26643
3.39547 -4.2652
3.39694 -4.26396
3.3984 -4.26273
3.39987 -4.26149
3.40134 -4.26026
3.4028 -4.25902
3.40427 -4.25778
3.40573 -4.25654
3.40719 -4.25531
3.40866 -4.25407
3.41012 -4.25283
3.41158 -4.25159
3.41304 -4.25035
3.4145 -4.24911
3.41597 -4.24787
3.41743 -4.24663
3.41889 -4.24539
3.42034 -4.24414
3.4218 -4.2429
3.42326 -4.24166
3.42472 -4.24041
3.42618 -4.23917
3.42763 -4.23793
3.42909 -4.23668
3.43054 -4.23544
3.432 -4.23419
3.43345 -4.23294
3.43491 -4.2317
3.43636 -4.23045
3.43781 -4.2292
3.43927 -4.22795
3.44072 -4.2267
3.44217 -4.22545
3.44362 -4.2242
3.44507 -4.22295
3.44652 -4.2217
3.44797 -4.22045
3.44942 -4.2192
3.45087 -4.21794
3.45231 -4.21669
3.45376 -4.21544
3.45521 -4.21418
3.45665 -4.21293
3.4581 -4.21167
3.45954 -4.21042
3.46099 -4.20916
3.46243 -4.20791
3.46388 -4.20665
3.46532 -4.20539
3.46676 -4.20413
3.46821 -4.20288
3.46965 -4.20162
3.47109 -4.20036
3.47253 -4.1991
3.47397 -4.19784
3.47541 -4.19658
3.47685 -4.19532
3.47829 -4.19405
3.47972 -4.19279
3.48116 -4.19153
3.4826 -4.19027
3.48403 -4.189
3.48547 -4.18774
3.4869 -4.18647
3.48834 -4.18521
3.48977 -4.18394
3.49121 -4.18268
3.49264 -4.18141
3.49407 -4.18014
3.49551 -4.17887
3.49694 -4.17761
3.49837 -4.17634
3.4998 -4.17507
3.50123 -4.1738
3.50266 -4.17253
3.50409 -4.17126
3.50552 -4.16999
3.50695 -4.16872
3.50837 -4.16744
3.5098 -4.16617
3.51123 -4.1649
3.51265 -4.16362
3.51408 -4.16235
3.5155 -4.16108
3.51693 -4.1598
3.51835 -4.15853
3.51977 -4.15725
3.5212 -4.15597
3.52262 -4.1547
3.52404 -4.15342
3.52546 -4.15214
3.52688 -4.15086
3.5283 -4.14959
3.52972 -4.14831
3.53114 -4.14703
3.53256 -4.14575
3.53398 -4.14447
3.5354 -4.14318
3.53682 -4.1419
3.53823 -4.14062
3.53965 -4.13934
3.54106 -4.13806
3.54248 -4.13677
3.54389 -4.13549
3.54531 -4.1342
3.54672 -4.13292
3.54813 -4.13163
3.54955 -4.13035
3.55096 -4.12906
3.55237 -4.12777
3.55378 -4.12649
3.55519 -4.1252
3.5566 -4.12391
3.55801 -4.12262
3.55942 -4.12133
3.56083 -4.12004
3.56224 -4.11875
3.56364 -4.11746
3.56505 -4.11617
3.56646 -4.11488
3.56786 -4.11359
3.56927 -4.11229
3.57067 -4.111
3.57208 -4.10971
3.57348 -4.10841
3.57488 -4.10712
3.57629 -4.10582
3.57769 -4.10453
3.57909 -4.10323
3.58049 -4.10194
3.58189 -4.10064
3.58329 -4.09934
3.58469 -4.09804
3.58609 -4.09675
3.58749 -4.09545
3.58889 -4.09415
3.59028 -4.09285
3.59168 -4.09155
3.59308 -4.09025
3.59447 -4.08895
3.59587 -4.08765
3.59726 -4.08634
3.59866 -4.08504
3.60005 -4.08374
3.60144 -4.08243
3.60284 -4.08113
3.60423 -4.07983
3.60562 -4.07852
3.60701 -4.07722
3.6084 -4.07591
3.60979 -4.0746
3.61118 -4.0733
3.61257 -4.07199
3.61396 -4.07068
3.61535 -4.06937
3.61673 -4.06807
3.61812 -4.06676
3.61951 -4.06545
3.62089 -4.06414
3.62228 -4.06283
3.62366 -4.06152
3.62505 -4.0602
3.62643 -4.05889
3.62781 -4.05758
3.6292 -4.05627
3.63058 -4.05495
3.63196 -4.05364
3.63334 -4.05233
3.63472 -4.05101
3.6361 -4.0497
3.63748 -4.04838
3.63886 -4.04706
3.64024 -4.04575
3.64162 -4.04443
3.643 -4.04311
3.64437 -4.0418
3.64575 -4.04048
3.64713 -4.03916
3.6485 -4.03784
3.64988 -4.03652
3.65125 -4.0352
3.65262 -4.03388
3.654 -4.03256
3.65537 -4.03124
3.65674 -4.02991
3.65811 -4.02859
3.65948 -4.02727
3.66086 -4.02595
3.66223 -4.02462
3.66359 -4.0233
3.66496 -4.02197
3.66633 -4.02065
3.6677 -4.01932
3.66907 -4.01799
3.67043 -4.01667
3.6718 -4.01534
3.67317 -4.01401
3.67453 -4.01269
3.6759 -4.01136
3.67726 -4.01003
3.67863 -4.0087
3.67999 -4.00737
3.68135 -4.00604
3.68271 -4.00471
3.68408 -4.00338
3.68544 -4.00204
3.6868 -4.00071
3.68816 -3.99938
3.68952 -3.99805
3.69088 -3.99671
3.69223 -3.99538
3.69359 -3.99405
3.69495 -3.99271
3.69631 -3.99137
3.69766 -3.99004
3.69902 -3.9887
3.70037 -3.98737
3.70173 -3.98603
