-4.47105e+09 -950400
-4.47105e+09 -1.9008e+06
-4.47105e+09 -2.8512e+06
-4.47105e+09 -3.8016e+06
-4.47105e+09 -4.752e+06
-4.47105e+09 -5.7024e+06
-4.47105e+09 -6.6528e+06
-4.47104e+09 -7.6032e+06
-4.47104e+09 -8.55359e+06
-4.47104e+09 -9.50399e+06
-4.47104e+09 -1.04544e+07
-4.47104e+09 -1.14048e+07
-4.47103e+09 -1.23552e+07
-4.47103e+09 -1.33056e+07
-4.47103e+09 -1.4256e+07
-4.47102e+09 -1.52064e+07
-4.47102e+09 -1.61568e+07
-4.47102e+09 -1.71072e+07
-4.47101e+09 -1.80576e+07
-4.47101e+09 -1.90079e+07
-4.47101e+09 -1.99583e+07
-4.471e+09 -2.09087e+07
-4.471e+09 -2.18591e+07
-4.47099e+09 -2.28095e+07
-4.47099e+09 -2.37599e+07
-4.47098e+09 -2.47103e+07
-4.47098e+09 -2.56607e+07
-4.47097e+09 -2.6611e+07
-4.47097e+09 -2.75614e+07
-4.47096e+09 -2.85118e+07
-4.47095e+09 -2.94622e+07
-4.47095e+09 -3.04126e+07
-4.47094e+09 -3.13629e+07
-4.47094e+09 -3.23133e+07
-4.47093e+09 -3.32637e+07
-4.47092e+09 -3.42141e+07
-4.47091e+09 -3.51644e+07
-4.47091e+09 -3.61148e+07
-4.4709e+09 -3.70652e+07
-4.47089e+09 -3.80155e+07
-4.47088e+09 -3.89659e+07
-4.47087e+09 -3.99163e+07
-4.47087e+09 -4.08666e+07
-4.47086e+09 -4.1817e+07
-4.47085e+09 -4.27674e+07
-4.47084e+09 -4.37177e+07
-4.47083e+09 -4.46681e+07
-4.47082e+09 -4.56184e+07
-4.47081e+09 -4.65688e+07
-4.4708e+09 -4.75191e+07
-4.47079e+09 -4.84695e+07
-4.47078e+09 -4.94198e+07
-4.47077e+09 -5.03702e+07
-4.47076e+09 -5.13205e+07
-4.47075e+09 -5.22708e+07
-4.47074e+09 -5.32212e+07
-4.47073e+09 -5.41715e+07
-4.47072e+09 -5.51218e+07
-4.4707e+09 -5.60722e+07
-4.47069e+09 -5.70225e+07
-4.47068e+09 -5.79728e+07
-4.47067e+09 -5.89231e+07
-4.47066e+09 -5.98734e+07
-4.47064e+09 -6.08238e+07
-4.47063e+09 -6.17741e+07
-4.47062e+09 -6.27244e+07
-4.4706e+09 -6.36747e+07
-4.47059e+09 -6.4625e+07
-4.47058e+09 -6.55753e+07
-4.47056e+09 -6.65256e+07
-4.47055e+09 -6.74759e+07
-4.47054e+09 -6.84262e+07
-4.47052e+09 -6.93765e+07
-4.47051e+09 -7.03267e+07
-4.47049e+09 -7.1277e+07
-4.47048e+09 -7.22273e+07
-4.47046e+09 -7.31776e+07
-4.47045e+09 -7.41279e+07
-4.47043e+09 -7.50781e+07
-4.47041e+09 -7.60284e+07
-4.4704e+09 -7.69787e+07
-4.47038e+09 -7.79289e+07
-4.47037e+09 -7.88792e+07
-4.47035e+09 -7.98294e+07
-4.47033e+09 -8.07797e+07
-4.47032e+09 -8.17299e+07
-4.4703e+09 -8.26802e+07
-4.47028e+09 -8.36304e+07
-4.47026e+09 -8.45806e+07
-4.47025e+09 -8.55309e+07
-4.47023e+09 -8.64811e+07
-4.47021e+09 -8.74313e+07
-4.47019e+09 -8.83815e+07
-4.47017e+09 -8.93317e+07
-4.47015e+09 -9.0282e+07
-4.47014e+09 -9.12322e+07
-4.47012e+09 -9.21824e+07
-4.4701e+09 -9.31326e+07
-4.47008e+09 -9.40828e+07
-4.47006e+09 -9.5033e+07
-4.47004e+09 -9.59831e+07
-4.47002e+09 -9.69333e+07
-4.47e+09 -9.78835e+07
-4.46998e+09 -9.88337e+07
-4.46996e+09 -9.97838e+07
-4.46993e+09 -1.00734e+08
-4.46991e+09 -1.01684e+08
-4.46989e+09 -1.02634e+08
-4.46987e+09 -1.03584e+08
-4.46985e+09 -1.04535e+08
-4.46983e+09 -1.05485e+08
-4.46981e+09 -1.06435e+08
-4.46978e+09 -1.07385e+08
-4.46976e+09 -1.08335e+08
-4.46974e+09 -1.09285e+08
-4.46971e+09 -1.10235e+08
-4.46969e+09 -1.11186e+08
-4.46967e+09 -1.12136e+08
-4.46964e+09 -1.13086e+08
-4.46962e+09 -1.14036e+08
-4.4696e+09 -1.14986e+08
-4.46957e+09 -1.15936e+08
-4.46955e+09 -1.16886e+08
-4.46952e+09 -1.17836e+08
-4.4695e+09 -1.18786e+08
-4.46947e+09 -1.19736e+08
-4.46945e+09 -1.20686e+08
-4.46942e+09 -1.21636e+08
-4.4694e+09 -1.22586e+08
-4.46937e+09 -1.23537e+08
-4.46935e+09 -1.24487e+08
-4.46932e+09 -1.25437e+08
-4.46929e+09 -1.26387e+08
-4.46927e+09 -1.27337e+08
-4.46924e+09 -1.28287e+08
-4.46921e+09 -1.29237e+08
-4.46919e+09 -1.30187e+08
-4.46916e+09 -1.31137e+08
-4.46913e+09 -1.32087e+08
-4.4691e+09 -1.33037e+08
-4.46908e+09 -1.33987e+08
-4.46905e+09 -1.34937e+08
-4.46902e+09 -1.35887e+08
-4.46899e+09 -1.36837e+08
-4.46896e+09 -1.37787e+08
-4.46893e+09 -1.38736e+08
-4.46891e+09 -1.39686e+08
-4.46888e+09 -1.40636e+08
-4.46885e+09 -1.41586e+08
-4.46882e+09 -1.42536e+08
-4.46879e+09 -1.43486e+08
-4.46876e+09 -1.44436e+08
-4.46873e+09 -1.45386e+08
-4.4687e+09 -1.46336e+08
-4.46867e+09 -1.47286e+08
-4.46864e+09 -1.48236e+08
-4.4686e+09 -1.49186e+08
-4.46857e+09 -1.50135e+08
-4.46854e+09 -1.51085e+08
-4.46851e+09 -1.52035e+08
-4.46848e+09 -1.52985e+08
-4.46845e+09 -1.53935e+08
-4.46841e+09 -1.54885e+08
-4.46838e+09 -1.55835e+08
-4.46835e+09 -1.56784e+08
-4.46832e+09 -1.57734e+08
-4.46828e+09 -1.58684e+08
-4.46825e+09 -1.59634e+08
-4.46822e+09 -1.60584e+08
-4.46818e+09 -1.61533e+08
-4.46815e+09 -1.62483e+08
-4.46811e+09 -1.63433e+08
-4.46808e+09 -1.64383e+08
-4.46805e+09 -1.65332e+08
-4.46801e+09 -1.66282e+08
-4.46798e+09 -1.67232e+08
-4.46794e+09 -1.68182e+08
-4.46791e+09 -1.69131e+08
-4.46787e+09 -1.70081e+08
-4.46784e+09 -1.71031e+08
-4.4678e+09 -1.71981e+08
-4.46776e+09 -1.7293e+08
-4.46773e+09 -1.7388e+08
-4.46769e+09 -1.7483e+08
-4.46765e+09 -1.75779e+08
-4.46762e+09 -1.76729e+08
-4.46758e+09 -1.77679e+08
-4.46754e+09 -1.78628e+08
-4.46751e+09 -1.79578e+08
-4.46747e+09 -1.80528e+08
-4.46743e+09 -1.81477e+08
-4.46739e+09 -1.82427e+08
-4.46735e+09 -1.83377e+08
-4.46732e+09 -1.84326e+08
-4.46728e+09 -1.85276e+08
-4.46724e+09 -1.86225e+08
-4.4672e+09 -1.87175e+08
-4.46716e+09 -1.88124e+08
-4.46712e+09 -1.89074e+08
-4.46708e+09 -1.90024e+08
-4.46704e+09 -1.90973e+08
-4.467e+09 -1.91923e+08
-4.46696e+09 -1.92872e+08
-4.46692e+09 -1.93822e+08
-4.46688e+09 -1.94771e+08
-4.46684e+09 -1.95721e+08
-4.4668e+09 -1.9667e+08
-4.46676e+09 -1.9762e+08
-4.46672e+09 -1.98569e+08
-4.46667e+09 -1.99519e+08
-4.46663e+09 -2.00468e+08
-4.46659e+09 -2.01418e+08
-4.46655e+09 -2.02367e+08
-4.46651e+09 -2.03317e+08
-4.46646e+09 -2.04266e+08
-4.46642e+09 -2.05215e+08
-4.46638e+09 -2.06165e+08
-4.46633e+09 -2.07114e+08
-4.46629e+09 -2.08064e+08
-4.46625e+09 -2.09013e+08
-4.4662e+09 -2.09962e+08
-4.46616e+09 -2.10912e+08
-4.46612e+09 -2.11861e+08
-4.46607e+09 -2.1281e+08
-4.46603e+09 -2.1376e+08
-4.46598e+09 -2.14709e+08
-4.46594e+09 -2.15658e+08
-4.46589e+09 -2.16608e+08
-4.46585e+09 -2.17557e+08
-4.4658e+09 -2.18506e+08
-4.46576e+09 -2.19456e+08
-4.46571e+09 -2.20405e+08
-4.46566e+09 -2.21354e+08
-4.46562e+09 -2.22303e+08
-4.46557e+09 -2.23253e+08
-4.46552e+09 -2.24202e+08
-4.46548e+09 -2.25151e+08
-4.46543e+09 -2.261e+08
-4.46538e+09 -2.27049e+08
-4.46534e+09 -2.27999e+08
-4.46529e+09 -2.28948e+08
-4.46524e+09 -2.29897e+08
-4.46519e+09 -2.30846e+08
-4.46514e+09 -2.31795e+08
-4.4651e+09 -2.32744e+08
-4.46505e+09 -2.33693e+08
-4.465e+09 -2.34643e+08
-4.46495e+09 -2.35592e+08
-4.4649e+09 -2.36541e+08
-4.46485e+09 -2.3749e+08
-4.4648e+09 -2.38439e+08
-4.46475e+09 -2.39388e+08
-4.4647e+09 -2.40337e+08
-4.46465e+09 -2.41286e+08
-4.4646e+09 -2.42235e+08
-4.46455e+09 -2.43184e+08
-4.4645e+09 -2.44133e+08
-4.46445e+09 -2.45082e+08
-4.4644e+09 -2.46031e+08
-4.46434e+09 -2.4698e+08
-4.46429e+09 -2.47929e+08
-4.46424e+09 -2.48878e+08
-4.46419e+09 -2.49827e+08
-4.46414e+09 -2.50776e+08
-4.46408e+09 -2.51725e+08
-4.46403e+09 -2.52674e+08
-4.46398e+09 -2.53623e+08
-4.46393e+09 -2.54571e+08
-4.46387e+09 -2.5552e+08
-4.46382e+09 -2.56469e+08
-4.46376e+09 -2.57418e+08
-4.46371e+09 -2.58367e+08
-4.46366e+09 -2.59316e+08
-4.4636e+09 -2.60265e+08
-4.46355e+09 -2.61213e+08
-4.46349e+09 -2.62162e+08
-4.46344e+09 -2.63111e+08
-4.46338e+09 -2.6406e+08
-4.46333e+09 -2.65008e+08
-4.46327e+09 -2.65957e+08
-4.46322e+09 -2.66906e+08
-4.46316e+09 -2.67855e+08
-4.46311e+09 -2.68803e+08
-4.46305e+09 -2.69752e+08
-4.46299e+09 -2.70701e+08
-4.46294e+09 -2.71649e+08
-4.46288e+09 -2.72598e+08
-4.46282e+09 -2.73547e+08
-4.46277e+09 -2.74495e+08
-4.46271e+09 -2.75444e+08
-4.46265e+09 -2.76393e+08
-4.46259e+09 -2.77341e+08
-4.46253e+09 -2.7829e+08
-4.46248e+09 -2.79238e+08
-4.46242e+09 -2.80187e+08
-4.46236e+09 -2.81136e+08
-4.4623e+09 -2.82084e+08
-4.46224e+09 -2.83033e+08
-4.46218e+09 -2.83981e+08
-4.46212e+09 -2.8493e+08
-4.46206e+09 -2.85878e+08
-4.462e+09 -2.86827e+08
-4.46194e+09 -2.87775e+08
-4.46188e+09 -2.88723e+08
-4.46182e+09 -2.89672e+08
-4.46176e+09 -2.9062e+08
-4.4617e+09 -2.91569e+08
-4.46164e+09 -2.92517e+08
-4.46158e+09 -2.93466e+08
-4.46152e+09 -2.94414e+08
-4.46146e+09 -2.95362e+08
-4.4614e+09 -2.96311e+08
-4.46133e+09 -2.97259e+08
-4.46127e+09 -2.98207e+08
-4.46121e+09 -2.99156e+08
-4.46115e+09 -3.00104e+08
-4.46108e+09 -3.01052e+08
-4.46102e+09 -3.02e+08
-4.46096e+09 -3.02949e+08
-4.46089e+09 -3.03897e+08
-4.46083e+09 -3.04845e+08
-4.46077e+09 -3.05793e+08
-4.4607e+09 -3.06742e+08
-4.46064e+09 -3.0769e+08
-4.46057e+09 -3.08638e+08
-4.46051e+09 -3.09586e+08
-4.46045e+09 -3.10534e+08
-4.46038e+09 -3.11482e+08
-4.46032e+09 -3.1243e+08
-4.46025e+09 -3.13379e+08
-4.46018e+09 -3.14327e+08
-4.46012e+09 -3.15275e+08
-4.46005e+09 -3.16223e+08
-4.45999e+09 -3.17171e+08
-4.45992e+09 -3.18119e+08
-4.45985e+09 -3.19067e+08
-4.45979e+09 -3.20015e+08
-4.45972e+09 -3.20963e+08
-4.45965e+09 -3.21911e+08
-4.45959e+09 -3.22859e+08
-4.45952e+09 -3.23807e+08
-4.45945e+09 -3.24755e+08
-4.45938e+09 -3.25703e+08
-4.45932e+09 -3.2665e+08
-4.45925e+09 -3.27598e+08
-4.45918e+09 -3.28546e+08
-4.45911e+09 -3.29494e+08
-4.45904e+09 -3.30442e+08
-4.45897e+09 -3.3139e+08
-4.4589e+09 -3.32338e+08
-4.45883e+09 -3.33285e+08
-4.45876e+09 -3.34233e+08
-4.45869e+09 -3.35181e+08
-4.45862e+09 -3.36129e+08
-4.45855e+09 -3.37076e+08
-4.45848e+09 -3.38024e+08
-4.45841e+09 -3.38972e+08
-4.45834e+09 -3.3992e+08
-4.45827e+09 -3.40867e+08
-4.4582e+09 -3.41815e+08
-4.45813e+09 -3.42763e+08
-4.45806e+09 -3.4371e+08
-4.45798e+09 -3.44658e+08
-4.45791e+09 -3.45605e+08
-4.45784e+09 -3.46553e+08
-4.45777e+09 -3.47501e+08
-4.4577e+09 -3.48448e+08
-4.45762e+09 -3.49396e+08
-4.45755e+09 -3.50343e+08
-4.45748e+09 -3.51291e+08
-4.4574e+09 -3.52238e+08
-4.45733e+09 -3.53186e+08
-4.45726e+09 -3.54133e+08
-4.45718e+09 -3.55081e+08
-4.45711e+09 -3.56028e+08
-4.45703e+09 -3.56975e+08
-4.45696e+09 -3.57923e+08
-4.45688e+09 -3.5887e+08
-4.45681e+09 -3.59818e+08
-4.45673e+09 -3.60765e+08
-4.45666e+09 -3.61712e+08
-4.45658e+09 -3.6266e+08
-4.45651e+09 -3.63607e+08
-4.45643e+09 -3.64554e+08
-4.45635e+09 -3.65501e+08
-4.45628e+09 -3.66449e+08
-4.4562e+09 -3.67396e+08
-4.45612e+09 -3.68343e+08
-4.45605e+09 -3.6929e+08
-4.45597e+09 -3.70237e+08
-4.45589e+09 -3.71185e+08
-4.45582e+09 -3.72132e+08
-4.45574e+09 -3.73079e+08
-4.45566e+09 -3.74026e+08
-4.45558e+09 -3.74973e+08
-4.4555e+09 -3.7592e+08
-4.45543e+09 -3.76867e+08
-4.45535e+09 -3.77814e+08
-4.45527e+09 -3.78761e+08
-4.45519e+09 -3.79708e+08
-4.45511e+09 -3.80655e+08
-4.45503e+09 -3.81602e+08
-4.45495e+09 -3.82549e+08
-4.45487e+09 -3.83496e+08
-4.45479e+09 -3.84443e+08
-4.45471e+09 -3.8539e+08
-4.45463e+09 -3.86337e+08
-4.45455e+09 -3.87284e+08
-4.45447e+09 -3.88231e+08
-4.45439e+09 -3.89178e+08
-4.4543e+09 -3.90124e+08
-4.45422e+09 -3.91071e+08
-4.45414e+09 -3.92018e+08
-4.45406e+09 -3.92965e+08
-4.45398e+09 -3.93912e+08
-4.4539e+09 -3.94858e+08
-4.45381e+09 -3.95805e+08
-4.45373e+09 -3.96752e+08
-4.45365e+09 -3.97698e+08
-4.45356e+09 -3.98645e+08
-4.45348e+09 -3.99592e+08
-4.4534e+09 -4.00538e+08
-4.45331e+09 -4.01485e+08
-4.45323e+09 -4.02432e+08
-4.45315e+09 -4.03378e+08
-4.45306e+09 -4.04325e+08
-4.45298e+09 -4.05271e+08
-4.45289e+09 -4.06218e+08
-4.45281e+09 -4.07164e+08
-4.45272e+09 -4.08111e+08
-4.45264e+09 -4.09057e+08
-4.45255e+09 -4.10004e+08
-4.45247e+09 -4.1095e+08
-4.45238e+09 -4.11897e+08
-4.45229e+09 -4.12843e+08
-4.45221e+09 -4.13789e+08
-4.45212e+09 -4.14736e+08
-4.45204e+09 -4.15682e+08
-4.45195e+09 -4.16628e+08
-4.45186e+09 -4.17575e+08
-4.45177e+09 -4.18521e+08
-4.45169e+09 -4.19467e+08
-4.4516e+09 -4.20414e+08
-4.45151e+09 -4.2136e+08
-4.45142e+09 -4.22306e+08
-4.45134e+09 -4.23252e+08
-4.45125e+09 -4.24198e+08
-4.45116e+09 -4.25145e+08
-4.45107e+09 -4.26091e+08
-4.45098e+09 -4.27037e+08
-4.45089e+09 -4.27983e+08
-4.4508e+09 -4.28929e+08
-4.45071e+09 -4.29875e+08
-4.45062e+09 -4.30821e+08
-4.45053e+09 -4.31767e+08
-4.45044e+09 -4.32713e+08
-4.45035e+09 -4.33659e+08
-4.45026e+09 -4.34605e+08
-4.45017e+09 -4.35551e+08
-4.45008e+09 -4.36497e+08
-4.44999e+09 -4.37443e+08
-4.4499e+09 -4.38389e+08
-4.44981e+09 -4.39335e+08
-4.44971e+09 -4.4028e+08
-4.44962e+09 -4.41226e+08
-4.44953e+09 -4.42172e+08
-4.44944e+09 -4.43118e+08
-4.44935e+09 -4.44064e+08
-4.44925e+09 -4.45009e+08
-4.44916e+09 -4.45955e+08
-4.44907e+09 -4.46901e+08
-4.44897e+09 -4.47847e+08
-4.44888e+09 -4.48792e+08
-4.44879e+09 -4.49738e+08
-4.44869e+09 -4.50683e+08
-4.4486e+09 -4.51629e+08
-4.4485e+09 -4.52575e+08
-4.44841e+09 -4.5352e+08
-4.44831e+09 -4.54466e+08
-4.44822e+09 -4.55411e+08
-4.44812e+09 -4.56357e+08
-4.44803e+09 -4.57302e+08
-4.44793e+09 -4.58248e+08
-4.44784e+09 -4.59193e+08
-4.44774e+09 -4.60139e+08
-4.44765e+09 -4.61084e+08
-4.44755e+09 -4.62029e+08
-4.44745e+09 -4.62975e+08
-4.44736e+09 -4.6392e+08
-4.44726e+09 -4.64865e+08
-4.44716e+09 -4.65811e+08
-4.44707e+09 -4.66756e+08
-4.44697e+09 -4.67701e+08
-4.44687e+09 -4.68647e+08
-4.44677e+09 -4.69592e+08
-4.44667e+09 -4.70537e+08
-4.44658e+09 -4.71482e+08
-4.44648e+09 -4.72427e+08
-4.44638e+09 -4.73372e+08
-4.44628e+09 -4.74317e+08
-4.44618e+09 -4.75263e+08
-4.44608e+09 -4.76208e+08
-4.44598e+09 -4.77153e+08
-4.44588e+09 -4.78098e+08
-4.44578e+09 -4.79043e+08
-4.44568e+09 -4.79988e+08
-4.44558e+09 -4.80933e+08
-4.44548e+09 -4.81878e+08
-4.44538e+09 -4.82823e+08
-4.44528e+09 -4.83767e+08
-4.44518e+09 -4.84712e+08
-4.44508e+09 -4.85657e+08
-4.44498e+09 -4.86602e+08
-4.44488e+09 -4.87547e+08
-4.44477e+09 -4.88492e+08
-4.44467e+09 -4.89436e+08
-4.44457e+09 -4.90381e+08
-4.44447e+09 -4.91326e+08
-4.44437e+09 -4.92271e+08
-4.44426e+09 -4.93215e+08
-4.44416e+09 -4.9416e+08
-4.44406e+09 -4.95105e+08
-4.44395e+09 -4.96049e+08
-4.44385e+09 -4.96994e+08
-4.44375e+09 -4.97938e+08
-4.44364e+09 -4.98883e+08
-4.44354e+09 -4.99827e+08
-4.44343e+09 -5.00772e+08
-4.44333e+09 -5.01716e+08
-4.44322e+09 -5.02661e+08
-4.44312e+09 -5.03605e+08
-4.44301e+09 -5.0455e+08
-4.44291e+09 -5.05494e+08
-4.4428e+09 -5.06438e+08
-4.4427e+09 -5.07383e+08
-4.44259e+09 -5.08327e+08
-4.44249e+09 -5.09271e+08
-4.44238e+09 -5.10216e+08
-4.44227e+09 -5.1116e+08
-4.44217e+09 -5.12104e+08
-4.44206e+09 -5.13048e+08
-4.44195e+09 -5.13992e+08
-4.44185e+09 -5.14937e+08
-4.44174e+09 -5.15881e+08
-4.44163e+09 -5.16825e+08
-4.44152e+09 -5.17769e+08
-4.44141e+09 -5.18713e+08
-4.44131e+09 -5.19657e+08
-4.4412e+09 -5.20601e+08
-4.44109e+09 -5.21545e+08
-4.44098e+09 -5.22489e+08
-4.44087e+09 -5.23433e+08
-4.44076e+09 -5.24377e+08
-4.44065e+09 -5.25321e+08
-4.44054e+09 -5.26265e+08
-4.44043e+09 -5.27209e+08
-4.44032e+09 -5.28152e+08
-4.44021e+09 -5.29096e+08
-4.4401e+09 -5.3004e+08
-4.43999e+09 -5.30984e+08
-4.43988e+09 -5.31928e+08
-4.43977e+09 -5.32871e+08
-4.43966e+09 -5.33815e+08
-4.43955e+09 -5.34759e+08
-4.43944e+09 -5.35702e+08
-4.43932e+09 -5.36646e+08
-4.43921e+09 -5.37589e+08
-4.4391e+09 -5.38533e+08
-4.43899e+09 -5.39477e+08
-4.43888e+09 -5.4042e+08
-4.43876e+09 -5.41364e+08
-4.43865e+09 -5.42307e+08
-4.43854e+09 -5.43251e+08
-4.43842e+09 -5.44194e+08
-4.43831e+09 -5.45137e+08
-4.4382e+09 -5.46081e+08
-4.43808e+09 -5.47024e+08
-4.43797e+09 -5.47967e+08
-4.43785e+09 -5.48911e+08
-4.43774e+09 -5.49854e+08
-4.43762e+09 -5.50797e+08
-4.43751e+09 -5.51741e+08
-4.43739e+09 -5.52684e+08
-4.43728e+09 -5.53627e+08
-4.43716e+09 -5.5457e+08
-4.43705e+09 -5.55513e+08
-4.43693e+09 -5.56456e+08
-4.43682e+09 -5.57399e+08
-4.4367e+09 -5.58342e+08
-4.43658e+09 -5.59285e+08
-4.43647e+09 -5.60228e+08
-4.43635e+09 -5.61171e+08
-4.43623e+09 -5.62114e+08
-4.43611e+09 -5.63057e+08
-4.436e+09 -5.64e+08
-4.43588e+09 -5.64943e+08
-4.43576e+09 -5.65886e+08
-4.43564e+09 -5.66829e+08
-4.43553e+09 -5.67772e+08
-4.43541e+09 -5.68714e+08
-4.43529e+09 -5.69657e+08
-4.43517e+09 -5.706e+08
-4.43505e+09 -5.71543e+08
-4.43493e+09 -5.72485e+08
-4.43481e+09 -5.73428e+08
-4.43469e+09 -5.74371e+08
-4.43457e+09 -5.75313e+08
-4.43445e+09 -5.76256e+08
-4.43433e+09 -5.77198e+08
-4.43421e+09 -5.78141e+08
-4.43409e+09 -5.79083e+08
-4.43397e+09 -5.80026e+08
-4.43385e+09 -5.80968e+08
-4.43373e+09 -5.81911e+08
-4.43361e+09 -5.82853e+08
-4.43349e+09 -5.83795e+08
-4.43336e+09 -5.84738e+08
-4.43324e+09 -5.8568e+08
-4.43312e+09 -5.86622e+08
-4.433e+09 -5.87565e+08
-4.43287e+09 -5.88507e+08
-4.43275e+09 -5.89449e+08
-4.43263e+09 -5.90391e+08
-4.43251e+09 -5.91333e+08
-4.43238e+09 -5.92275e+08
-4.43226e+09 -5.93218e+08
-4.43213e+09 -5.9416e+08
-4.43201e+09 -5.95102e+08
-4.43189e+09 -5.96044e+08
-4.43176e+09 -5.96986e+08
-4.43164e+09 -5.97928e+08
-4.43151e+09 -5.9887e+08
-4.43139e+09 -5.99812e+08
-4.43126e+09 -6.00753e+08
-4.43114e+09 -6.01695e+08
-4.43101e+09 -6.02637e+08
-4.43089e+09 -6.03579e+08
-4.43076e+09 -6.04521e+08
-4.43063e+09 -6.05463e+08
-4.43051e+09 -6.06404e+08
-4.43038e+09 -6.07346e+08
-4.43026e+09 -6.08288e+08
-4.43013e+09 -6.09229e+08
-4.43e+09 -6.10171e+08
-4.42987e+09 -6.11112e+08
-4.42975e+09 -6.12054e+08
-4.42962e+09 -6.12996e+08
-4.42949e+09 -6.13937e+08
-4.42936e+09 -6.14879e+08
-4.42923e+09 -6.1582e+08
-4.42911e+09 -6.16761e+08
-4.42898e+09 -6.17703e+08
-4.42885e+09 -6.18644e+08
-4.42872e+09 -6.19586e+08
-4.42859e+09 -6.20527e+08
-4.42846e+09 -6.21468e+08
-4.42833e+09 -6.22409e+08
-4.4282e+09 -6.23351e+08
-4.42807e+09 -6.24292e+08
-4.42794e+09 -6.25233e+08
-4.42781e+09 -6.26174e+08
-4.42768e+09 -6.27115e+08
-4.42755e+09 -6.28056e+08
-4.42742e+09 -6.28997e+08
-4.42729e+09 -6.29939e+08
-4.42716e+09 -6.3088e+08
-4.42702e+09 -6.3182e+08
-4.42689e+09 -6.32761e+08
-4.42676e+09 -6.33702e+08
-4.42663e+09 -6.34643e+08
-4.4265e+09 -6.35584e+08
-4.42636e+09 -6.36525e+08
-4.42623e+09 -6.37466e+08
-4.4261e+09 -6.38407e+08
-4.42597e+09 -6.39347e+08
-4.42583e+09 -6.40288e+08
-4.4257e+09 -6.41229e+08
-4.42556e+09 -6.42169e+08
-4.42543e+09 -6.4311e+08
-4.4253e+09 -6.44051e+08
-4.42516e+09 -6.44991e+08
-4.42503e+09 -6.45932e+08
-4.42489e+09 -6.46872e+08
-4.42476e+09 -6.47813e+08
-4.42462e+09 -6.48753e+08
-4.42449e+09 -6.49694e+08
-4.42435e+09 -6.50634e+08
-4.42422e+09 -6.51574e+08
-4.42408e+09 -6.52515e+08
-4.42395e+09 -6.53455e+08
-4.42381e+09 -6.54395e+08
-4.42367e+09 -6.55336e+08
-4.42354e+09 -6.56276e+08
-4.4234e+09 -6.57216e+08
-4.42326e+09 -6.58156e+08
-4.42312e+09 -6.59096e+08
-4.42299e+09 -6.60037e+08
-4.42285e+09 -6.60977e+08
-4.42271e+09 -6.61917e+08
-4.42257e+09 -6.62857e+08
-4.42244e+09 -6.63797e+08
-4.4223e+09 -6.64737e+08
-4.42216e+09 -6.65677e+08
-4.42202e+09 -6.66617e+08
-4.42188e+09 -6.67556e+08
-4.42174e+09 -6.68496e+08
-4.4216e+09 -6.69436e+08
-4.42146e+09 -6.70376e+08
-4.42132e+09 -6.71316e+08
-4.42118e+09 -6.72255e+08
-4.42104e+09 -6.73195e+08
-4.4209e+09 -6.74135e+08
-4.42076e+09 -6.75074e+08
-4.42062e+09 -6.76014e+08
-4.42048e+09 -6.76953e+08
-4.42034e+09 -6.77893e+08
-4.4202e+09 -6.78833e+08
-4.42006e+09 -6.79772e+08
-4.41991e+09 -6.80711e+08
-4.41977e+09 -6.81651e+08
-4.41963e+09 -6.8259e+08
-4.41949e+09 -6.8353e+08
-4.41935e+09 -6.84469e+08
-4.4192e+09 -6.85408e+08
-4.41906e+09 -6.86348e+08
-4.41892e+09 -6.87287e+08
-4.41877e+09 -6.88226e+08
-4.41863e+09 -6.89165e+08
-4.41849e+09 -6.90104e+08
-4.41834e+09 -6.91043e+08
-4.4182e+09 -6.91983e+08
-4.41805e+09 -6.92922e+08
-4.41791e+09 -6.93861e+08
-4.41777e+09 -6.948e+08
-4.41762e+09 -6.95739e+08
-4.41748e+09 -6.96678e+08
-4.41733e+09 -6.97616e+08
-4.41719e+09 -6.98555e+08
-4.41704e+09 -6.99494e+08
-4.41689e+09 -7.00433e+08
-4.41675e+09 -7.01372e+08
-4.4166e+09 -7.0231e+08
-4.41646e+09 -7.03249e+08
-4.41631e+09 -7.04188e+08
-4.41616e+09 -7.05126e+08
-4.41601e+09 -7.06065e+08
-4.41587e+09 -7.07004e+08
-4.41572e+09 -7.07942e+08
-4.41557e+09 -7.08881e+08
-4.41543e+09 -7.09819e+08
-4.41528e+09 -7.10758e+08
-4.41513e+09 -7.11696e+08
-4.41498e+09 -7.12634e+08
-4.41483e+09 -7.13573e+08
-4.41468e+09 -7.14511e+08
-4.41453e+09 -7.15449e+08
-4.41439e+09 -7.16388e+08
-4.41424e+09 -7.17326e+08
-4.41409e+09 -7.18264e+08
-4.41394e+09 -7.19202e+08
-4.41379e+09 -7.2014e+08
-4.41364e+09 -7.21079e+08
-4.41349e+09 -7.22017e+08
-4.41334e+09 -7.22955e+08
-4.41319e+09 -7.23893e+08
-4.41303e+09 -7.24831e+08
-4.41288e+09 -7.25769e+08
-4.41273e+09 -7.26707e+08
-4.41258e+09 -7.27644e+08
-4.41243e+09 -7.28582e+08
-4.41228e+09 -7.2952e+08
-4.41213e+09 -7.30458e+08
-4.41197e+09 -7.31396e+08
-4.41182e+09 -7.32333e+08
-4.41167e+09 -7.33271e+08
-4.41152e+09 -7.34209e+08
-4.41136e+09 -7.35146e+08
-4.41121e+09 -7.36084e+08
-4.41106e+09 -7.37021e+08
-4.4109e+09 -7.37959e+08
-4.41075e+09 -7.38896e+08
-4.41059e+09 -7.39834e+08
-4.41044e+09 -7.40771e+08
-4.41029e+09 -7.41709e+08
-4.41013e+09 -7.42646e+08
-4.40998e+09 -7.43583e+08
-4.40982e+09 -7.44521e+08
-4.40967e+09 -7.45458e+08
-4.40951e+09 -7.46395e+08
-4.40936e+09 -7.47332e+08
-4.4092e+09 -7.48269e+08
-4.40904e+09 -7.49207e+08
-4.40889e+09 -7.50144e+08
-4.40873e+09 -7.51081e+08
-4.40858e+09 -7.52018e+08
-4.40842e+09 -7.52955e+08
-4.40826e+09 -7.53892e+08
-4.4081e+09 -7.54829e+08
-4.40795e+09 -7.55765e+08
-4.40779e+09 -7.56702e+08
-4.40763e+09 -7.57639e+08
-4.40747e+09 -7.58576e+08
-4.40732e+09 -7.59513e+08
-4.40716e+09 -7.60449e+08
-4.407e+09 -7.61386e+08
-4.40684e+09 -7.62323e+08
-4.40668e+09 -7.63259e+08
-4.40652e+09 -7.64196e+08
-4.40636e+09 -7.65132e+08
-4.4062e+09 -7.66069e+08
-4.40604e+09 -7.67005e+08
-4.40588e+09 -7.67942e+08
-4.40572e+09 -7.68878e+08
-4.40556e+09 -7.69815e+08
-4.4054e+09 -7.70751e+08
-4.40524e+09 -7.71687e+08
-4.40508e+09 -7.72623e+08
-4.40492e+09 -7.7356e+08
-4.40476e+09 -7.74496e+08
-4.4046e+09 -7.75432e+08
-4.40444e+09 -7.76368e+08
-4.40428e+09 -7.77304e+08
-4.40411e+09 -7.7824e+08
-4.40395e+09 -7.79176e+08
-4.40379e+09 -7.80112e+08
-4.40363e+09 -7.81048e+08
-4.40346e+09 -7.81984e+08
-4.4033e+09 -7.8292e+08
-4.40314e+09 -7.83856e+08
-4.40298e+09 -7.84792e+08
-4.40281e+09 -7.85728e+08
-4.40265e+09 -7.86663e+08
-4.40248e+09 -7.87599e+08
-4.40232e+09 -7.88535e+08
-4.40216e+09 -7.8947e+08
-4.40199e+09 -7.90406e+08
-4.40183e+09 -7.91342e+08
-4.40166e+09 -7.92277e+08
-4.4015e+09 -7.93213e+08
-4.40133e+09 -7.94148e+08
-4.40117e+09 -7.95083e+08
-4.401e+09 -7.96019e+08
-4.40083e+09 -7.96954e+08
-4.40067e+09 -7.9789e+08
-4.4005e+09 -7.98825e+08
-4.40034e+09 -7.9976e+08
-4.40017e+09 -8.00695e+08
-4.4e+09 -8.0163e+08
-4.39984e+09 -8.02566e+08
-4.39967e+09 -8.03501e+08
-4.3995e+09 -8.04436e+08
-4.39933e+09 -8.05371e+08
-4.39917e+09 -8.06306e+08
-4.399e+09 -8.07241e+08
-4.39883e+09 -8.08176e+08
-4.39866e+09 -8.09111e+08
-4.39849e+09 -8.10045e+08
-4.39832e+09 -8.1098e+08
-4.39816e+09 -8.11915e+08
-4.39799e+09 -8.1285e+08
-4.39782e+09 -8.13784e+08
-4.39765e+09 -8.14719e+08
-4.39748e+09 -8.15654e+08
-4.39731e+09 -8.16588e+08
-4.39714e+09 -8.17523e+08
-4.39697e+09 -8.18457e+08
-4.3968e+09 -8.19392e+08
-4.39663e+09 -8.20326e+08
-4.39646e+09 -8.21261e+08
-4.39628e+09 -8.22195e+08
-4.39611e+09 -8.23129e+08
-4.39594e+09 -8.24064e+08
-4.39577e+09 -8.24998e+08
-4.3956e+09 -8.25932e+08
-4.39543e+09 -8.26866e+08
-4.39525e+09 -8.27801e+08
-4.39508e+09 -8.28735e+08
-4.39491e+09 -8.29669e+08
-4.39474e+09 -8.30603e+08
-4.39456e+09 -8.31537e+08
-4.39439e+09 -8.32471e+08
-4.39422e+09 -8.33405e+08
-4.39404e+09 -8.34339e+08
-4.39387e+09 -8.35273e+08
-4.3937e+09 -8.36206e+08
-4.39352e+09 -8.3714e+08
-4.39335e+09 -8.38074e+08
-4.39317e+09 -8.39008e+08
-4.393e+09 -8.39941e+08
-4.39282e+09 -8.40875e+08
-4.39265e+09 -8.41808e+08
-4.39247e+09 -8.42742e+08
-4.3923e+09 -8.43676e+08
-4.39212e+09 -8.44609e+08
-4.39194e+09 -8.45542e+08
-4.39177e+09 -8.46476e+08
-4.39159e+09 -8.47409e+08
-4.39142e+09 -8.48343e+08
-4.39124e+09 -8.49276e+08
-4.39106e+09 -8.50209e+08
-4.39089e+09 -8.51142e+08
-4.39071e+09 -8.52076e+08
-4.39053e+09 -8.53009e+08
-4.39035e+09 -8.53942e+08
-4.39018e+09 -8.54875e+08
-4.39e+09 -8.55808e+08
-4.38982e+09 -8.56741e+08
-4.38964e+09 -8.57674e+08
-4.38946e+09 -8.58607e+08
-4.38928e+09 -8.5954e+08
-4.3891e+09 -8.60472e+08
-4.38893e+09 -8.61405e+08
-4.38875e+09 -8.62338e+08
