0.0217837 -10.18
0.0435672 -10.1799
0.0653505 -10.1798
0.0871333 -10.1796
0.108916 -10.1794
0.130697 -10.1791
0.152478 -10.1788
0.174258 -10.1784
0.196037 -10.178
0.217814 -10.1775
0.23959 -10.177
0.261365 -10.1764
0.283138 -10.1758
0.304909 -10.1752
0.326679 -10.1744
0.348446 -10.1737
0.370211 -10.1729
0.391974 -10.172
0.413734 -10.1711
0.435492 -10.1701
0.457247 -10.1691
0.478999 -10.168
0.500749 -10.1669
0.522495 -10.1658
0.544238 -10.1646
0.565977 -10.1633
0.587713 -10.162
0.609446 -10.1606
0.631174 -10.1592
0.652899 -10.1578
0.674619 -10.1563
0.696336 -10.1547
0.718048 -10.1531
0.739755 -10.1515
0.761458 -10.1498
0.783156 -10.148
0.80485 -10.1462
0.826538 -10.1443
0.848221 -10.1424
0.869899 -10.1405
0.891572 -10.1385
0.913239 -10.1365
0.9349 -10.1344
0.956556 -10.1322
0.978205 -10.13
0.999849 -10.1278
1.02149 -10.1255
1.04312 -10.1232
1.06474 -10.1208
1.08636 -10.1183
1.10797 -10.1158
1.12957 -10.1133
1.15117 -10.1107
1.17276 -10.1081
1.19435 -10.1054
1.21592 -10.1027
1.23749 -10.0999
1.25905 -10.0971
1.2806 -10.0942
1.30215 -10.0913
1.32368 -10.0883
1.34521 -10.0853
1.36673 -10.0822
1.38824 -10.0791
1.40975 -10.0759
1.43124 -10.0727
1.45273 -10.0694
1.4742 -10.0661
1.49567 -10.0627
1.51713 -10.0593
1.53858 -10.0559
1.56002 -10.0524
1.58145 -10.0488
1.60287 -10.0452
1.62428 -10.0415
1.64568 -10.0378
1.66707 -10.0341
1.68845 -10.0303
1.70982 -10.0264
1.73117 -10.0226
1.75252 -10.0186
1.77386 -10.0146
1.79519 -10.0106
1.8165 -10.0065
1.83781 -10.0024
1.8591 -9.99818
1.88038 -9.99395
1.90165 -9.98968
1.92291 -9.98535
1.94416 -9.98098
1.96539 -9.97656
1.98661 -9.97209
2.00782 -9.96757
2.02902 -9.96301
2.05021 -9.9584
2.07138 -9.95374
2.09254 -9.94903
2.11369 -9.94428
2.13482 -9.93948
2.15594 -9.93463
2.17705 -9.92973
2.19815 -9.92479
2.21923 -9.9198
2.2403 -9.91476
2.26135 -9.90968
2.28239 -9.90455
2.30342 -9.89937
2.32443 -9.89414
2.34543 -9.88887
2.36642 -9.88355
2.38739 -9.87818
2.40834 -9.87277
2.42928 -9.86731
2.45021 -9.8618
2.47112 -9.85625
2.49202 -9.85065
2.5129 -9.845
2.53376 -9.83931
2.55461 -9.83357
2.57545 -9.82778
2.59627 -9.82195
2.61707 -9.81607
2.63786 -9.81015
2.65863 -9.80417
2.67939 -9.79816
2.70012 -9.79209
2.72085 -9.78598
2.74155 -9.77983
2.76224 -9.77362
2.78292 -9.76738
2.80357 -9.76108
2.82421 -9.75474
2.84484 -9.74836
2.86544 -9.74192
2.88603 -9.73545
2.9066 -9.72892
2.92715 -9.72236
2.94769 -9.71574
2.96821 -9.70908
2.98871 -9.70238
3.00919 -9.69563
3.02965 -9.68883
3.0501 -9.68199
3.07053 -9.67511
3.09093 -9.66817
3.11133 -9.6612
3.1317 -9.65418
3.15205 -9.64711
3.17238 -9.64
3.1927 -9.63284
3.213 -9.62564
3.23327 -9.6184
3.25353 -9.61111
3.27377 -9.60377
3.29399 -9.59639
3.31418 -9.58897
3.33436 -9.5815
3.35452 -9.57399
3.37466 -9.56643
3.39478 -9.55883
3.41488 -9.55119
3.43496 -9.5435
3.45502 -9.53577
3.47505 -9.52799
3.49507 -9.52017
3.51507 -9.5123
3.53504 -9.50439
3.555 -9.49644
3.57493 -9.48844
3.59484 -9.48041
3.61473 -9.47232
3.6346 -9.4642
3.65445 -9.45603
3.67427 -9.44781
3.69408 -9.43956
3.71386 -9.43126
3.73362 -9.42291
3.75336 -9.41453
3.77307 -9.4061
3.79277 -9.39763
3.81244 -9.38911
3.83209 -9.38055
3.85171 -9.37195
3.87132 -9.36331
3.8909 -9.35462
3.91046 -9.3459
3.92999 -9.33713
3.9495 -9.32831
3.96899 -9.31946
3.98846 -9.31056
4.0079 -9.30162
4.02732 -9.29264
4.04671 -9.28362
4.06608 -9.27455
4.08543 -9.26544
4.10476 -9.2563
4.12405 -9.2471
4.14333 -9.23787
4.16258 -9.2286
4.18181 -9.21928
4.20101 -9.20993
4.22019 -9.20053
4.23934 -9.19109
4.25847 -9.18161
4.27757 -9.17209
4.29665 -9.16252
4.31571 -9.15292
4.33473 -9.14328
4.35374 -9.13359
4.37272 -9.12386
4.39167 -9.1141
4.4106 -9.10429
4.4295 -9.09444
4.44837 -9.08455
4.46723 -9.07462
4.48605 -9.06466
4.50485 -9.05465
4.52362 -9.0446
4.54237 -9.03451
4.56109 -9.02438
4.57978 -9.01421
4.59845 -9.004
4.61709 -8.99375
4.6357 -8.98347
4.65429 -8.97314
4.67285 -8.96277
4.69138 -8.95236
4.70989 -8.94192
4.72837 -8.93143
4.74682 -8.92091
4.76525 -8.91035
4.78365 -8.89974
4.80202 -8.8891
4.82036 -8.87842
4.83868 -8.8677
4.85696 -8.85695
4.87522 -8.84615
4.89346 -8.83532
4.91166 -8.82445
4.92984 -8.81353
4.94798 -8.80259
4.9661 -8.7916
4.9842 -8.78057
5.00226 -8.76951
5.02029 -8.75841
5.0383 -8.74727
5.05628 -8.73609
5.07423 -8.72488
5.09215 -8.71363
5.11004 -8.70234
5.1279 -8.69101
5.14573 -8.67965
5.16354 -8.66825
5.18131 -8.65681
5.19906 -8.64533
5.21677 -8.63382
5.23446 -8.62227
5.25211 -8.61069
5.26974 -8.59906
5.28734 -8.5874
5.30491 -8.57571
5.32245 -8.56398
5.33995 -8.55221
5.35743 -8.54041
5.37488 -8.52856
5.3923 -8.51669
5.40968 -8.50478
5.42704 -8.49283
5.44437 -8.48084
5.46166 -8.46882
5.47893 -8.45677
5.49616 -8.44468
5.51337 -8.43255
5.53054 -8.42039
5.54768 -8.40819
5.56479 -8.39596
5.58187 -8.38369
5.59892 -8.37139
5.61594 -8.35906
5.63293 -8.34668
5.64988 -8.33428
5.66681 -8.32184
5.6837 -8.30936
5.70056 -8.29685
5.71739 -8.28431
5.73419 -8.27173
5.75095 -8.25912
5.76769 -8.24647
5.78439 -8.23379
5.80106 -8.22108
5.8177 -8.20833
5.83431 -8.19555
5.85088 -8.18273
5.86742 -8.16988
5.88393 -8.157
5.90041 -8.14409
5.91685 -8.13114
5.93326 -8.11816
5.94964 -8.10514
5.96599 -8.09209
5.9823 -8.07901
5.99858 -8.0659
6.01483 -8.05276
6.03105 -8.03958
6.04723 -8.02637
6.06338 -8.01312
6.07949 -7.99985
6.09558 -7.98654
6.11163 -7.9732
6.12764 -7.95983
6.14362 -7.94643
6.15957 -7.93299
6.17549 -7.91953
6.19137 -7.90603
6.20722 -7.8925
6.22303 -7.87894
6.23882 -7.86535
6.25456 -7.85172
6.27028 -7.83807
6.28596 -7.82438
6.3016 -7.81067
6.31721 -7.79692
6.33279 -7.78314
6.34833 -7.76934
6.36384 -7.7555
6.37932 -7.74163
6.39476 -7.72773
6.41016 -7.7138
6.42553 -7.69984
6.44087 -7.68585
6.45617 -7.67183
6.47144 -7.65778
6.48667 -7.6437
6.50187 -7.62959
6.51703 -7.61545
6.53216 -7.60129
6.54725 -7.58709
6.56231 -7.57286
6.57733 -7.55861
6.59232 -7.54432
6.60728 -7.53001
6.62219 -7.51567
6.63708 -7.5013
6.65192 -7.4869
6.66673 -7.47247
6.68151 -7.45802
6.69625 -7.44353
6.71096 -7.42902
6.72563 -7.41448
6.74026 -7.39991
6.75486 -7.38531
6.76942 -7.37069
6.78395 -7.35603
6.79844 -7.34135
6.8129 -7.32665
6.82732 -7.31191
6.8417 -7.29715
6.85605 -7.28236
6.87036 -7.26754
6.88463 -7.2527
6.89887 -7.23783
6.91308 -7.22293
6.92724 -7.20801
6.94137 -7.19306
6.95547 -7.17808
6.96953 -7.16308
6.98355 -7.14805
6.99753 -7.13299
7.01148 -7.11791
7.02539 -7.1028
7.03927 -7.08767
7.0531 -7.07251
7.06691 -7.05732
7.08067 -7.04211
7.0944 -7.02688
7.10809 -7.01161
7.12175 -6.99633
7.13536 -6.98101
7.14894 -6.96568
7.16249 -6.95031
7.176 -6.93493
7.18946 -6.91951
7.2029 -6.90408
7.21629 -6.88862
7.22965 -6.87313
7.24297 -6.85762
7.25626 -6.84208
7.2695 -6.82653
7.28271 -6.81094
7.29588 -6.79534
7.30902 -6.7797
7.32211 -6.76405
7.33517 -6.74837
7.3482 -6.73267
7.36118 -6.71694
7.37413 -6.7012
7.38704 -6.68542
7.39991 -6.66963
7.41274 -6.65381
7.42554 -6.63797
7.4383 -6.62211
7.45102 -6.60622
7.4637 -6.59031
7.47634 -6.57438
7.48895 -6.55842
7.50152 -6.54245
7.51405 -6.52645
7.52654 -6.51043
7.539 -6.49438
7.55142 -6.47832
7.56379 -6.46223
7.57614 -6.44612
7.58844 -6.42999
7.6007 -6.41384
7.61293 -6.39767
7.62512 -6.38147
7.63727 -6.36526
7.64938 -6.34902
7.66145 -6.33276
7.67349 -6.31648
7.68548 -6.30018
7.69744 -6.28386
7.70936 -6.26752
7.72124 -6.25116
7.73308 -6.23478
7.74489 -6.21837
7.75665 -6.20195
7.76838 -6.18551
7.78007 -6.16905
7.79172 -6.15256
7.80333 -6.13606
7.8149 -6.11954
7.82643 -6.103
7.83793 -6.08644
7.84939 -6.06986
7.8608 -6.05325
7.87218 -6.03664
7.88352 -6.02
7.89482 -6.00334
7.90608 -5.98666
7.91731 -5.96997
7.92849 -5.95325
7.93964 -5.93652
7.95075 -5.91977
7.96181 -5.903
7.97284 -5.88621
7.98383 -5.86941
7.99478 -5.85259
8.00569 -5.83574
8.01657 -5.81888
8.0274 -5.80201
8.03819 -5.78511
8.04895 -5.7682
8.05967 -5.75127
8.07034 -5.73432
8.08098 -5.71736
8.09158 -5.70037
8.10214 -5.68337
8.11266 -5.66636
8.12314 -5.64932
8.13358 -5.63227
8.14399 -5.61521
8.15435 -5.59812
8.16467 -5.58102
8.17496 -5.56391
8.1852 -5.54678
8.19541 -5.52963
8.20558 -5.51246
8.21571 -5.49528
8.22579 -5.47809
8.23584 -5.46087
8.24585 -5.44365
8.25582 -5.4264
8.26575 -5.40914
8.27564 -5.39187
8.2855 -5.37458
8.29531 -5.35727
8.30508 -5.33995
8.31481 -5.32262
8.32451 -5.30527
8.33416 -5.2879
8.34378 -5.27052
8.35335 -5.25313
8.36289 -5.23572
8.37239 -5.2183
8.38184 -5.20086
8.39126 -5.18341
8.40064 -5.16594
8.40998 -5.14846
8.41927 -5.13097
8.42853 -5.11346
8.43775 -5.09594
8.44693 -5.07841
8.45607 -5.06086
8.46517 -5.0433
8.47423 -5.02572
8.48326 -5.00813
8.49224 -4.99053
8.50118 -4.97292
8.51008 -4.95529
8.51894 -4.93765
8.52777 -4.92
8.53655 -4.90233
8.5453 -4.88465
8.554 -4.86696
8.56266 -4.84926
8.57129 -4.83154
8.57987 -4.81382
8.58842 -4.79608
8.59693 -4.77833
8.60539 -4.76056
8.61382 -4.74279
8.62221 -4.725
8.63055 -4.7072
8.63886 -4.68939
8.64713 -4.67157
8.65536 -4.65374
8.66355 -4.63589
8.6717 -4.61804
8.6798 -4.60017
8.68787 -4.5823
8.6959 -4.56441
8.70389 -4.54651
8.71184 -4.5286
8.71976 -4.51068
8.72763 -4.49275
8.73546 -4.47481
8.74325 -4.45686
8.751 -4.4389
8.75872 -4.42093
8.76639 -4.40295
8.77402 -4.38496
8.78161 -4.36696
8.78917 -4.34895
8.79668 -4.33093
8.80416 -4.3129
8.81159 -4.29486
8.81899 -4.27681
8.82634 -4.25875
8.83366 -4.24069
8.84094 -4.22261
8.84817 -4.20453
8.85537 -4.18643
8.86253 -4.16833
8.86965 -4.15022
8.87673 -4.1321
8.88376 -4.11397
8.89076 -4.09584
8.89772 -4.07769
8.90464 -4.05954
8.91152 -4.04138
8.91837 -4.02321
8.92517 -4.00503
8.93193 -3.98685
8.93865 -3.96866
8.94534 -3.95046
8.95198 -3.93225
8.95858 -3.91403
8.96515 -3.89581
8.97167 -3.87758
8.97816 -3.85935
8.9846 -3.8411
8.99101 -3.82285
8.99738 -3.80459
9.00371 -3.78633
9.00999 -3.76806
9.01624 -3.74978
9.02245 -3.73149
9.02862 -3.7132
9.03475 -3.6949
9.04085 -3.6766
9.0469 -3.65829
9.05291 -3.63997
9.05889 -3.62165
9.06482 -3.60332
9.07071 -3.58499
9.07657 -3.56665
9.08239 -3.5483
9.08816 -3.52995
9.0939 -3.51159
9.0996 -3.49323
9.10526 -3.47486
9.11088 -3.45649
9.11646 -3.43811
9.122 -3.41973
9.12751 -3.40134
9.13297 -3.38295
9.13839 -3.36455
9.14378 -3.34615
9.14913 -3.32774
9.15443 -3.30933
9.1597 -3.29091
9.16493 -3.27249
9.17012 -3.25406
9.17527 -3.23564
9.18038 -3.2172
9.18546 -3.19876
9.19049 -3.18032
9.19549 -3.16188
9.20044 -3.14343
9.20536 -3.12498
9.21024 -3.10652
9.21508 -3.08806
9.21988 -3.0696
9.22464 -3.05113
9.22936 -3.03266
9.23405 -3.01419
9.23869 -2.99571
9.2433 -2.97723
9.24787 -2.95875
9.2524 -2.94027
9.25689 -2.92178
9.26134 -2.90329
9.26575 -2.8848
9.27013 -2.8663
9.27447 -2.8478
9.27876 -2.8293
9.28302 -2.8108
9.28724 -2.79229
9.29142 -2.77379
9.29557 -2.75528
9.29967 -2.73677
9.30374 -2.71826
9.30777 -2.69974
9.31176 -2.68122
9.31571 -2.66271
9.31962 -2.64419
9.32349 -2.62567
9.32733 -2.60714
9.33113 -2.58862
9.33489 -2.5701
9.33861 -2.55157
9.34229 -2.53304
9.34594 -2.51452
9.34954 -2.49599
9.35311 -2.47746
9.35664 -2.45893
9.36013 -2.4404
9.36359 -2.42187
9.367 -2.40333
9.37038 -2.3848
9.37372 -2.36627
9.37702 -2.34774
9.38028 -2.3292
9.38351 -2.31067
9.3867 -2.29214
9.38985 -2.2736
9.39296 -2.25507
9.39603 -2.23654
9.39907 -2.21801
9.40207 -2.19947
9.40503 -2.18094
9.40795 -2.16241
9.41084 -2.14388
9.41369 -2.12535
9.4165 -2.10682
9.41927 -2.08829
9.422 -2.06977
9.4247 -2.05124
9.42736 -2.03271
9.42998 -2.01419
9.43257 -1.99567
9.43511 -1.97714
9.43762 -1.95862
9.4401 -1.94011
9.44253 -1.92159
9.44493 -1.90307
9.44729 -1.88456
9.44961 -1.86605
9.4519 -1.84754
9.45415 -1.82903
9.45636 -1.81052
9.45853 -1.79202
9.46067 -1.77351
9.46277 -1.75501
9.46483 -1.73651
9.46686 -1.71802
9.46884 -1.69953
9.4708 -1.68103
9.47271 -1.66255
9.47459 -1.64406
9.47643 -1.62558
9.47823 -1.6071
9.48 -1.58862
9.48173 -1.57015
9.48342 -1.55167
9.48508 -1.53321
9.4867 -1.51474
9.48828 -1.49628
9.48983 -1.47782
9.49134 -1.45937
9.49281 -1.44091
9.49425 -1.42246
9.49565 -1.40402
9.49701 -1.38558
9.49834 -1.36714
9.49963 -1.34871
9.50088 -1.33028
9.5021 -1.31185
9.50328 -1.29343
9.50443 -1.27501
9.50554 -1.2566
9.50661 -1.23819
9.50764 -1.21978
9.50864 -1.20138
9.50961 -1.18298
9.51054 -1.16459
9.51143 -1.1462
9.51228 -1.12782
9.5131 -1.10944
9.51389 -1.09107
9.51464 -1.0727
9.51535 -1.05434
9.51602 -1.03598
9.51666 -1.01762
9.51727 -0.999274
9.51784 -0.98093
9.51837 -0.962591
9.51887 -0.944258
9.51933 -0.92593
9.51975 -0.907608
9.52014 -0.88929
9.5205 -0.870979
9.52082 -0.852673
9.5211 -0.834373
9.52135 -0.816078
9.52156 -0.79779
9.52174 -0.779507
9.52188 -0.76123
9.52199 -0.742959
9.52206 -0.724694
9.5221 -0.706436
9.5221 -0.688183
9.52206 -0.669937
9.52199 -0.651697
9.52189 -0.633464
9.52175 -0.615237
9.52158 -0.597016
9.52137 -0.578802
9.52112 -0.560595
9.52084 -0.542395
9.52053 -0.524201
9.52018 -0.506014
9.51979 -0.487834
9.51938 -0.469661
9.51892 -0.451495
9.51843 -0.433336
9.51791 -0.415184
9.51735 -0.39704
9.51676 -0.378902
9.51613 -0.360772
9.51547 -0.34265
9.51478 -0.324535
9.51405 -0.306427
9.51328 -0.288327
9.51248 -0.270235
9.51165 -0.25215
9.51078 -0.234073
9.50988 -0.216004
9.50895 -0.197943
9.50798 -0.17989
9.50697 -0.161845
9.50593 -0.143808
9.50486 -0.125779
9.50375 -0.107758
9.50261 -0.0897451
9.50144 -0.0717408
9.50023 -0.0537449
9.49899 -0.0357574
9.49771 -0.0177784
9.4964 0.000192124
9.49506 0.018154
9.49368 0.0361072
9.49227 0.0540518
9.49083 0.0719875
9.48935 0.0899144
9.48784 0.107832
9.48629 0.125742
9.48471 0.143642
9.4831 0.161533
9.48146 0.179415
9.47978 0.197287
9.47807 0.215151
9.47632 0.233005
9.47454 0.25085
9.47273 0.268685
9.47089 0.286511
9.46901 0.304328
9.4671 0.322135
9.46515 0.339932
9.46318 0.35772
9.46117 0.375498
9.45912 0.393266
9.45705 0.411024
9.45494 0.428772
9.4528 0.446511
9.45062 0.464239
9.44842 0.481958
9.44618 0.499666
9.44391 0.517364
9.4416 0.535052
9.43926 0.552729
9.43689 0.570396
9.43449 0.588053
9.43206 0.6057
9.42959 0.623335
9.42709 0.640961
9.42456 0.658575
9.422 0.67618
9.4194 0.693773
9.41677 0.711355
9.41411 0.728927
9.41142 0.746488
9.40869 0.764038
9.40594 0.781577
9.40315 0.799105
9.40033 0.816622
9.39748 0.834128
9.39459 0.851623
9.39168 0.869106
9.38873 0.886578
9.38575 0.904039
9.38274 0.921488
9.3797 0.938926
9.37662 0.956353
9.37352 0.973768
9.37038 0.991171
9.36721 1.00856
9.36401 1.02594
9.36078 1.04331
9.35752 1.06067
9.35422 1.07801
9.3509 1.09535
9.34754 1.11267
9.34415 1.12998
9.34073 1.14727
9.33729 1.16456
9.3338 1.18183
9.33029 1.19909
9.32675 1.21634
9.32318 1.23358
9.31957 1.2508
9.31594 1.26801
9.31227 1.28521
9.30857 1.3024
9.30485 1.31957
9.30109 1.33673
9.2973 1.35388
9.29348 1.37102
9.28963 1.38814
9.28575 1.40525
9.28184 1.42235
9.2779 1.43943
9.27393 1.45651
9.26992 1.47357
9.26589 1.49061
9.26183 1.50765
9.25774 1.52467
9.25361 1.54167
9.24946 1.55867
9.24528 1.57565
9.24107 1.59262
9.23682 1.60957
9.23255 1.62651
9.22825 1.64344
9.22392 1.66035
9.21955 1.67725
9.21516 1.69414
9.21074 1.71101
9.20629 1.72787
9.20181 1.74472
9.1973 1.76155
9.19276 1.77837
9.18819 1.79518
9.18359 1.81197
9.17896 1.82875
9.17431 1.84551
9.16962 1.86226
9.1649 1.879
9.16016 1.89572
9.15538 1.91242
9.15058 1.92912
9.14575 1.9458
9.14089 1.96246
9.136 1.97911
9.13108 1.99575
9.12613 2.01237
9.12115 2.02898
9.11615 2.04557
9.11111 2.06215
9.10605 2.07872
9.10095 2.09527
9.09583 2.1118
9.09068 2.12832
9.08551 2.14483
9.0803 2.16132
9.07506 2.1778
9.0698 2.19426
9.06451 2.21071
9.05919 2.22714
9.05384 2.24356
9.04846 2.25996
9.04306 2.27634
9.03763 2.29272
9.03217 2.30907
9.02668 2.32542
9.02116 2.34174
9.01561 2.35806
9.01004 2.37435
9.00444 2.39063
8.99881 2.4069
8.99315 2.42315
8.98747 2.43939
8.98176 2.45561
8.97602 2.47181
8.97025 2.488
8.96446 2.50417
8.95863 2.52033
8.95278 2.53647
8.94691 2.5526
8.941 2.56871
8.93507 2.58481
8.92911 2.60089
8.92312 2.61695
8.91711 2.633
8.91107 2.64903
8.905 2.66505
8.8989 2.68105
8.89278 2.69703
8.88663 2.713
8.88046 2.72895
8.87425 2.74489
8.86802 2.76081
8.86177 2.77671
8.85548 2.7926
8.84917 2.80847
8.84284 2.82433
8.83647 2.84017
8.83008 2.85599
8.82366 2.8718
8.81722 2.88759
8.81075 2.90336
8.80425 2.91912
8.79773 2.93486
8.79118 2.95058
8.78461 2.96629
8.77801 2.98198
8.77138 2.99765
8.76472 3.01331
8.75804 3.02895
8.75134 3.04458
8.74461 3.06018
8.73785 3.07577
8.73106 3.09135
8.72425 3.1069
8.71742 3.12244
8.71056 3.13797
8.70367 3.15347
8.69676 3.16896
8.68982 3.18443
8.68285 3.19989
8.67586 3.21533
8.66885 3.23075
8.66181 3.24615
8.65474 3.26154
8.64765 3.27691
8.64053 3.29226
8.63339 3.30759
8.62622 3.32291
8.61903 3.33821
8.61181 3.35349
8.60457 3.36876
8.5973 3.38401
8.59001 3.39924
8.58269 3.41445
8.57535 3.42964
8.56798 3.44482
8.56058 3.45998
8.55317 3.47512
8.54572 3.49025
8.53826 3.50535
8.53076 3.52044
8.52325 3.53551
8.51571 3.55057
8.50814 3.5656
8.50055 3.58062
8.49294 3.59562
8.4853 3.6106
8.47763 3.62557
8.46995 3.64051
8.46223 3.65544
8.4545 3.67035
8.44674 3.68525
8.43895 3.70012
8.43114 3.71498
8.42331 3.72981
8.41545 3.74463
8.40757 3.75943
8.39967 3.77422
8.39174 3.78898
8.38378 3.80373
8.37581 3.81846
8.36781 3.83317
8.35978 3.84786
8.35174 3.86253
8.34366 3.87719
8.33557 3.89182
8.32745 3.90644
8.31931 3.92104
8.31114 3.93562
8.30296 3.95019
8.29474 3.96473
8.28651 3.97925
8.27825 3.99376
8.26997 4.00825
8.26166 4.02272
8.25333 4.03717
8.24498 4.0516
8.23661 4.06601
8.22821 4.08041
8.21979 4.09478
8.21135 4.10914
8.20288 4.12348
8.19439 4.13779
8.18588 4.15209
8.17734 4.16638
8.16879 4.18064
8.16021 4.19488
8.1516 4.2091
8.14298 4.22331
8.13433 4.23749
8.12566 4.25166
8.11697 4.26581
8.10825 4.27994
8.09952 4.29405
8.09076 4.30814
8.08197 4.32221
8.07317 4.33626
8.06434 4.35029
8.0555 4.3643
8.04662 4.3783
8.03773 4.39227
8.02882 4.40622
8.01988 4.42016
8.01092 4.43407
8.00194 4.44797
7.99294 4.46185
7.98391 4.47571
7.97487 4.48954
7.9658 4.50336
7.95671 4.51716
7.9476 4.53094
7.93847 4.5447
7.92931 4.55844
7.92014 4.57216
7.91094 4.58586
7.90172 4.59954
7.89248 4.6132
7.88322 4.62684
7.87394 4.64047
7.86464 4.65407
7.85531 4.66765
7.84597 4.68121
7.8366 4.69475
7.82721 4.70828
7.8178 4.72178
7.80837 4.73526
7.79892 4.74872
7.78945 4.76217
7.77996 4.77559
7.77044 4.78899
7.76091 4.80237
7.75136 4.81574
7.74178 4.82908
7.73218 4.8424
7.72257 4.8557
7.71293 4.86899
7.70327 4.88225
7.69359 4.89549
7.68389 4.90871
7.67418 4.92191
7.66444 4.93509
7.65468 4.94825
7.6449 4.96139
7.6351 4.97451
7.62528 4.98761
7.61544 5.00069
7.60557 5.01375
7.59569 5.02679
7.58579 5.03981
7.57587 5.05281
7.56593 5.06578
7.55597 5.07874
7.54599 5.09168
7.53599 5.10459
7.52597 5.11749
7.51593 5.13036
7.50587 5.14322
7.4958 5.15605
7.4857 5.16886
7.47558 5.18166
7.46544 5.19443
7.45529 5.20718
7.44511 5.21991
7.43491 5.23262
7.4247 5.24531
7.41446 5.25797
7.40421 5.27062
7.39394 5.28325
7.38365 5.29585
7.37334 5.30844
7.36301 5.321
7.35266 5.33355
7.34229 5.34607
7.3319 5.35857
7.3215 5.37105
7.31107 5.38351
7.30063 5.39595
7.29017 5.40837
7.27969 5.42076
7.26919 5.43314
7.25867 5.44549
7.24813 5.45783
7.23758 5.47014
7.227 5.48243
7.21641 5.4947
7.2058 5.50695
7.19517 5.51918
7.18452 5.53139
7.17386 5.54357
7.16317 5.55574
7.15247 5.56788
7.14175 5.58
7.13101 5.59211
7.12025 5.60419
7.10948 5.61624
7.09869 5.62828
7.08788 5.6403
7.07705 5.65229
7.0662 5.66427
7.05534 5.67622
7.04445 5.68815
7.03355 5.70006
7.02263 5.71195
7.0117 5.72381
7.00074 5.73566
6.98977 5.74748
6.97879 5.75928
6.96778 5.77107
6.95676 5.78282
6.94571 5.79456
6.93466 5.80628
6.92358 5.81797
6.91249 5.82965
6.90138 5.8413
6.89025 5.85293
6.8791 5.86454
6.86794 5.87612
6.85676 5.88769
6.84557 5.89923
6.83435 5.91076
6.82312 5.92226
6.81187 5.93373
6.80061 5.94519
6.78933 5.95663
6.77803 5.96804
6.76671 5.97943
6.75538 5.9908
6.74403 6.00215
6.73267 6.01348
6.72129 6.02478
6.70989 6.03606
6.69847 6.04732
6.68704 6.05856
6.67559 6.06978
6.66413 6.08098
6.65265 6.09215
6.64115 6.1033
6.62964 6.11443
6.61811 6.12554
6.60656 6.13663
6.595 6.14769
6.58342 6.15873
6.57183 6.16975
6.56022 6.18075
6.54859 6.19173
6.53695 6.20268
6.52529 6.21361
6.51361 6.22452
6.50192 6.23541
6.49022 6.24627
6.47849 6.25712
6.46676 6.26794
6.455 6.27874
6.44323 6.28952
6.43145 6.30027
6.41965 6.311
6.40783 6.32172
6.396 6.3324
6.38415 6.34307
6.37229 6.35372
6.36041 6.36434
6.34852 6.37494
6.33661 6.38551
6.32468 6.39607
6.31274 6.4066
6.30079 6.41711
6.28882 6.4276
6.27684 6.43807
6.26483 6.44851
6.25282 6.45893
6.24079 6.46933
6.22874 6.47971
6.21668 6.49006
6.20461 6.5004
6.19252 6.51071
6.18041 6.52099
6.16829 6.53126
6.15616 6.5415
6.14401 6.55172
6.13185 6.56192
6.11967 6.57209
6.10748 6.58225
6.09527 6.59238
6.08305 6.60249
6.07081 6.61257
6.05856 6.62263
6.04629 6.63267
6.03401 6.64269
6.02172 6.65269
6.00941 6.66266
5.99709 6.67261
5.98475 6.68254
5.9724 6.69244
5.96003 6.70232
5.94765 6.71218
5.93526 6.72202
5.92285 6.73184
5.91043 6.74163
5.898 6.7514
5.88555 6.76114
5.87308 6.77087
5.86061 6.78057
5.84812 6.79025
5.83561 6.7999
5.82309 6.80953
5.81056 6.81915
5.79802 6.82873
5.78546 6.8383
5.77288 6.84784
5.7603 6.85736
5.7477 6.86686
5.73508 6.87633
5.72246 6.88578
5.70982 6.89521
5.69716 6.90461
5.6845 6.914
5.67182 6.92336
5.65912 6.93269
5.64642 6.94201
5.6337 6.9513
5.62097 6.96057
5.60822 6.96981
5.59546 6.97903
5.58269 6.98823
5.5699 6.99741
5.55711 7.00656
5.5443 7.01569
5.53147 7.0248
5.51864 7.03389
5.50579 7.04295
5.49292 7.05199
5.48005 7.061
5.46716 7.07
5.45426 7.07897
5.44135 7.08791
5.42843 7.09684
5.41549 7.10574
5.40254 7.11462
5.38958 7.12347
5.3766 7.1323
5.36361 7.14111
5.35061 7.1499
5.3376 7.15866
5.32458 7.1674
5.31154 7.17612
5.29849 7.18481
5.28543 7.19348
5.27236 7.20213
5.25927 7.21075
5.24618 7.21935
5.23307 7.22793
5.21995 7.23648
5.20681 7.24502
5.19367 7.25352
5.18051 7.26201
5.16734 7.27047
5.15416 7.27891
5.14097 7.28733
5.12777 7.29572
5.11455 7.30409
5.10132 7.31243
5.08809 7.32076
5.07484 7.32905
5.06157 7.33733
5.0483 7.34558
5.03502 7.35381
5.02172 7.36202
5.00841 7.3702
4.99509 7.37836
4.98176 7.3865
4.96842 7.39461
4.95507 7.4027
4.9417 7.41077
4.92833 7.41881
4.91494 7.42683
4.90154 7.43483
4.88814 7.4428
4.87472 7.45075
4.86129 7.45868
4.84784 7.46658
4.83439 7.47446
4.82093 7.48232
4.80745 7.49015
4.79397 7.49796
4.78047 7.50575
4.76697 7.51351
4.75345 7.52125
4.73992 7.52897
4.72638 7.53666
4.71283 7.54433
4.69927 7.55197
4.6857 7.5596
4.67212 7.5672
4.65853 7.57477
4.64493 7.58232
4.63132 7.58985
4.6177 7.59736
4.60406 7.60484
4.59042 7.6123
4.57677 7.61973
4.5631 7.62714
4.54943 7.63453
4.53575 7.64189
4.52205 7.64923
4.50835 7.65655
4.49464 7.66384
4.48091 7.67111
4.46718 7.67836
4.45343 7.68558
4.43968 7.69278
4.42592 7.69996
4.41214 7.70711
4.39836 7.71424
4.38457 7.72134
4.37076 7.72842
4.35695 7.73548
4.34313 7.74252
4.3293 7.74953
4.31546 7.75651
4.30161 7.76348
4.28775 7.77042
4.27388 7.77733
4.26 7.78422
4.24611 7.79109
4.23221 7.79794
4.2183 7.80476
4.20439 7.81156
4.19046 7.81833
4.17653 7.82508
4.16258 7.83181
4.14863 7.83851
4.13466 7.84519
4.12069 7.85185
4.10671 7.85848
4.09272 7.86509
4.07872 7.87167
4.06472 7.87823
4.0507 7.88477
4.03667 7.89128
4.02264 7.89777
4.0086 7.90424
3.99454 7.91068
3.98048 7.9171
3.96641 7.92349
3.95233 7.92986
3.93825 7.93621
3.92415 7.94253
3.91005 7.94883
3.89594 7.95511
3.88181 7.96136
3.86768 7.96759
3.85355 7.97379
3.8394 7.97997
3.82525 7.98613
3.81108 7.99226
3.79691 7.99837
3.78273 8.00446
3.76854 8.01052
3.75435 8.01655
3.74014 8.02257
3.72593 8.02856
3.71171 8.03452
3.69748 8.04047
3.68324 8.04638
3.669 8.05228
3.65475 8.05815
3.64049 8.064
3.62622 8.06982
3.61194 8.07562
3.59766 8.08139
3.58336 8.08714
3.56906 8.09287
3.55476 8.09857
3.54044 8.10425
3.52612 8.10991
3.51179 8.11554
3.49745 8.12115
3.4831 8.12673
3.46875 8.13229
3.45439 8.13783
3.44002 8.14334
3.42565 8.14883
3.41126 8.15429
3.39687 8.15973
3.38247 8.16515
3.36807 8.17054
3.35366 8.17591
3.33924 8.18126
3.32481 8.18658
3.31038 8.19187
3.29593 8.19715
3.28149 8.20239
3.26703 8.20762
3.25257 8.21282
3.2381 8.218
3.22362 8.22315
3.20914 8.22828
3.19465 8.23338
3.18015 8.23846
3.16565 8.24352
3.15114 8.24855
3.13662 8.25356
3.1221 8.25854
3.10756 8.26351
3.09303 8.26844
3.07848 8.27335
3.06393 8.27824
3.04937 8.28311
3.03481 8.28795
3.02024 8.29276
3.00566 8.29756
2.99108 8.30232
2.97649 8.30707
2.96189 8.31179
2.94729 8.31648
2.93268 8.32116
2.91807 8.3258
2.90345 8.33043
2.88882 8.33503
2.87418 8.3396
2.85954 8.34416
2.8449 8.34868
2.83025 8.35319
2.81559 8.35767
2.80092 8.36212
2.78625 8.36655
2.77158 8.37096
2.7569 8.37534
2.74221 8.3797
2.72751 8.38404
2.71281 8.38835
2.69811 8.39263
2.6834 8.3969
2.66868 8.40113
2.65396 8.40535
2.63923 8.40954
2.6245 8.4137
2.60976 8.41785
2.59501 8.42196
2.58026 8.42606
2.56551 8.43013
2.55074 8.43417
2.53598 8.43819
2.5212 8.44219
2.50643 8.44616
2.49164 8.45011
2.47686 8.45404
2.46206 8.45794
2.44726 8.46181
2.43246 8.46566
2.41765 8.46949
2.40284 8.47329
2.38802 8.47707
2.37319 8.48083
2.35836 8.48456
2.34353 8.48827
2.32869 8.49195
2.31384 8.49561
2.29899 8.49924
2.28414 8.50285
2.26928 8.50644
2.25442 8.51
2.23955 8.51354
2.22467 8.51705
2.20979 8.52054
2.19491 8.524
2.18002 8.52744
2.16513 8.53086
2.15023 8.53425
2.13533 8.53762
2.12043 8.54096
2.10552 8.54428
2.0906 8.54758
2.07568 8.55085
2.06076 8.5541
2.04583 8.55732
2.0309 8.56052
2.01596 8.56369
2.00102 8.56684
1.98607 8.56997
1.97112 8.57307
1.95617 8.57614
1.94121 8.5792
1.92625 8.58223
1.91128 8.58523
1.89631 8.58821
1.88134 8.59117
1.86636 8.5941
1.85138 8.597
1.83639 8.59989
1.8214 8.60275
1.80641 8.60558
1.79141 8.60839
1.77641 8.61118
1.7614 8.61394
1.74639 8.61667
1.73138 8.61939
1.71636 8.62208
1.70134 8.62474
1.68632 8.62738
1.67129 8.63
1.65626 8.63259
1.64123 8.63515
1.62619 8.6377
1.61115 8.64022
1.5961 8.64271
1.58105 8.64518
1.566 8.64763
1.55095 8.65005
1.53589 8.65244
1.52083 8.65482
1.50576 8.65717
1.49069 8.65949
1.47562 8.66179
1.46055 8.66407
1.44547 8.66632
1.43039 8.66854
1.41531 8.67075
1.40022 8.67292
1.38513 8.67508
1.37004 8.67721
1.35494 8.67931
1.33984 8.68139
1.32474 8.68345
1.30964 8.68548
1.29453 8.68749
1.27942 8.68947
1.26431 8.69143
1.2492 8.69337
1.23408 8.69528
1.21896 8.69716
1.20383 8.69903
1.18871 8.70086
1.17358 8.70268
1.15845 8.70447
1.14332 8.70623
1.12818 8.70797
1.11304 8.70969
1.0979 8.71138
1.08276 8.71304
1.06761 8.71469
1.05247 8.71631
1.03732 8.7179
1.02217 8.71947
1.00701 8.72101
0.991855 8.72254
0.976696 8.72403
0.961536 8.7255
0.946373 8.72695
0.931208 8.72837
0.916042 8.72977
0.900873 8.73115
0.885702 8.7325
0.870529 8.73382
0.855355 8.73513
0.840179 8.7364
0.825 8.73766
0.80982 8.73888
0.794638 8.74009
0.779455 8.74127
0.76427 8.74242
0.749083 8.74355
0.733894 8.74466
0.718704 8.74574
0.703512 8.7468
0.688319 8.74783
0.673124 8.74884
0.657928 8.74983
0.64273 8.75079
0.627531 8.75172
0.61233 8.75263
0.597128 8.75352
0.581925 8.75438
0.56672 8.75522
0.551514 8.75604
0.536307 8.75682
0.521099 8.75759
0.505889 8.75833
0.490678 8.75905
0.475466 8.75974
0.460253 8.76041
0.445039 8.76105
0.429824 8.76167
0.414608 8.76226
0.399391 8.76283
0.384174 8.76338
0.368955 8.7639
0.353735 8.76439
0.338515 8.76487
0.323293 8.76531
0.308071 8.76574
0.292848 8.76614
0.277625 8.76651
0.2624 8.76686
0.247175 8.76719
0.23195 8.76749
0.216724 8.76776
0.201497 8.76802
0.18627 8.76825
0.171042 8.76845
0.155814 8.76863
0.140585 8.76878
0.125356 8.76891
0.110127 8.76902
0.0948969 8.7691
0.0796668 8.76916
0.0644365 8.76919
0.0492059 8.7692
0.033975 8.76918
0.018744 8.76914
0.00351282 8.76908
-0.0117185 8.76899
-0.0269499 8.76887
-0.0421814 8.76874
-0.0574129 8.76857
-0.0726444 8.76839
-0.0878758 8.76817
-0.103107 8.76794
-0.118339 8.76768
-0.13357 8.76739
-0.148801 8.76709
-0.164032 8.76675
-0.179262 8.76639
-0.194493 8.76601
-0.209723 8.7656
-0.224953 8.76517
-0.240182 8.76472
-0.255411 8.76424
-0.27064 8.76373
-0.285868 8.7632
-0.301096 8.76265
-0.316323 8.76207
-0.33155 8.76147
-0.346776 8.76084
-0.362002 8.76019
-0.377227 8.75952
-0.392451 8.75882
-0.407675 8.75809
-0.422898 8.75735
-0.43812 8.75657
-0.453341 8.75577
-0.468562 8.75495
-0.483782 8.75411
-0.499001 8.75324
-0.514219 8.75234
-0.529436 8.75142
-0.544652 8.75048
-0.559867 8.74951
-0.575081 8.74852
-0.590294 8.7475
-0.605506 8.74646
-0.620717 8.74539
-0.635926 8.7443
-0.651135 8.74318
-0.666342 8.74204
-0.681548 8.74088
-0.696753 8.73969
-0.711956 8.73848
-0.727158 8.73724
-0.742359 8.73598
-0.757559 8.7347
-0.772756 8.73339
-0.787953 8.73205
-0.803148 8.73069
-0.818341 8.72931
-0.833533 8.7279
-0.848723 8.72647
-0.863912 8.72501
-0.879099 8.72353
-0.894284 8.72202
-0.909468 8.72049
-0.924649 8.71894
-0.939829 8.71736
-0.955008 8.71576
-0.970184 8.71413
-0.985358 8.71248
-1.00053 8.7108
-1.0157 8.7091
-1.03087 8.70738
-1.04604 8.70563
-1.0612 8.70385
-1.07636 8.70205
-1.09152 8.70023
-1.10668 8.69838
-1.12184 8.69651
-1.13699 8.69462
-1.15214 8.69269
-1.16729 8.69075
-1.18244 8.68878
-1.19759 8.68679
-1.21273 8.68477
-1.22787 8.68273
-1.24301 8.68066
-1.25814 8.67857
-1.27327 8.67645
-1.28841 8.67431
-1.30353 8.67215
-1.31866 8.66996
-1.33378 8.66775
-1.3489 8.66551
-1.36402 8.66325
-1.37913 8.66096
-1.39424 8.65865
-1.40935 8.65632
-1.42446 8.65396
-1.43956 8.65157
-1.45466 8.64916
-1.46976 8.64673
-1.48486 8.64427
-1.49995 8.64179
-1.51504 8.63929
-1.53012 8.63676
-1.5452 8.6342
-1.56028 8.63162
-1.57536 8.62902
-1.59043 8.62639
-1.6055 8.62374
-1.62057 8.62107
-1.63563 8.61836
-1.6507 8.61564
-1.66575 8.61289
-1.68081 8.61012
-1.69586 8.60732
-1.7109 8.6045
-1.72595 8.60165
-1.74099 8.59878
-1.75602 8.59588
-1.77106 8.59296
-1.78609 8.59002
-1.80111 8.58705
-1.81613 8.58406
-1.83115 8.58104
-1.84617 8.578
-1.86118 8.57493
-1.87618 8.57184
-1.89119 8.56873
-1.90619 8.56559
-1.92118 8.56243
-1.93617 8.55924
-1.95116 8.55603
-1.96615 8.55279
-1.98113 8.54953
-1.9961 8.54625
-2.01107 8.54294
-2.02604 8.53961
-2.04101 8.53625
-2.05596 8.53287
-2.07092 8.52946
-2.08587 8.52603
-2.10082 8.52257
-2.11576 8.5191
-2.1307 8.51559
-2.14563 8.51206
-2.16056 8.50851
-2.17548 8.50494
-2.19041 8.50134
-2.20532 8.49771
-2.22023 8.49406
-2.23514 8.49039
-2.25004 8.48669
-2.26494 8.48297
-2.27983 8.47922
-2.29472 8.47545
-2.3096 8.47166
-2.32448 8.46784
-2.33936 8.46399
-2.35422 8.46013
-2.36909 8.45624
-2.38395 8.45232
-2.3988 8.44838
-2.41365 8.44441
-2.42849 8.44043
-2.44333 8.43641
-2.45817 8.43238
-2.473 8.42831
-2.48782 8.42423
-2.50264 8.42012
-2.51745 8.41598
-2.53226 8.41183
-2.54706 8.40764
-2.56186 8.40344
-2.57665 8.3992
-2.59144 8.39495
-2.60622 8.39067
-2.621 8.38637
-2.63577 8.38204
-2.65053 8.37769
-2.66529 8.37331
-2.68005 8.36891
-2.6948 8.36448
-2.70954 8.36003
-2.72428 8.35556
-2.73901 8.35106
-2.75373 8.34654
-2.76845 8.342
-2.78317 8.33743
-2.79787 8.33283
-2.81258 8.32822
-2.82727 8.32357
-2.84196 8.31891
-2.85665 8.31422
-2.87133 8.3095
-2.886 8.30476
-2.90066 8.3
-2.91532 8.29521
-2.92998 8.2904
-2.94463 8.28556
-2.95927 8.2807
-2.9739 8.27582
-2.98853 8.27091
-3.00315 8.26598
-3.01777 8.26102
-3.03238 8.25604
-3.04698 8.25104
-3.06158 8.24601
-3.07617 8.24096
-3.09075 8.23588
-3.10533 8.23078
-3.1199 8.22566
-3.13446 8.22051
-3.14902 8.21533
-3.16357 8.21014
-3.17811 8.20492
-3.19265 8.19967
-3.20718 8.1944
-3.2217 8.18911
-3.23622 8.18379
-3.25073 8.17845
-3.26523 8.17308
-3.27973 8.16769
-3.29421 8.16228
-3.30869 8.15684
-3.32317 8.15138
-3.33764 8.14589
-3.3521 8.14038
-3.36655 8.13485
-3.38099 8.12929
-3.39543 8.12371
-3.40986 8.1181
-3.42428 8.11247
-3.4387 8.10682
-3.45311 8.10114
-3.46751 8.09544
-3.4819 8.08972
-3.49629 8.08397
-3.51067 8.07819
-3.52504 8.07239
-3.5394 8.06657
-3.55375 8.06073
-3.5681 8.05486
-3.58244 8.04896
-3.59677 8.04304
-3.6111 8.0371
-3.62541 8.03114
-3.63972 8.02515
-3.65402 8.01913
-3.66831 8.0131
-3.6826 8.00704
-3.69688 8.00095
-3.71114 7.99484
-3.7254 7.98871
-3.73966 7.98255
-3.7539 7.97637
-3.76813 7.97017
-3.78236 7.96394
-3.79658 7.95768
-3.81079 7.95141
-3.82499 7.94511
-3.83919 7.93878
-3.85337 7.93244
-3.86755 7.92606
-3.88172 7.91967
-3.89588 7.91325
-3.91003 7.9068
-3.92417 7.90034
-3.93831 7.89385
-3.95243 7.88733
-3.96655 7.88079
-3.98066 7.87423
-3.99476 7.86764
-4.00885 7.86103
-4.02293 7.8544
-4.037 7.84774
-4.05106 7.84106
-4.06512 7.83435
-4.07916 7.82762
-4.0932 7.82087
-4.10723 7.81409
-4.12124 7.80729
-4.13525 7.80047
-4.14925 7.79362
-4.16324 7.78675
-4.17722 7.77985
-4.1912 7.77293
-4.20516 7.76599
-4.21911 7.75903
-4.23305 7.75203
-4.24699 7.74502
-4.26091 7.73798
-4.27483 7.73092
-4.28873 7.72384
-4.30263 7.71673
-4.31652 7.70959
-4.33039 7.70244
-4.34426 7.69526
-4.35812 7.68805
-4.37196 7.68083
-4.3858 7.67357
-4.39963 7.6663
-4.41345 7.659
-4.42726 7.65168
-4.44105 7.64433
-4.45484 7.63696
-4.46862 7.62957
-4.48239 7.62216
-4.49614 7.61472
-4.50989 7.60725
-4.52363 7.59976
-4.53736 7.59225
-4.55107 7.58472
-4.56478 7.57716
-4.57848 7.56958
-4.59216 7.56197
-4.60584 7.55434
-4.6195 7.54669
-4.63316 7.53902
-4.6468 7.53132
-4.66043 7.52359
-4.67405 7.51585
-4.68767 7.50808
-4.70127 7.50028
-4.71486 7.49247
-4.72844 7.48463
-4.74201 7.47676
-4.75557 7.46888
-4.76911 7.46096
-4.78265 7.45303
-4.79617 7.44507
-4.80969 7.43709
-4.82319 7.42909
-4.83668 7.42106
-4.85017 7.41301
-4.86364 7.40493
-4.87709 7.39683
-4.89054 7.38871
-4.90398 7.38056
-4.9174 7.3724
-4.93082 7.3642
-4.94422 7.35599
-4.95761 7.34775
-4.97099 7.33949
-4.98436 7.3312
-4.99772 7.32289
-5.01106 7.31456
-5.0244 7.3062
-5.03772 7.29782
-5.05103 7.28942
-5.06433 7.281
-5.07761 7.27255
-5.09089 7.26408
-5.10415 7.25558
-5.1174 7.24706
-5.13064 7.23852
-5.14387 7.22995
-5.15709 7.22136
-5.17029 7.21275
-5.18348 7.20412
-5.19666 7.19546
-5.20983 7.18678
-5.22298 7.17807
-5.23613 7.16934
-5.24926 7.16059
-5.26238 7.15182
-5.27548 7.14302
-5.28858 7.1342
-5.30166 7.12536
-5.31473 7.11649
-5.32779 7.1076
-5.34083 7.09868
-5.35386 7.08975
-5.36688 7.08079
-5.37989 7.0718
-5.39288 7.0628
-5.40586 7.05377
-5.41883 7.04472
-5.43179 7.03564
-5.44473 7.02654
-5.45766 7.01742
-5.47058 7.00828
-5.48348 6.99911
-5.49637 6.98992
-5.50925 6.9807
-5.52212 6.97147
-5.53497 6.96221
-5.54781 6.95292
-5.56063 6.94362
-5.57345 6.93429
-5.58625 6.92494
-5.59903 6.91556
-5.61181 6.90617
-5.62457 6.89674
-5.63731 6.8873
-5.65005 6.87783
-5.66277 6.86834
-5.67547 6.85883
-5.68817 6.8493
-5.70084 6.83974
-5.71351 6.83016
-5.72616 6.82055
-5.7388 6.81093
-5.75142 6.80128
-5.76403 6.7916
-5.77663 6.78191
-5.78921 6.77219
-5.80178 6.76245
-5.81434 6.75269
-5.82688 6.7429
-5.83941 6.73309
-5.85192 6.72326
-5.86442 6.7134
-5.8769 6.70352
-5.88938 6.69362
-5.90183 6.6837
-5.91427 6.67375
-5.9267 6.66378
-5.93912 6.65379
-5.95152 6.64378
-5.9639 6.63374
-5.97627 6.62368
-5.98863 6.6136
-6.00097 6.6035
-6.0133 6.59337
-6.02561 6.58322
-6.03791 6.57304
-6.05019 6.56285
-6.06246 6.55263
-6.07471 6.54239
-6.08695 6.53213
-6.09918 6.52184
-6.11139 6.51153
-6.12358 6.5012
-6.13576 6.49085
-6.14793 6.48047
-6.16008 6.47007
-6.17221 6.45965
