-1.35755e+09 -1.7591e+06
-1.35755e+09 -3.5182e+06
-1.35754e+09 -5.2773e+06
-1.35754e+09 -7.03639e+06
-1.35753e+09 -8.79546e+06
-1.35752e+09 -1.05545e+07
-1.3575e+09 -1.23136e+07
-1.35749e+09 -1.40726e+07
-1.35747e+09 -1.58316e+07
-1.35745e+09 -1.75906e+07
-1.35742e+09 -1.93495e+07
-1.3574e+09 -2.11084e+07
-1.35737e+09 -2.28673e+07
-1.35734e+09 -2.46262e+07
-1.35731e+09 -2.6385e+07
-1.35728e+09 -2.81438e+07
-1.35724e+09 -2.99025e+07
-1.35721e+09 -3.16612e+07
-1.35717e+09 -3.34198e+07
-1.35712e+09 -3.51784e+07
-1.35708e+09 -3.69369e+07
-1.35703e+09 -3.86953e+07
-1.35699e+09 -4.04537e+07
-1.35693e+09 -4.22121e+07
-1.35688e+09 -4.39703e+07
-1.35683e+09 -4.57285e+07
-1.35677e+09 -4.74867e+07
-1.35671e+09 -4.92447e+07
-1.35665e+09 -5.10027e+07
-1.35659e+09 -5.27606e+07
-1.35652e+09 -5.45184e+07
-1.35645e+09 -5.62761e+07
-1.35638e+09 -5.80337e+07
-1.35631e+09 -5.97913e+07
-1.35624e+09 -6.15487e+07
-1.35616e+09 -6.33061e+07
-1.35608e+09 -6.50633e+07
-1.356e+09 -6.68204e+07
-1.35592e+09 -6.85775e+07
-1.35583e+09 -7.03344e+07
-1.35575e+09 -7.20912e+07
-1.35566e+09 -7.38479e+07
-1.35557e+09 -7.56045e+07
-1.35547e+09 -7.7361e+07
-1.35538e+09 -7.91173e+07
-1.35528e+09 -8.08735e+07
-1.35518e+09 -8.26296e+07
-1.35508e+09 -8.43856e+07
-1.35497e+09 -8.61414e+07
-1.35487e+09 -8.78971e+07
-1.35476e+09 -8.96527e+07
-1.35465e+09 -9.14081e+07
-1.35453e+09 -9.31633e+07
-1.35442e+09 -9.49184e+07
-1.3543e+09 -9.66734e+07
-1.35418e+09 -9.84282e+07
-1.35406e+09 -1.00183e+08
-1.35394e+09 -1.01937e+08
-1.35381e+09 -1.03692e+08
-1.35368e+09 -1.05446e+08
-1.35355e+09 -1.072e+08
-1.35342e+09 -1.08954e+08
-1.35329e+09 -1.10707e+08
-1.35315e+09 -1.12461e+08
-1.35301e+09 -1.14214e+08
-1.35287e+09 -1.15967e+08
-1.35273e+09 -1.1772e+08
-1.35258e+09 -1.19473e+08
-1.35244e+09 -1.21226e+08
-1.35229e+09 -1.22978e+08
-1.35214e+09 -1.2473e+08
-1.35198e+09 -1.26482e+08
-1.35183e+09 -1.28234e+08
-1.35167e+09 -1.29985e+08
-1.35151e+09 -1.31737e+08
-1.35135e+09 -1.33488e+08
-1.35118e+09 -1.35239e+08
-1.35102e+09 -1.3699e+08
-1.35085e+09 -1.3874e+08
-1.35068e+09 -1.40491e+08
-1.35051e+09 -1.42241e+08
-1.35033e+09 -1.4399e+08
-1.35015e+09 -1.4574e+08
-1.34997e+09 -1.47489e+08
-1.34979e+09 -1.49239e+08
-1.34961e+09 -1.50988e+08
-1.34942e+09 -1.52736e+08
-1.34924e+09 -1.54485e+08
-1.34905e+09 -1.56233e+08
-1.34885e+09 -1.57981e+08
-1.34866e+09 -1.59729e+08
-1.34846e+09 -1.61476e+08
-1.34827e+09 -1.63223e+08
-1.34807e+09 -1.6497e+08
-1.34786e+09 -1.66717e+08
-1.34766e+09 -1.68463e+08
-1.34745e+09 -1.70209e+08
-1.34724e+09 -1.71955e+08
-1.34703e+09 -1.73701e+08
-1.34682e+09 -1.75446e+08
-1.3466e+09 -1.77191e+08
-1.34638e+09 -1.78936e+08
-1.34616e+09 -1.80681e+08
-1.34594e+09 -1.82425e+08
-1.34572e+09 -1.84169e+08
-1.34549e+09 -1.85912e+08
-1.34526e+09 -1.87656e+08
-1.34503e+09 -1.89399e+08
-1.3448e+09 -1.91141e+08
-1.34457e+09 -1.92884e+08
-1.34433e+09 -1.94626e+08
-1.34409e+09 -1.96368e+08
-1.34385e+09 -1.98109e+08
-1.34361e+09 -1.9985e+08
-1.34336e+09 -2.01591e+08
-1.34312e+09 -2.03332e+08
-1.34287e+09 -2.05072e+08
-1.34261e+09 -2.06812e+08
-1.34236e+09 -2.08552e+08
-1.3421e+09 -2.10291e+08
-1.34185e+09 -2.1203e+08
-1.34159e+09 -2.13768e+08
-1.34132e+09 -2.15507e+08
-1.34106e+09 -2.17245e+08
-1.34079e+09 -2.18982e+08
-1.34053e+09 -2.20719e+08
-1.34025e+09 -2.22456e+08
-1.33998e+09 -2.24193e+08
-1.33971e+09 -2.25929e+08
-1.33943e+09 -2.27665e+08
-1.33915e+09 -2.294e+08
-1.33887e+09 -2.31135e+08
-1.33859e+09 -2.3287e+08
-1.3383e+09 -2.34604e+08
-1.33801e+09 -2.36338e+08
-1.33772e+09 -2.38072e+08
-1.33743e+09 -2.39805e+08
-1.33714e+09 -2.41538e+08
-1.33684e+09 -2.4327e+08
-1.33654e+09 -2.45003e+08
-1.33624e+09 -2.46734e+08
-1.33594e+09 -2.48466e+08
-1.33564e+09 -2.50196e+08
-1.33533e+09 -2.51927e+08
-1.33502e+09 -2.53657e+08
-1.33471e+09 -2.55387e+08
-1.3344e+09 -2.57116e+08
-1.33408e+09 -2.58845e+08
-1.33377e+09 -2.60574e+08
-1.33345e+09 -2.62302e+08
-1.33313e+09 -2.64029e+08
-1.3328e+09 -2.65757e+08
-1.33248e+09 -2.67484e+08
-1.33215e+09 -2.6921e+08
-1.33182e+09 -2.70936e+08
-1.33149e+09 -2.72662e+08
-1.33115e+09 -2.74387e+08
-1.33082e+09 -2.76111e+08
-1.33048e+09 -2.77836e+08
-1.33014e+09 -2.7956e+08
-1.3298e+09 -2.81283e+08
-1.32945e+09 -2.83006e+08
-1.32911e+09 -2.84728e+08
-1.32876e+09 -2.8645e+08
-1.32841e+09 -2.88172e+08
-1.32806e+09 -2.89893e+08
-1.3277e+09 -2.91614e+08
-1.32734e+09 -2.93334e+08
-1.32698e+09 -2.95054e+08
-1.32662e+09 -2.96773e+08
-1.32626e+09 -2.98492e+08
-1.3259e+09 -3.0021e+08
-1.32553e+09 -3.01928e+08
-1.32516e+09 -3.03646e+08
-1.32479e+09 -3.05363e+08
-1.32441e+09 -3.07079e+08
-1.32404e+09 -3.08795e+08
-1.32366e+09 -3.10511e+08
-1.32328e+09 -3.12226e+08
-1.3229e+09 -3.1394e+08
-1.32251e+09 -3.15654e+08
-1.32213e+09 -3.17368e+08
-1.32174e+09 -3.19081e+08
-1.32135e+09 -3.20793e+08
-1.32096e+09 -3.22505e+08
-1.32056e+09 -3.24217e+08
-1.32017e+09 -3.25928e+08
-1.31977e+09 -3.27638e+08
-1.31937e+09 -3.29348e+08
-1.31896e+09 -3.31058e+08
-1.31856e+09 -3.32767e+08
-1.31815e+09 -3.34475e+08
-1.31774e+09 -3.36183e+08
-1.31733e+09 -3.3789e+08
-1.31692e+09 -3.39597e+08
-1.3165e+09 -3.41303e+08
-1.31609e+09 -3.43009e+08
-1.31567e+09 -3.44714e+08
-1.31525e+09 -3.46419e+08
-1.31482e+09 -3.48123e+08
-1.3144e+09 -3.49827e+08
-1.31397e+09 -3.5153e+08
-1.31354e+09 -3.53232e+08
-1.31311e+09 -3.54934e+08
-1.31268e+09 -3.56635e+08
-1.31224e+09 -3.58336e+08
-1.3118e+09 -3.60036e+08
-1.31136e+09 -3.61736e+08
-1.31092e+09 -3.63435e+08
-1.31048e+09 -3.65134e+08
-1.31003e+09 -3.66832e+08
-1.30958e+09 -3.68529e+08
-1.30913e+09 -3.70226e+08
-1.30868e+09 -3.71922e+08
-1.30823e+09 -3.73618e+08
-1.30777e+09 -3.75313e+08
-1.30731e+09 -3.77007e+08
-1.30685e+09 -3.78701e+08
-1.30639e+09 -3.80394e+08
-1.30592e+09 -3.82087e+08
-1.30546e+09 -3.83779e+08
-1.30499e+09 -3.8547e+08
-1.30452e+09 -3.87161e+08
-1.30404e+09 -3.88852e+08
-1.30357e+09 -3.90541e+08
-1.30309e+09 -3.9223e+08
-1.30261e+09 -3.93919e+08
-1.30213e+09 -3.95607e+08
-1.30165e+09 -3.97294e+08
-1.30117e+09 -3.9898e+08
-1.30068e+09 -4.00666e+08
-1.30019e+09 -4.02351e+08
-1.2997e+09 -4.04036e+08
-1.29921e+09 -4.0572e+08
-1.29871e+09 -4.07404e+08
-1.29821e+09 -4.09086e+08
-1.29771e+09 -4.10768e+08
-1.29721e+09 -4.1245e+08
-1.29671e+09 -4.14131e+08
-1.2962e+09 -4.15811e+08
-1.2957e+09 -4.17491e+08
-1.29519e+09 -4.19169e+08
-1.29468e+09 -4.20848e+08
-1.29416e+09 -4.22525e+08
-1.29365e+09 -4.24202e+08
-1.29313e+09 -4.25878e+08
-1.29261e+09 -4.27554e+08
-1.29209e+09 -4.29229e+08
-1.29156e+09 -4.30903e+08
-1.29104e+09 -4.32577e+08
-1.29051e+09 -4.34249e+08
-1.28998e+09 -4.35922e+08
-1.28945e+09 -4.37593e+08
-1.28892e+09 -4.39264e+08
-1.28838e+09 -4.40934e+08
-1.28784e+09 -4.42604e+08
-1.2873e+09 -4.44272e+08
-1.28676e+09 -4.4594e+08
-1.28622e+09 -4.47608e+08
-1.28567e+09 -4.49274e+08
-1.28513e+09 -4.5094e+08
-1.28458e+09 -4.52606e+08
-1.28402e+09 -4.5427e+08
-1.28347e+09 -4.55934e+08
-1.28291e+09 -4.57597e+08
-1.28236e+09 -4.5926e+08
-1.2818e+09 -4.60921e+08
-1.28124e+09 -4.62582e+08
-1.28067e+09 -4.64243e+08
-1.28011e+09 -4.65902e+08
-1.27954e+09 -4.67561e+08
-1.27897e+09 -4.69219e+08
-1.2784e+09 -4.70876e+08
-1.27782e+09 -4.72533e+08
-1.27725e+09 -4.74189e+08
-1.27667e+09 -4.75844e+08
-1.27609e+09 -4.77498e+08
-1.27551e+09 -4.79152e+08
-1.27492e+09 -4.80805e+08
-1.27434e+09 -4.82457e+08
-1.27375e+09 -4.84108e+08
-1.27316e+09 -4.85759e+08
-1.27257e+09 -4.87409e+08
-1.27198e+09 -4.89058e+08
-1.27138e+09 -4.90706e+08
-1.27078e+09 -4.92354e+08
-1.27018e+09 -4.94001e+08
-1.26958e+09 -4.95647e+08
-1.26898e+09 -4.97292e+08
-1.26837e+09 -4.98937e+08
-1.26777e+09 -5.0058e+08
-1.26716e+09 -5.02223e+08
-1.26655e+09 -5.03865e+08
-1.26593e+09 -5.05507e+08
-1.26532e+09 -5.07147e+08
-1.2647e+09 -5.08787e+08
-1.26408e+09 -5.10426e+08
-1.26346e+09 -5.12064e+08
-1.26284e+09 -5.13702e+08
-1.26221e+09 -5.15338e+08
-1.26158e+09 -5.16974e+08
-1.26095e+09 -5.18609e+08
-1.26032e+09 -5.20243e+08
-1.25969e+09 -5.21877e+08
-1.25906e+09 -5.23509e+08
-1.25842e+09 -5.25141e+08
-1.25778e+09 -5.26772e+08
-1.25714e+09 -5.28402e+08
-1.2565e+09 -5.30032e+08
-1.25585e+09 -5.3166e+08
-1.25521e+09 -5.33288e+08
-1.25456e+09 -5.34915e+08
-1.25391e+09 -5.36541e+08
-1.25325e+09 -5.38166e+08
-1.2526e+09 -5.3979e+08
-1.25194e+09 -5.41414e+08
-1.25128e+09 -5.43036e+08
-1.25062e+09 -5.44658e+08
-1.24996e+09 -5.46279e+08
-1.2493e+09 -5.47899e+08
-1.24863e+09 -5.49518e+08
-1.24796e+09 -5.51137e+08
-1.24729e+09 -5.52754e+08
-1.24662e+09 -5.54371e+08
-1.24595e+09 -5.55987e+08
-1.24527e+09 -5.57602e+08
-1.2446e+09 -5.59216e+08
-1.24392e+09 -5.60829e+08
-1.24323e+09 -5.62441e+08
-1.24255e+09 -5.64053e+08
-1.24187e+09 -5.65664e+08
-1.24118e+09 -5.67273e+08
-1.24049e+09 -5.68882e+08
-1.2398e+09 -5.7049e+08
-1.2391e+09 -5.72097e+08
-1.23841e+09 -5.73703e+08
-1.23771e+09 -5.75309e+08
-1.23701e+09 -5.76913e+08
-1.23631e+09 -5.78517e+08
-1.23561e+09 -5.80119e+08
-1.23491e+09 -5.81721e+08
-1.2342e+09 -5.83322e+08
-1.23349e+09 -5.84922e+08
-1.23278e+09 -5.86521e+08
-1.23207e+09 -5.88119e+08
-1.23135e+09 -5.89716e+08
-1.23064e+09 -5.91313e+08
-1.22992e+09 -5.92908e+08
-1.2292e+09 -5.94502e+08
-1.22848e+09 -5.96096e+08
-1.22776e+09 -5.97689e+08
-1.22703e+09 -5.9928e+08
-1.2263e+09 -6.00871e+08
-1.22557e+09 -6.02461e+08
-1.22484e+09 -6.0405e+08
-1.22411e+09 -6.05638e+08
-1.22337e+09 -6.07225e+08
-1.22264e+09 -6.08811e+08
-1.2219e+09 -6.10396e+08
-1.22116e+09 -6.1198e+08
-1.22042e+09 -6.13564e+08
-1.21967e+09 -6.15146e+08
-1.21893e+09 -6.16727e+08
-1.21818e+09 -6.18308e+08
-1.21743e+09 -6.19887e+08
-1.21668e+09 -6.21466e+08
-1.21592e+09 -6.23043e+08
-1.21517e+09 -6.2462e+08
-1.21441e+09 -6.26196e+08
-1.21365e+09 -6.2777e+08
-1.21289e+09 -6.29344e+08
-1.21213e+09 -6.30917e+08
-1.21136e+09 -6.32488e+08
-1.21059e+09 -6.34059e+08
-1.20982e+09 -6.35629e+08
-1.20905e+09 -6.37198e+08
-1.20828e+09 -6.38766e+08
-1.20751e+09 -6.40333e+08
-1.20673e+09 -6.41898e+08
-1.20595e+09 -6.43463e+08
-1.20517e+09 -6.45027e+08
-1.20439e+09 -6.4659e+08
-1.20361e+09 -6.48152e+08
-1.20282e+09 -6.49713e+08
-1.20204e+09 -6.51273e+08
-1.20125e+09 -6.52832e+08
-1.20046e+09 -6.5439e+08
-1.19966e+09 -6.55947e+08
-1.19887e+09 -6.57502e+08
-1.19807e+09 -6.59057e+08
-1.19727e+09 -6.60611e+08
-1.19647e+09 -6.62164e+08
-1.19567e+09 -6.63716e+08
-1.19487e+09 -6.65267e+08
-1.19406e+09 -6.66816e+08
-1.19325e+09 -6.68365e+08
-1.19245e+09 -6.69913e+08
-1.19163e+09 -6.7146e+08
-1.19082e+09 -6.73005e+08
-1.19001e+09 -6.7455e+08
-1.18919e+09 -6.76094e+08
-1.18837e+09 -6.77636e+08
-1.18755e+09 -6.79178e+08
-1.18673e+09 -6.80718e+08
-1.1859e+09 -6.82258e+08
-1.18508e+09 -6.83796e+08
-1.18425e+09 -6.85333e+08
-1.18342e+09 -6.8687e+08
-1.18259e+09 -6.88405e+08
-1.18176e+09 -6.89939e+08
-1.18092e+09 -6.91472e+08
-1.18009e+09 -6.93004e+08
-1.17925e+09 -6.94535e+08
-1.17841e+09 -6.96065e+08
-1.17757e+09 -6.97594e+08
-1.17672e+09 -6.99122e+08
-1.17588e+09 -7.00649e+08
-1.17503e+09 -7.02174e+08
-1.17418e+09 -7.03699e+08
-1.17333e+09 -7.05222e+08
-1.17248e+09 -7.06745e+08
-1.17162e+09 -7.08266e+08
-1.17077e+09 -7.09786e+08
-1.16991e+09 -7.11306e+08
-1.16905e+09 -7.12824e+08
-1.16819e+09 -7.14341e+08
-1.16732e+09 -7.15857e+08
-1.16646e+09 -7.17371e+08
-1.16559e+09 -7.18885e+08
-1.16472e+09 -7.20398e+08
-1.16385e+09 -7.21909e+08
-1.16298e+09 -7.2342e+08
-1.1621e+09 -7.24929e+08
-1.16123e+09 -7.26437e+08
-1.16035e+09 -7.27944e+08
-1.15947e+09 -7.2945e+08
-1.15859e+09 -7.30955e+08
-1.15771e+09 -7.32459e+08
-1.15682e+09 -7.33962e+08
-1.15593e+09 -7.35463e+08
-1.15505e+09 -7.36964e+08
-1.15416e+09 -7.38463e+08
-1.15326e+09 -7.39961e+08
-1.15237e+09 -7.41458e+08
-1.15148e+09 -7.42954e+08
-1.15058e+09 -7.44449e+08
-1.14968e+09 -7.45942e+08
-1.14878e+09 -7.47435e+08
-1.14788e+09 -7.48926e+08
-1.14697e+09 -7.50416e+08
-1.14607e+09 -7.51905e+08
-1.14516e+09 -7.53393e+08
-1.14425e+09 -7.5488e+08
-1.14334e+09 -7.56366e+08
-1.14243e+09 -7.5785e+08
-1.14151e+09 -7.59334e+08
-1.1406e+09 -7.60816e+08
-1.13968e+09 -7.62297e+08
-1.13876e+09 -7.63777e+08
-1.13784e+09 -7.65255e+08
-1.13691e+09 -7.66733e+08
-1.13599e+09 -7.68209e+08
-1.13506e+09 -7.69684e+08
-1.13413e+09 -7.71158e+08
-1.1332e+09 -7.72631e+08
-1.13227e+09 -7.74103e+08
-1.13134e+09 -7.75573e+08
-1.1304e+09 -7.77043e+08
-1.12947e+09 -7.78511e+08
-1.12853e+09 -7.79978e+08
-1.12759e+09 -7.81444e+08
-1.12664e+09 -7.82908e+08
-1.1257e+09 -7.84372e+08
-1.12476e+09 -7.85834e+08
-1.12381e+09 -7.87295e+08
-1.12286e+09 -7.88755e+08
-1.12191e+09 -7.90213e+08
-1.12096e+09 -7.91671e+08
-1.12e+09 -7.93127e+08
-1.11905e+09 -7.94582e+08
-1.11809e+09 -7.96036e+08
-1.11713e+09 -7.97488e+08
-1.11617e+09 -7.9894e+08
-1.11521e+09 -8.0039e+08
-1.11424e+09 -8.01839e+08
-1.11328e+09 -8.03287e+08
-1.11231e+09 -8.04733e+08
-1.11134e+09 -8.06179e+08
-1.11037e+09 -8.07623e+08
-1.1094e+09 -8.09066e+08
-1.10842e+09 -8.10507e+08
-1.10745e+09 -8.11948e+08
-1.10647e+09 -8.13387e+08
-1.10549e+09 -8.14825e+08
-1.10451e+09 -8.16262e+08
-1.10353e+09 -8.17697e+08
-1.10254e+09 -8.19132e+08
-1.10156e+09 -8.20565e+08
-1.10057e+09 -8.21997e+08
-1.09958e+09 -8.23427e+08
-1.09859e+09 -8.24857e+08
-1.0976e+09 -8.26285e+08
-1.0966e+09 -8.27712e+08
-1.09561e+09 -8.29137e+08
-1.09461e+09 -8.30562e+08
-1.09361e+09 -8.31985e+08
-1.09261e+09 -8.33407e+08
-1.09161e+09 -8.34827e+08
-1.0906e+09 -8.36246e+08
-1.0896e+09 -8.37665e+08
-1.08859e+09 -8.39081e+08
-1.08758e+09 -8.40497e+08
-1.08657e+09 -8.41911e+08
-1.08556e+09 -8.43324e+08
-1.08454e+09 -8.44736e+08
-1.08353e+09 -8.46146e+08
-1.08251e+09 -8.47556e+08
-1.08149e+09 -8.48964e+08
-1.08047e+09 -8.5037e+08
-1.07945e+09 -8.51776e+08
-1.07843e+09 -8.5318e+08
-1.0774e+09 -8.54582e+08
-1.07637e+09 -8.55984e+08
-1.07534e+09 -8.57384e+08
-1.07431e+09 -8.58783e+08
-1.07328e+09 -8.60181e+08
-1.07225e+09 -8.61577e+08
-1.07121e+09 -8.62972e+08
-1.07018e+09 -8.64366e+08
-1.06914e+09 -8.65758e+08
-1.0681e+09 -8.6715e+08
-1.06706e+09 -8.6854e+08
-1.06602e+09 -8.69928e+08
-1.06497e+09 -8.71315e+08
-1.06393e+09 -8.72701e+08
-1.06288e+09 -8.74086e+08
-1.06183e+09 -8.75469e+08
-1.06078e+09 -8.76851e+08
-1.05972e+09 -8.78232e+08
-1.05867e+09 -8.79612e+08
-1.05761e+09 -8.8099e+08
-1.05656e+09 -8.82366e+08
-1.0555e+09 -8.83742e+08
-1.05444e+09 -8.85116e+08
-1.05338e+09 -8.86489e+08
-1.05231e+09 -8.8786e+08
-1.05125e+09 -8.8923e+08
-1.05018e+09 -8.90599e+08
-1.04911e+09 -8.91967e+08
-1.04804e+09 -8.93333e+08
-1.04697e+09 -8.94698e+08
-1.0459e+09 -8.96061e+08
-1.04482e+09 -8.97423e+08
-1.04375e+09 -8.98784e+08
-1.04267e+09 -9.00144e+08
-1.04159e+09 -9.01502e+08
-1.04051e+09 -9.02858e+08
-1.03943e+09 -9.04214e+08
-1.03834e+09 -9.05568e+08
-1.03726e+09 -9.06921e+08
-1.03617e+09 -9.08272e+08
-1.03508e+09 -9.09622e+08
-1.03399e+09 -9.10971e+08
-1.0329e+09 -9.12318e+08
-1.03181e+09 -9.13664e+08
-1.03071e+09 -9.15008e+08
-1.02962e+09 -9.16352e+08
-1.02852e+09 -9.17694e+08
-1.02742e+09 -9.19034e+08
-1.02632e+09 -9.20373e+08
-1.02522e+09 -9.21711e+08
-1.02411e+09 -9.23047e+08
-1.02301e+09 -9.24382e+08
-1.0219e+09 -9.25716e+08
-1.02079e+09 -9.27048e+08
-1.01968e+09 -9.28379e+08
-1.01857e+09 -9.29708e+08
-1.01746e+09 -9.31037e+08
-1.01634e+09 -9.32363e+08
-1.01523e+09 -9.33689e+08
-1.01411e+09 -9.35013e+08
-1.01299e+09 -9.36335e+08
-1.01187e+09 -9.37656e+08
-1.01075e+09 -9.38976e+08
-1.00962e+09 -9.40294e+08
-1.0085e+09 -9.41611e+08
-1.00737e+09 -9.42927e+08
-1.00624e+09 -9.44241e+08
-1.00511e+09 -9.45554e+08
-1.00398e+09 -9.46865e+08
-1.00285e+09 -9.48175e+08
-1.00172e+09 -9.49484e+08
-1.00058e+09 -9.50791e+08
-9.99445e+08 -9.52097e+08
-9.98306e+08 -9.53401e+08
-9.97166e+08 -9.54704e+08
-9.96025e+08 -9.56006e+08
-9.94882e+08 -9.57306e+08
-9.93738e+08 -9.58604e+08
-9.92592e+08 -9.59902e+08
-9.91445e+08 -9.61198e+08
-9.90296e+08 -9.62492e+08
-9.89146e+08 -9.63785e+08
-9.87994e+08 -9.65077e+08
-9.86841e+08 -9.66367e+08
-9.85686e+08 -9.67655e+08
-9.8453e+08 -9.68943e+08
-9.83373e+08 -9.70229e+08
-9.82214e+08 -9.71513e+08
-9.81054e+08 -9.72796e+08
-9.79892e+08 -9.74078e+08
-9.78728e+08 -9.75358e+08
-9.77564e+08 -9.76636e+08
-9.76398e+08 -9.77914e+08
-9.7523e+08 -9.7919e+08
-9.74061e+08 -9.80464e+08
-9.7289e+08 -9.81737e+08
-9.71718e+08 -9.83008e+08
-9.70545e+08 -9.84278e+08
-9.6937e+08 -9.85547e+08
-9.68194e+08 -9.86814e+08
-9.67016e+08 -9.8808e+08
-9.65837e+08 -9.89344e+08
-9.64657e+08 -9.90607e+08
-9.63475e+08 -9.91868e+08
-9.62292e+08 -9.93128e+08
-9.61107e+08 -9.94386e+08
-9.59921e+08 -9.95643e+08
-9.58733e+08 -9.96898e+08
-9.57544e+08 -9.98152e+08
-9.56354e+08 -9.99405e+08
-9.55162e+08 -1.00066e+09
-9.53969e+08 -1.00191e+09
-9.52774e+08 -1.00315e+09
-9.51578e+08 -1.0044e+09
-9.50381e+08 -1.00565e+09
-9.49182e+08 -1.00689e+09
-9.47982e+08 -1.00813e+09
-9.4678e+08 -1.00937e+09
-9.45577e+08 -1.01061e+09
-9.44373e+08 -1.01185e+09
-9.43167e+08 -1.01309e+09
-9.4196e+08 -1.01432e+09
-9.40752e+08 -1.01555e+09
-9.39542e+08 -1.01679e+09
-9.38331e+08 -1.01802e+09
-9.37118e+08 -1.01924e+09
-9.35904e+08 -1.02047e+09
-9.34689e+08 -1.0217e+09
-9.33472e+08 -1.02292e+09
-9.32254e+08 -1.02414e+09
-9.31034e+08 -1.02537e+09
-9.29813e+08 -1.02659e+09
-9.28591e+08 -1.0278e+09
-9.27368e+08 -1.02902e+09
-9.26143e+08 -1.03024e+09
-9.24916e+08 -1.03145e+09
-9.23689e+08 -1.03266e+09
-9.2246e+08 -1.03387e+09
-9.2123e+08 -1.03508e+09
-9.19998e+08 -1.03629e+09
-9.18765e+08 -1.0375e+09
-9.17531e+08 -1.0387e+09
-9.16295e+08 -1.03991e+09
-9.15058e+08 -1.04111e+09
-9.13819e+08 -1.04231e+09
-9.1258e+08 -1.04351e+09
-9.11339e+08 -1.0447e+09
-9.10096e+08 -1.0459e+09
-9.08853e+08 -1.04709e+09
-9.07608e+08 -1.04829e+09
-9.06361e+08 -1.04948e+09
-9.05114e+08 -1.05067e+09
-9.03865e+08 -1.05185e+09
-9.02614e+08 -1.05304e+09
-9.01363e+08 -1.05423e+09
-9.0011e+08 -1.05541e+09
-8.98856e+08 -1.05659e+09
-8.976e+08 -1.05777e+09
-8.96343e+08 -1.05895e+09
-8.95085e+08 -1.06013e+09
-8.93826e+08 -1.0613e+09
-8.92565e+08 -1.06248e+09
-8.91303e+08 -1.06365e+09
-8.9004e+08 -1.06482e+09
-8.88775e+08 -1.06599e+09
-8.87509e+08 -1.06716e+09
-8.86242e+08 -1.06833e+09
-8.84973e+08 -1.06949e+09
-8.83704e+08 -1.07065e+09
-8.82432e+08 -1.07182e+09
-8.8116e+08 -1.07298e+09
-8.79886e+08 -1.07413e+09
-8.78612e+08 -1.07529e+09
-8.77335e+08 -1.07645e+09
-8.76058e+08 -1.0776e+09
-8.74779e+08 -1.07875e+09
-8.73499e+08 -1.0799e+09
-8.72218e+08 -1.08105e+09
-8.70935e+08 -1.0822e+09
-8.69652e+08 -1.08335e+09
-8.68367e+08 -1.08449e+09
-8.6708e+08 -1.08564e+09
-8.65793e+08 -1.08678e+09
-8.64504e+08 -1.08792e+09
-8.63214e+08 -1.08906e+09
-8.61923e+08 -1.09019e+09
-8.6063e+08 -1.09133e+09
-8.59336e+08 -1.09246e+09
-8.58041e+08 -1.09359e+09
-8.56745e+08 -1.09472e+09
-8.55447e+08 -1.09585e+09
-8.54149e+08 -1.09698e+09
-8.52849e+08 -1.09811e+09
-8.51547e+08 -1.09923e+09
-8.50245e+08 -1.10035e+09
-8.48941e+08 -1.10147e+09
-8.47636e+08 -1.10259e+09
-8.4633e+08 -1.10371e+09
-8.45023e+08 -1.10483e+09
-8.43714e+08 -1.10594e+09
-8.42405e+08 -1.10706e+09
-8.41094e+08 -1.10817e+09
-8.39781e+08 -1.10928e+09
-8.38468e+08 -1.11039e+09
-8.37153e+08 -1.11149e+09
-8.35838e+08 -1.1126e+09
-8.3452e+08 -1.1137e+09
-8.33202e+08 -1.1148e+09
-8.31883e+08 -1.1159e+09
-8.30562e+08 -1.117e+09
-8.2924e+08 -1.1181e+09
-8.27917e+08 -1.11919e+09
-8.26593e+08 -1.12029e+09
-8.25268e+08 -1.12138e+09
-8.23941e+08 -1.12247e+09
-8.22613e+08 -1.12356e+09
-8.21284e+08 -1.12465e+09
-8.19954e+08 -1.12573e+09
-8.18623e+08 -1.12682e+09
-8.1729e+08 -1.1279e+09
-8.15957e+08 -1.12898e+09
-8.14622e+08 -1.13006e+09
-8.13286e+08 -1.13114e+09
-8.11949e+08 -1.13221e+09
-8.1061e+08 -1.13329e+09
-8.09271e+08 -1.13436e+09
-8.0793e+08 -1.13543e+09
-8.06588e+08 -1.1365e+09
-8.05246e+08 -1.13757e+09
-8.03901e+08 -1.13864e+09
-8.02556e+08 -1.1397e+09
-8.0121e+08 -1.14076e+09
-7.99862e+08 -1.14183e+09
-7.98513e+08 -1.14289e+09
-7.97164e+08 -1.14394e+09
-7.95813e+08 -1.145e+09
-7.9446e+08 -1.14606e+09
-7.93107e+08 -1.14711e+09
-7.91753e+08 -1.14816e+09
-7.90397e+08 -1.14921e+09
-7.8904e+08 -1.15026e+09
-7.87683e+08 -1.15131e+09
-7.86324e+08 -1.15235e+09
-7.84964e+08 -1.15339e+09
-7.83603e+08 -1.15444e+09
-7.8224e+08 -1.15548e+09
-7.80877e+08 -1.15652e+09
-7.79512e+08 -1.15755e+09
-7.78147e+08 -1.15859e+09
-7.7678e+08 -1.15962e+09
-7.75412e+08 -1.16065e+09
-7.74043e+08 -1.16168e+09
-7.72673e+08 -1.16271e+09
-7.71302e+08 -1.16374e+09
-7.6993e+08 -1.16476e+09
-7.68556e+08 -1.16579e+09
-7.67182e+08 -1.16681e+09
-7.65806e+08 -1.16783e+09
-7.6443e+08 -1.16885e+09
-7.63052e+08 -1.16987e+09
-7.61673e+08 -1.17088e+09
-7.60293e+08 -1.1719e+09
-7.58912e+08 -1.17291e+09
-7.5753e+08 -1.17392e+09
-7.56147e+08 -1.17493e+09
-7.54763e+08 -1.17593e+09
-7.53378e+08 -1.17694e+09
-7.51991e+08 -1.17794e+09
-7.50604e+08 -1.17895e+09
-7.49215e+08 -1.17995e+09
-7.47826e+08 -1.18095e+09
-7.46435e+08 -1.18194e+09
-7.45043e+08 -1.18294e+09
-7.43651e+08 -1.18393e+09
-7.42257e+08 -1.18492e+09
-7.40862e+08 -1.18591e+09
-7.39466e+08 -1.1869e+09
-7.38069e+08 -1.18789e+09
-7.36671e+08 -1.18888e+09
-7.35272e+08 -1.18986e+09
-7.33872e+08 -1.19084e+09
-7.32471e+08 -1.19182e+09
-7.31069e+08 -1.1928e+09
-7.29666e+08 -1.19378e+09
-7.28262e+08 -1.19475e+09
-7.26856e+08 -1.19573e+09
-7.2545e+08 -1.1967e+09
-7.24043e+08 -1.19767e+09
-7.22634e+08 -1.19864e+09
-7.21225e+08 -1.1996e+09
-7.19815e+08 -1.20057e+09
-7.18403e+08 -1.20153e+09
-7.16991e+08 -1.20249e+09
-7.15577e+08 -1.20346e+09
-7.14163e+08 -1.20441e+09
-7.12748e+08 -1.20537e+09
-7.11331e+08 -1.20633e+09
-7.09914e+08 -1.20728e+09
-7.08495e+08 -1.20823e+09
-7.07076e+08 -1.20918e+09
-7.05655e+08 -1.21013e+09
-7.04234e+08 -1.21108e+09
-7.02812e+08 -1.21202e+09
-7.01388e+08 -1.21296e+09
-6.99964e+08 -1.2139e+09
-6.98538e+08 -1.21484e+09
-6.97112e+08 -1.21578e+09
-6.95685e+08 -1.21672e+09
-6.94256e+08 -1.21765e+09
-6.92827e+08 -1.21859e+09
-6.91397e+08 -1.21952e+09
-6.89965e+08 -1.22045e+09
-6.88533e+08 -1.22138e+09
-6.871e+08 -1.2223e+09
-6.85666e+08 -1.22323e+09
-6.84231e+08 -1.22415e+09
-6.82795e+08 -1.22507e+09
-6.81357e+08 -1.22599e+09
-6.79919e+08 -1.22691e+09
-6.7848e+08 -1.22782e+09
-6.77041e+08 -1.22874e+09
-6.756e+08 -1.22965e+09
-6.74158e+08 -1.23056e+09
-6.72715e+08 -1.23147e+09
-6.71271e+08 -1.23238e+09
-6.69827e+08 -1.23328e+09
-6.68381e+08 -1.23419e+09
-6.66935e+08 -1.23509e+09
-6.65487e+08 -1.23599e+09
-6.64039e+08 -1.23689e+09
-6.62589e+08 -1.23778e+09
-6.61139e+08 -1.23868e+09
-6.59688e+08 -1.23957e+09
-6.58236e+08 -1.24046e+09
-6.56783e+08 -1.24135e+09
-6.55329e+08 -1.24224e+09
-6.53874e+08 -1.24313e+09
-6.52418e+08 -1.24401e+09
-6.50962e+08 -1.2449e+09
-6.49504e+08 -1.24578e+09
-6.48045e+08 -1.24666e+09
-6.46586e+08 -1.24754e+09
-6.45126e+08 -1.24841e+09
-6.43664e+08 -1.24929e+09
-6.42202e+08 -1.25016e+09
-6.40739e+08 -1.25103e+09
-6.39275e+08 -1.2519e+09
-6.37811e+08 -1.25277e+09
-6.36345e+08 -1.25363e+09
-6.34878e+08 -1.2545e+09
-6.33411e+08 -1.25536e+09
-6.31942e+08 -1.25622e+09
-6.30473e+08 -1.25708e+09
-6.29003e+08 -1.25794e+09
-6.27532e+08 -1.25879e+09
-6.2606e+08 -1.25964e+09
-6.24587e+08 -1.2605e+09
-6.23114e+08 -1.26135e+09
-6.21639e+08 -1.2622e+09
-6.20164e+08 -1.26304e+09
-6.18688e+08 -1.26389e+09
-6.17211e+08 -1.26473e+09
-6.15733e+08 -1.26557e+09
-6.14254e+08 -1.26641e+09
-6.12774e+08 -1.26725e+09
-6.11294e+08 -1.26809e+09
-6.09812e+08 -1.26892e+09
-6.0833e+08 -1.26975e+09
-6.06847e+08 -1.27058e+09
-6.05363e+08 -1.27141e+09
-6.03879e+08 -1.27224e+09
-6.02393e+08 -1.27307e+09
-6.00907e+08 -1.27389e+09
-5.99419e+08 -1.27471e+09
-5.97931e+08 -1.27553e+09
-5.96442e+08 -1.27635e+09
-5.94953e+08 -1.27717e+09
-5.93462e+08 -1.27798e+09
-5.91971e+08 -1.2788e+09
-5.90479e+08 -1.27961e+09
-5.88986e+08 -1.28042e+09
-5.87492e+08 -1.28123e+09
-5.85997e+08 -1.28203e+09
-5.84502e+08 -1.28284e+09
-5.83005e+08 -1.28364e+09
-5.81508e+08 -1.28444e+09
-5.8001e+08 -1.28524e+09
-5.78512e+08 -1.28604e+09
-5.77012e+08 -1.28683e+09
-5.75512e+08 -1.28763e+09
-5.74011e+08 -1.28842e+09
-5.72509e+08 -1.28921e+09
-1.35755e+09 -1.7591e+06
-1.35755e+09 -3.5182e+06
-1.35754e+09 -5.2773e+06
-1.35754e+09 -7.03639e+06
-1.35753e+09 -8.79546e+06
-1.35752e+09 -1.05545e+07
-1.3575e+09 -1.23136e+07
-1.35749e+09 -1.40726e+07
-1.35747e+09 -1.58316e+07
-1.35745e+09 -1.75906e+07
-1.35742e+09 -1.93495e+07
-1.3574e+09 -2.11084e+07
-1.35737e+09 -2.28673e+07
-1.35734e+09 -2.46262e+07
-1.35731e+09 -2.6385e+07
-1.35728e+09 -2.81438e+07
-1.35724e+09 -2.99025e+07
-1.35721e+09 -3.16612e+07
-1.35717e+09 -3.34198e+07
-1.35712e+09 -3.51784e+07
-1.35708e+09 -3.69369e+07
-1.35703e+09 -3.86953e+07
-1.35699e+09 -4.04537e+07
-1.35693e+09 -4.22121e+07
-1.35688e+09 -4.39703e+07
-1.35683e+09 -4.57285e+07
-1.35677e+09 -4.74867e+07
-1.35671e+09 -4.92447e+07
-1.35665e+09 -5.10027e+07
-1.35659e+09 -5.27606e+07
-1.35652e+09 -5.45184e+07
-1.35645e+09 -5.62761e+07
-1.35638e+09 -5.80337e+07
-1.35631e+09 -5.97913e+07
-1.35624e+09 -6.15487e+07
-1.35616e+09 -6.33061e+07
-1.35608e+09 -6.50633e+07
-1.356e+09 -6.68204e+07
-1.35592e+09 -6.85775e+07
-1.35583e+09 -7.03344e+07
-1.35575e+09 -7.20912e+07
-1.35566e+09 -7.38479e+07
-1.35557e+09 -7.56045e+07
-1.35547e+09 -7.7361e+07
-1.35538e+09 -7.91173e+07
-1.35528e+09 -8.08735e+07
-1.35518e+09 -8.26296e+07
-1.35508e+09 -8.43856e+07
-1.35497e+09 -8.61414e+07
-1.35487e+09 -8.78971e+07
-1.35476e+09 -8.96527e+07
-1.35465e+09 -9.14081e+07
-1.35453e+09 -9.31633e+07
-1.35442e+09 -9.49184e+07
-1.3543e+09 -9.66734e+07
-1.35418e+09 -9.84282e+07
-1.35406e+09 -1.00183e+08
-1.35394e+09 -1.01937e+08
-1.35381e+09 -1.03692e+08
-1.35368e+09 -1.05446e+08
-1.35355e+09 -1.072e+08
-1.35342e+09 -1.08954e+08
-1.35329e+09 -1.10707e+08
-1.35315e+09 -1.12461e+08
-1.35301e+09 -1.14214e+08
-1.35287e+09 -1.15967e+08
-1.35273e+09 -1.1772e+08
-1.35258e+09 -1.19473e+08
-1.35244e+09 -1.21226e+08
-1.35229e+09 -1.22978e+08
-1.35214e+09 -1.2473e+08
-1.35198e+09 -1.26482e+08
-1.35183e+09 -1.28234e+08
-1.35167e+09 -1.29985e+08
-1.35151e+09 -1.31737e+08
-1.35135e+09 -1.33488e+08
-1.35118e+09 -1.35239e+08
-1.35102e+09 -1.3699e+08
-1.35085e+09 -1.3874e+08
-1.35068e+09 -1.40491e+08
-1.35051e+09 -1.42241e+08
-1.35033e+09 -1.4399e+08
-1.35015e+09 -1.4574e+08
-1.34997e+09 -1.47489e+08
-1.34979e+09 -1.49239e+08
-1.34961e+09 -1.50988e+08
-1.34942e+09 -1.52736e+08
-1.34924e+09 -1.54485e+08
-1.34905e+09 -1.56233e+08
-1.34885e+09 -1.57981e+08
-1.34866e+09 -1.59729e+08
-1.34846e+09 -1.61476e+08
-1.34827e+09 -1.63223e+08
-1.34807e+09 -1.6497e+08
-1.34786e+09 -1.66717e+08
-1.34766e+09 -1.68463e+08
-1.34745e+09 -1.70209e+08
-1.34724e+09 -1.71955e+08
-1.34703e+09 -1.73701e+08
-1.34682e+09 -1.75446e+08
-1.3466e+09 -1.77191e+08
-1.34638e+09 -1.78936e+08
-1.34616e+09 -1.80681e+08
-1.34594e+09 -1.82425e+08
-1.34572e+09 -1.84169e+08
-1.34549e+09 -1.85912e+08
-1.34526e+09 -1.87656e+08
-1.34503e+09 -1.89399e+08
-1.3448e+09 -1.91141e+08
-1.34457e+09 -1.92884e+08
-1.34433e+09 -1.94626e+08
-1.34409e+09 -1.96368e+08
-1.34385e+09 -1.98109e+08
-1.34361e+09 -1.9985e+08
-1.34336e+09 -2.01591e+08
-1.34312e+09 -2.03332e+08
-1.34287e+09 -2.05072e+08
-1.34261e+09 -2.06812e+08
-1.34236e+09 -2.08552e+08
-1.3421e+09 -2.10291e+08
-1.34185e+09 -2.1203e+08
-1.34159e+09 -2.13768e+08
-1.34132e+09 -2.15507e+08
-1.34106e+09 -2.17245e+08
-1.34079e+09 -2.18982e+08
-1.34053e+09 -2.20719e+08
-1.34025e+09 -2.22456e+08
-1.33998e+09 -2.24193e+08
-1.33971e+09 -2.25929e+08
-1.33943e+09 -2.27665e+08
-1.33915e+09 -2.294e+08
-1.33887e+09 -2.31135e+08
-1.33859e+09 -2.3287e+08
-1.3383e+09 -2.34604e+08
-1.33801e+09 -2.36338e+08
-1.33772e+09 -2.38072e+08
-1.33743e+09 -2.39805e+08
-1.33714e+09 -2.41538e+08
-1.33684e+09 -2.4327e+08
-1.33654e+09 -2.45003e+08
-1.33624e+09 -2.46734e+08
-1.33594e+09 -2.48466e+08
-1.33564e+09 -2.50196e+08
-1.33533e+09 -2.51927e+08
-1.33502e+09 -2.53657e+08
-1.33471e+09 -2.55387e+08
-1.3344e+09 -2.57116e+08
-1.33408e+09 -2.58845e+08
-1.33377e+09 -2.60574e+08
-1.33345e+09 -2.62302e+08
-1.33313e+09 -2.64029e+08
-1.3328e+09 -2.65757e+08
-1.33248e+09 -2.67484e+08
-1.33215e+09 -2.6921e+08
-1.33182e+09 -2.70936e+08
-1.33149e+09 -2.72662e+08
-1.33115e+09 -2.74387e+08
-1.33082e+09 -2.76111e+08
-1.33048e+09 -2.77836e+08
-1.33014e+09 -2.7956e+08
-1.3298e+09 -2.81283e+08
-1.32945e+09 -2.83006e+08
-1.32911e+09 -2.84728e+08
-1.32876e+09 -2.8645e+08
-1.32841e+09 -2.88172e+08
-1.32806e+09 -2.89893e+08
-1.3277e+09 -2.91614e+08
-1.32734e+09 -2.93334e+08
-1.32698e+09 -2.95054e+08
-1.32662e+09 -2.96773e+08
-1.32626e+09 -2.98492e+08
-1.3259e+09 -3.0021e+08
-1.32553e+09 -3.01928e+08
-1.32516e+09 -3.03646e+08
-1.32479e+09 -3.05363e+08
-1.32441e+09 -3.07079e+08
-1.32404e+09 -3.08795e+08
-1.32366e+09 -3.10511e+08
-1.32328e+09 -3.12226e+08
-1.3229e+09 -3.1394e+08
-1.32251e+09 -3.15654e+08
-1.32213e+09 -3.17368e+08
-1.32174e+09 -3.19081e+08
-1.32135e+09 -3.20793e+08
-1.32096e+09 -3.22505e+08
-1.32056e+09 -3.24217e+08
-1.32017e+09 -3.25928e+08
-1.31977e+09 -3.27638e+08
-1.31937e+09 -3.29348e+08
-1.31896e+09 -3.31058e+08
-1.31856e+09 -3.32767e+08
-1.31815e+09 -3.34475e+08
-1.31774e+09 -3.36183e+08
-1.31733e+09 -3.3789e+08
-1.31692e+09 -3.39597e+08
-1.3165e+09 -3.41303e+08
-1.31609e+09 -3.43009e+08
-1.31567e+09 -3.44714e+08
-1.31525e+09 -3.46419e+08
-1.31482e+09 -3.48123e+08
-1.3144e+09 -3.49827e+08
-1.31397e+09 -3.5153e+08
-1.31354e+09 -3.53232e+08
-1.31311e+09 -3.54934e+08
-1.31268e+09 -3.56635e+08
-1.31224e+09 -3.58336e+08
-1.3118e+09 -3.60036e+08
-1.31136e+09 -3.61736e+08
-1.31092e+09 -3.63435e+08
-1.31048e+09 -3.65134e+08
-1.31003e+09 -3.66832e+08
-1.30958e+09 -3.68529e+08
-1.30913e+09 -3.70226e+08
-1.30868e+09 -3.71922e+08
-1.30823e+09 -3.73618e+08
-1.30777e+09 -3.75313e+08
-1.30731e+09 -3.77007e+08
-1.30685e+09 -3.78701e+08
-1.30639e+09 -3.80394e+08
-1.30592e+09 -3.82087e+08
-1.30546e+09 -3.83779e+08
-1.30499e+09 -3.8547e+08
-1.30452e+09 -3.87161e+08
-1.30404e+09 -3.88852e+08
-1.30357e+09 -3.90541e+08
-1.30309e+09 -3.9223e+08
-1.30261e+09 -3.93919e+08
-1.30213e+09 -3.95607e+08
-1.30165e+09 -3.97294e+08
-1.30117e+09 -3.9898e+08
-1.30068e+09 -4.00666e+08
-1.30019e+09 -4.02351e+08
-1.2997e+09 -4.04036e+08
-1.29921e+09 -4.0572e+08
-1.29871e+09 -4.07404e+08
-1.29821e+09 -4.09086e+08
-1.29771e+09 -4.10768e+08
-1.29721e+09 -4.1245e+08
-1.29671e+09 -4.14131e+08
-1.2962e+09 -4.15811e+08
-1.2957e+09 -4.17491e+08
-1.29519e+09 -4.19169e+08
-1.29468e+09 -4.20848e+08
-1.29416e+09 -4.22525e+08
-1.29365e+09 -4.24202e+08
-1.29313e+09 -4.25878e+08
-1.29261e+09 -4.27554e+08
-1.29209e+09 -4.29229e+08
-1.29156e+09 -4.30903e+08
-1.29104e+09 -4.32577e+08
-1.29051e+09 -4.34249e+08
-1.28998e+09 -4.35922e+08
-1.28945e+09 -4.37593e+08
-1.28892e+09 -4.39264e+08
-1.28838e+09 -4.40934e+08
-1.28784e+09 -4.42604e+08
-1.2873e+09 -4.44272e+08
-1.28676e+09 -4.4594e+08
-1.28622e+09 -4.47608e+08
-1.28567e+09 -4.49274e+08
-1.28513e+09 -4.5094e+08
-1.28458e+09 -4.52606e+08
-1.28402e+09 -4.5427e+08
-1.28347e+09 -4.55934e+08
-1.28291e+09 -4.57597e+08
-1.28236e+09 -4.5926e+08
-1.2818e+09 -4.60921e+08
-1.28124e+09 -4.62582e+08
-1.28067e+09 -4.64243e+08
-1.28011e+09 -4.65902e+08
-1.27954e+09 -4.67561e+08
-1.27897e+09 -4.69219e+08
-1.2784e+09 -4.70876e+08
-1.27782e+09 -4.72533e+08
-1.27725e+09 -4.74189e+08
-1.27667e+09 -4.75844e+08
-1.27609e+09 -4.77498e+08
-1.27551e+09 -4.79152e+08
-1.27492e+09 -4.80805e+08
-1.27434e+09 -4.82457e+08
-1.27375e+09 -4.84108e+08
-1.27316e+09 -4.85759e+08
-1.27257e+09 -4.87409e+08
-1.27198e+09 -4.89058e+08
-1.27138e+09 -4.90706e+08
-1.27078e+09 -4.92354e+08
-1.27018e+09 -4.94001e+08
-1.26958e+09 -4.95647e+08
-1.26898e+09 -4.97292e+08
-1.26837e+09 -4.98937e+08
-1.26777e+09 -5.0058e+08
-1.26716e+09 -5.02223e+08
-1.26655e+09 -5.03865e+08
-1.26593e+09 -5.05507e+08
-1.26532e+09 -5.07147e+08
-1.2647e+09 -5.08787e+08
-1.26408e+09 -5.10426e+08
-1.26346e+09 -5.12064e+08
-1.26284e+09 -5.13702e+08
-1.26221e+09 -5.15338e+08
-1.26158e+09 -5.16974e+08
-1.26095e+09 -5.18609e+08
-1.26032e+09 -5.20243e+08
-1.25969e+09 -5.21877e+08
-1.25906e+09 -5.23509e+08
-1.25842e+09 -5.25141e+08
-1.25778e+09 -5.26772e+08
-1.25714e+09 -5.28402e+08
-1.2565e+09 -5.30032e+08
-1.25585e+09 -5.3166e+08
-1.25521e+09 -5.33288e+08
-1.25456e+09 -5.34915e+08
-1.25391e+09 -5.36541e+08
-1.25325e+09 -5.38166e+08
-1.2526e+09 -5.3979e+08
-1.25194e+09 -5.41414e+08
-1.25128e+09 -5.43036e+08
-1.25062e+09 -5.44658e+08
-1.24996e+09 -5.46279e+08
-1.2493e+09 -5.47899e+08
-1.24863e+09 -5.49518e+08
-1.24796e+09 -5.51137e+08
-1.24729e+09 -5.52754e+08
-1.24662e+09 -5.54371e+08
-1.24595e+09 -5.55987e+08
-1.24527e+09 -5.57602e+08
-1.2446e+09 -5.59216e+08
-1.24392e+09 -5.60829e+08
-1.24323e+09 -5.62441e+08
-1.24255e+09 -5.64053e+08
-1.24187e+09 -5.65664e+08
-1.24118e+09 -5.67273e+08
-1.24049e+09 -5.68882e+08
-1.2398e+09 -5.7049e+08
-1.2391e+09 -5.72097e+08
-1.23841e+09 -5.73703e+08
-1.23771e+09 -5.75309e+08
-1.23701e+09 -5.76913e+08
-1.23631e+09 -5.78517e+08
-1.23561e+09 -5.80119e+08
-1.23491e+09 -5.81721e+08
-1.2342e+09 -5.83322e+08
-1.23349e+09 -5.84922e+08
-1.23278e+09 -5.86521e+08
-1.23207e+09 -5.88119e+08
-1.23135e+09 -5.89716e+08
-1.23064e+09 -5.91313e+08
-1.22992e+09 -5.92908e+08
-1.2292e+09 -5.94502e+08
-1.22848e+09 -5.96096e+08
-1.22776e+09 -5.97689e+08
-1.22703e+09 -5.9928e+08
-1.2263e+09 -6.00871e+08
-1.22557e+09 -6.02461e+08
-1.22484e+09 -6.0405e+08
-1.22411e+09 -6.05638e+08
-1.22337e+09 -6.07225e+08
-1.22264e+09 -6.08811e+08
-1.2219e+09 -6.10396e+08
-1.22116e+09 -6.1198e+08
-1.22042e+09 -6.13564e+08
-1.21967e+09 -6.15146e+08
-1.21893e+09 -6.16727e+08
-1.21818e+09 -6.18308e+08
-1.21743e+09 -6.19887e+08
-1.21668e+09 -6.21466e+08
-1.21592e+09 -6.23043e+08
-1.21517e+09 -6.2462e+08
-1.21441e+09 -6.26196e+08
-1.21365e+09 -6.2777e+08
-1.21289e+09 -6.29344e+08
-1.21213e+09 -6.30917e+08
-1.21136e+09 -6.32488e+08
-1.21059e+09 -6.34059e+08
-1.20982e+09 -6.35629e+08
-1.20905e+09 -6.37198e+08
-1.20828e+09 -6.38766e+08
-1.20751e+09 -6.40333e+08
-1.20673e+09 -6.41898e+08
-1.20595e+09 -6.43463e+08
-1.20517e+09 -6.45027e+08
-1.20439e+09 -6.4659e+08
-1.20361e+09 -6.48152e+08
-1.20282e+09 -6.49713e+08
-1.20204e+09 -6.51273e+08
-1.20125e+09 -6.52832e+08
-1.20046e+09 -6.5439e+08
-1.19966e+09 -6.55947e+08
-1.19887e+09 -6.57502e+08
-1.19807e+09 -6.59057e+08
-1.19727e+09 -6.60611e+08
-1.19647e+09 -6.62164e+08
-1.19567e+09 -6.63716e+08
-1.19487e+09 -6.65267e+08
-1.19406e+09 -6.66816e+08
-1.19325e+09 -6.68365e+08
-1.19245e+09 -6.69913e+08
-1.19163e+09 -6.7146e+08
-1.19082e+09 -6.73005e+08
-1.19001e+09 -6.7455e+08
-1.18919e+09 -6.76094e+08
-1.18837e+09 -6.77636e+08
-1.18755e+09 -6.79178e+08
-1.18673e+09 -6.80718e+08
-1.1859e+09 -6.82258e+08
-1.18508e+09 -6.83796e+08
-1.18425e+09 -6.85333e+08
-1.18342e+09 -6.8687e+08
-1.18259e+09 -6.88405e+08
-1.18176e+09 -6.89939e+08
-1.18092e+09 -6.91472e+08
-1.18009e+09 -6.93004e+08
-1.17925e+09 -6.94535e+08
-1.17841e+09 -6.96065e+08
-1.17757e+09 -6.97594e+08
-1.17672e+09 -6.99122e+08
-1.17588e+09 -7.00649e+08
-1.17503e+09 -7.02174e+08
-1.17418e+09 -7.03699e+08
-1.17333e+09 -7.05222e+08
-1.17248e+09 -7.06745e+08
-1.17162e+09 -7.08266e+08
-1.17077e+09 -7.09786e+08
-1.16991e+09 -7.11306e+08
-1.16905e+09 -7.12824e+08
-1.16819e+09 -7.14341e+08
-1.16732e+09 -7.15857e+08
-1.16646e+09 -7.17371e+08
-1.16559e+09 -7.18885e+08
-1.16472e+09 -7.20398e+08
-1.16385e+09 -7.21909e+08
-1.16298e+09 -7.2342e+08
-1.1621e+09 -7.24929e+08
-1.16123e+09 -7.26437e+08
-1.16035e+09 -7.27944e+08
-1.15947e+09 -7.2945e+08
-1.15859e+09 -7.30955e+08
-1.15771e+09 -7.32459e+08
-1.15682e+09 -7.33962e+08
-1.15593e+09 -7.35463e+08
-1.15505e+09 -7.36964e+08
-1.15416e+09 -7.38463e+08
-1.15326e+09 -7.39961e+08
-1.15237e+09 -7.41458e+08
-1.15148e+09 -7.42954e+08
-1.15058e+09 -7.44449e+08
-1.14968e+09 -7.45942e+08
-1.14878e+09 -7.47435e+08
-1.14788e+09 -7.48926e+08
-1.14697e+09 -7.50416e+08
-1.14607e+09 -7.51905e+08
-1.14516e+09 -7.53393e+08
-1.14425e+09 -7.5488e+08
-1.14334e+09 -7.56366e+08
-1.14243e+09 -7.5785e+08
-1.14151e+09 -7.59334e+08
-1.1406e+09 -7.60816e+08
-1.13968e+09 -7.62297e+08
-1.13876e+09 -7.63777e+08
-1.13784e+09 -7.65255e+08
-1.13691e+09 -7.66733e+08
-1.13599e+09 -7.68209e+08
-1.13506e+09 -7.69684e+08
-1.13413e+09 -7.71158e+08
-1.1332e+09 -7.72631e+08
-1.13227e+09 -7.74103e+08
-1.13134e+09 -7.75573e+08
-1.1304e+09 -7.77043e+08
-1.12947e+09 -7.78511e+08
-1.12853e+09 -7.79978e+08
-1.12759e+09 -7.81444e+08
-1.12664e+09 -7.82908e+08
-1.1257e+09 -7.84372e+08
-1.12476e+09 -7.85834e+08
-1.12381e+09 -7.87295e+08
-1.12286e+09 -7.88755e+08
-1.12191e+09 -7.90213e+08
-1.12096e+09 -7.91671e+08
-1.12e+09 -7.93127e+08
-1.11905e+09 -7.94582e+08
-1.11809e+09 -7.96036e+08
-1.11713e+09 -7.97488e+08
-1.11617e+09 -7.9894e+08
-1.11521e+09 -8.0039e+08
-1.11424e+09 -8.01839e+08
-1.11328e+09 -8.03287e+08
-1.11231e+09 -8.04733e+08
-1.11134e+09 -8.06179e+08
-1.11037e+09 -8.07623e+08
-1.1094e+09 -8.09066e+08
-1.10842e+09 -8.10507e+08
-1.10745e+09 -8.11948e+08
-1.10647e+09 -8.13387e+08
-1.10549e+09 -8.14825e+08
-1.10451e+09 -8.16262e+08
-1.10353e+09 -8.17697e+08
-1.10254e+09 -8.19132e+08
-1.10156e+09 -8.20565e+08
-1.10057e+09 -8.21997e+08
-1.09958e+09 -8.23427e+08
-1.09859e+09 -8.24857e+08
-1.0976e+09 -8.26285e+08
-1.0966e+09 -8.27712e+08
-1.09561e+09 -8.29137e+08
-1.09461e+09 -8.30562e+08
-1.09361e+09 -8.31985e+08
-1.09261e+09 -8.33407e+08
-1.09161e+09 -8.34827e+08
-1.0906e+09 -8.36246e+08
-1.0896e+09 -8.37665e+08
-1.08859e+09 -8.39081e+08
-1.08758e+09 -8.40497e+08
-1.08657e+09 -8.41911e+08
-1.08556e+09 -8.43324e+08
-1.08454e+09 -8.44736e+08
-1.08353e+09 -8.46146e+08
-1.08251e+09 -8.47556e+08
-1.08149e+09 -8.48964e+08
-1.08047e+09 -8.5037e+08
-1.07945e+09 -8.51776e+08
-1.07843e+09 -8.5318e+08
-1.0774e+09 -8.54582e+08
-1.07637e+09 -8.55984e+08
-1.07534e+09 -8.57384e+08
-1.07431e+09 -8.58783e+08
-1.07328e+09 -8.60181e+08
-1.07225e+09 -8.61577e+08
-1.07121e+09 -8.62972e+08
-1.07018e+09 -8.64366e+08
-1.06914e+09 -8.65758e+08
-1.0681e+09 -8.6715e+08
-1.06706e+09 -8.6854e+08
-1.06602e+09 -8.69928e+08
-1.06497e+09 -8.71315e+08
-1.06393e+09 -8.72701e+08
-1.06288e+09 -8.74086e+08
-1.06183e+09 -8.75469e+08
-1.06078e+09 -8.76851e+08
-1.05972e+09 -8.78232e+08
-1.05867e+09 -8.79612e+08
-1.05761e+09 -8.8099e+08
-1.05656e+09 -8.82366e+08
-1.0555e+09 -8.83742e+08
-1.05444e+09 -8.85116e+08
-1.05338e+09 -8.86489e+08
-1.05231e+09 -8.8786e+08
-1.05125e+09 -8.8923e+08
-1.05018e+09 -8.90599e+08
-1.04911e+09 -8.91967e+08
-1.04804e+09 -8.93333e+08
-1.04697e+09 -8.94698e+08
-1.0459e+09 -8.96061e+08
-1.04482e+09 -8.97423e+08
-1.04375e+09 -8.98784e+08
-1.04267e+09 -9.00144e+08
-1.04159e+09 -9.01502e+08
-1.04051e+09 -9.02858e+08
-1.03943e+09 -9.04214e+08
-1.03834e+09 -9.05568e+08
-1.03726e+09 -9.06921e+08
-1.03617e+09 -9.08272e+08
-1.03508e+09 -9.09622e+08
-1.03399e+09 -9.10971e+08
-1.0329e+09 -9.12318e+08
-1.03181e+09 -9.13664e+08
-1.03071e+09 -9.15008e+08
-1.02962e+09 -9.16352e+08
-1.02852e+09 -9.17694e+08
-1.02742e+09 -9.19034e+08
-1.02632e+09 -9.20373e+08
-1.02522e+09 -9.21711e+08
-1.02411e+09 -9.23047e+08
-1.02301e+09 -9.24382e+08
-1.0219e+09 -9.25716e+08
-1.02079e+09 -9.27048e+08
-1.01968e+09 -9.28379e+08
-1.01857e+09 -9.29708e+08
-1.01746e+09 -9.31037e+08
-1.01634e+09 -9.32363e+08
-1.01523e+09 -9.33689e+08
-1.01411e+09 -9.35013e+08
-1.01299e+09 -9.36335e+08
-1.01187e+09 -9.37656e+08
-1.01075e+09 -9.38976e+08
-1.00962e+09 -9.40294e+08
-1.0085e+09 -9.41611e+08
-1.00737e+09 -9.42927e+08
-1.00624e+09 -9.44241e+08
-1.00511e+09 -9.45554e+08
-1.00398e+09 -9.46865e+08
-1.00285e+09 -9.48175e+08
-1.00172e+09 -9.49484e+08
-1.00058e+09 -9.50791e+08
-9.99445e+08 -9.52097e+08
-9.98306e+08 -9.53401e+08
-9.97166e+08 -9.54704e+08
-9.96025e+08 -9.56006e+08
-9.94882e+08 -9.57306e+08
-9.93738e+08 -9.58604e+08
-9.92592e+08 -9.59902e+08
-9.91445e+08 -9.61198e+08
-9.90296e+08 -9.62492e+08
-9.89146e+08 -9.63785e+08
-9.87994e+08 -9.65077e+08
-9.86841e+08 -9.66367e+08
-9.85686e+08 -9.67655e+08
-9.8453e+08 -9.68943e+08
-9.83373e+08 -9.70229e+08
-9.82214e+08 -9.71513e+08
-9.81054e+08 -9.72796e+08
-9.79892e+08 -9.74078e+08
-9.78728e+08 -9.75358e+08
-9.77564e+08 -9.76636e+08
-9.76398e+08 -9.77914e+08
-9.7523e+08 -9.7919e+08
-9.74061e+08 -9.80464e+08
-9.7289e+08 -9.81737e+08
-9.71718e+08 -9.83008e+08
-9.70545e+08 -9.84278e+08
-9.6937e+08 -9.85547e+08
-9.68194e+08 -9.86814e+08
-9.67016e+08 -9.8808e+08
-9.65837e+08 -9.89344e+08
-9.64657e+08 -9.90607e+08
-9.63475e+08 -9.91868e+08
-9.62292e+08 -9.93128e+08
-9.61107e+08 -9.94386e+08
-9.59921e+08 -9.95643e+08
-9.58733e+08 -9.96898e+08
-9.57544e+08 -9.98152e+08
-9.56354e+08 -9.99405e+08
-9.55162e+08 -1.00066e+09
-9.53969e+08 -1.00191e+09
-9.52774e+08 -1.00315e+09
-9.51578e+08 -1.0044e+09
-9.50381e+08 -1.00565e+09
-9.49182e+08 -1.00689e+09
-9.47982e+08 -1.00813e+09
-9.4678e+08 -1.00937e+09
-9.45577e+08 -1.01061e+09
-9.44373e+08 -1.01185e+09
-9.43167e+08 -1.01309e+09
-9.4196e+08 -1.01432e+09
-9.40752e+08 -1.01555e+09
-9.39542e+08 -1.01679e+09
-9.38331e+08 -1.01802e+09
-9.37118e+08 -1.01924e+09
-9.35904e+08 -1.02047e+09
-9.34689e+08 -1.0217e+09
-9.33472e+08 -1.02292e+09
-9.32254e+08 -1.02414e+09
-9.31034e+08 -1.02537e+09
-9.29813e+08 -1.02659e+09
-9.28591e+08 -1.0278e+09
-9.27368e+08 -1.02902e+09
-9.26143e+08 -1.03024e+09
-9.24916e+08 -1.03145e+09
-9.23689e+08 -1.03266e+09
-9.2246e+08 -1.03387e+09
-9.2123e+08 -1.03508e+09
-9.19998e+08 -1.03629e+09
-9.18765e+08 -1.0375e+09
-9.17531e+08 -1.0387e+09
-9.16295e+08 -1.03991e+09
-9.15058e+08 -1.04111e+09
-9.13819e+08 -1.04231e+09
-9.1258e+08 -1.04351e+09
-9.11339e+08 -1.0447e+09
-9.10096e+08 -1.0459e+09
-9.08853e+08 -1.04709e+09
-9.07608e+08 -1.04829e+09
-9.06361e+08 -1.04948e+09
-9.05114e+08 -1.05067e+09
-9.03865e+08 -1.05185e+09
-9.02614e+08 -1.05304e+09
-9.01363e+08 -1.05423e+09
-9.0011e+08 -1.05541e+09
-8.98856e+08 -1.05659e+09
-8.976e+08 -1.05777e+09
-8.96343e+08 -1.05895e+09
-8.95085e+08 -1.06013e+09
-8.93826e+08 -1.0613e+09
-8.92565e+08 -1.06248e+09
-8.91303e+08 -1.06365e+09
-8.9004e+08 -1.06482e+09
-8.88775e+08 -1.06599e+09
-8.87509e+08 -1.06716e+09
-8.86242e+08 -1.06833e+09
-8.84973e+08 -1.06949e+09
-8.83704e+08 -1.07065e+09
-8.82432e+08 -1.07182e+09
-8.8116e+08 -1.07298e+09
-8.79886e+08 -1.07413e+09
-8.78612e+08 -1.07529e+09
-8.77335e+08 -1.07645e+09
-8.76058e+08 -1.0776e+09
-8.74779e+08 -1.07875e+09
-8.73499e+08 -1.0799e+09
-8.72218e+08 -1.08105e+09
-8.70935e+08 -1.0822e+09
-8.69652e+08 -1.08335e+09
-8.68367e+08 -1.08449e+09
-8.6708e+08 -1.08564e+09
-8.65793e+08 -1.08678e+09
-8.64504e+08 -1.08792e+09
-8.63214e+08 -1.08906e+09
-8.61923e+08 -1.09019e+09
-8.6063e+08 -1.09133e+09
-8.59336e+08 -1.09246e+09
-8.58041e+08 -1.09359e+09
-8.56745e+08 -1.09472e+09
-8.55447e+08 -1.09585e+09
-8.54149e+08 -1.09698e+09
-8.52849e+08 -1.09811e+09
-8.51547e+08 -1.09923e+09
-8.50245e+08 -1.10035e+09
-8.48941e+08 -1.10147e+09
-8.47636e+08 -1.10259e+09
-8.4633e+08 -1.10371e+09
-8.45023e+08 -1.10483e+09
-8.43714e+08 -1.10594e+09
-8.42405e+08 -1.10706e+09
-8.41094e+08 -1.10817e+09
-8.39781e+08 -1.10928e+09
-8.38468e+08 -1.11039e+09
-8.37153e+08 -1.11149e+09
-8.35838e+08 -1.1126e+09
-8.3452e+08 -1.1137e+09
-8.33202e+08 -1.1148e+09
-8.31883e+08 -1.1159e+09
-8.30562e+08 -1.117e+09
-8.2924e+08 -1.1181e+09
-8.27917e+08 -1.11919e+09
-8.26593e+08 -1.12029e+09
-8.25268e+08 -1.12138e+09
-8.23941e+08 -1.12247e+09
-8.22613e+08 -1.12356e+09
-8.21284e+08 -1.12465e+09
-8.19954e+08 -1.12573e+09
-8.18623e+08 -1.12682e+09
-8.1729e+08 -1.1279e+09
-8.15957e+08 -1.12898e+09
-8.14622e+08 -1.13006e+09
-8.13286e+08 -1.13114e+09
-8.11949e+08 -1.13221e+09
-8.1061e+08 -1.13329e+09
-8.09271e+08 -1.13436e+09
-8.0793e+08 -1.13543e+09
-8.06588e+08 -1.1365e+09
-8.05246e+08 -1.13757e+09
-8.03901e+08 -1.13864e+09
-8.02556e+08 -1.1397e+09
-8.0121e+08 -1.14076e+09
-7.99862e+08 -1.14183e+09
-7.98513e+08 -1.14289e+09
-7.97164e+08 -1.14394e+09
-7.95813e+08 -1.145e+09
-7.9446e+08 -1.14606e+09
-7.93107e+08 -1.14711e+09
-7.91753e+08 -1.14816e+09
-7.90397e+08 -1.14921e+09
-7.8904e+08 -1.15026e+09
-7.87683e+08 -1.15131e+09
-7.86324e+08 -1.15235e+09
-7.84964e+08 -1.15339e+09
-7.83603e+08 -1.15444e+09
-7.8224e+08 -1.15548e+09
-7.80877e+08 -1.15652e+09
-7.79512e+08 -1.15755e+09
-7.78147e+08 -1.15859e+09
-7.7678e+08 -1.15962e+09
-7.75412e+08 -1.16065e+09
-7.74043e+08 -1.16168e+09
-7.72673e+08 -1.16271e+09
-7.71302e+08 -1.16374e+09
-7.6993e+08 -1.16476e+09
-7.68556e+08 -1.16579e+09
-7.67182e+08 -1.16681e+09
-7.65806e+08 -1.16783e+09
-7.6443e+08 -1.16885e+09
-7.63052e+08 -1.16987e+09
-7.61673e+08 -1.17088e+09
-7.60293e+08 -1.1719e+09
-7.58912e+08 -1.17291e+09
-7.5753e+08 -1.17392e+09
-7.56147e+08 -1.17493e+09
-7.54763e+08 -1.17593e+09
-7.53378e+08 -1.17694e+09
-7.51991e+08 -1.17794e+09
-7.50604e+08 -1.17895e+09
-7.49215e+08 -1.17995e+09
-7.47826e+08 -1.18095e+09
-7.46435e+08 -1.18194e+09
-7.45043e+08 -1.18294e+09
-7.43651e+08 -1.18393e+09
-7.42257e+08 -1.18492e+09
-7.40862e+08 -1.18591e+09
-7.39466e+08 -1.1869e+09
-7.38069e+08 -1.18789e+09
-7.36671e+08 -1.18888e+09
-7.35272e+08 -1.18986e+09
-7.33872e+08 -1.19084e+09
-7.32471e+08 -1.19182e+09
-7.31069e+08 -1.1928e+09
-7.29666e+08 -1.19378e+09
-7.28262e+08 -1.19475e+09
-7.26856e+08 -1.19573e+09
-7.2545e+08 -1.1967e+09
-7.24043e+08 -1.19767e+09
-7.22634e+08 -1.19864e+09
-7.21225e+08 -1.1996e+09
-7.19815e+08 -1.20057e+09
-7.18403e+08 -1.20153e+09
-7.16991e+08 -1.20249e+09
-7.15577e+08 -1.20346e+09
-7.14163e+08 -1.20441e+09
-7.12748e+08 -1.20537e+09
-7.11331e+08 -1.20633e+09
-7.09914e+08 -1.20728e+09
-7.08495e+08 -1.20823e+09
-7.07076e+08 -1.20918e+09
-7.05655e+08 -1.21013e+09
-7.04234e+08 -1.21108e+09
-7.02812e+08 -1.21202e+09
-7.01388e+08 -1.21296e+09
-6.99964e+08 -1.2139e+09
-6.98538e+08 -1.21484e+09
-6.97112e+08 -1.21578e+09
-6.95685e+08 -1.21672e+09
-6.94256e+08 -1.21765e+09
-6.92827e+08 -1.21859e+09
-6.91397e+08 -1.21952e+09
-6.89965e+08 -1.22045e+09
-6.88533e+08 -1.22138e+09
-6.871e+08 -1.2223e+09
-6.85666e+08 -1.22323e+09
-6.84231e+08 -1.22415e+09
-6.82795e+08 -1.22507e+09
-6.81357e+08 -1.22599e+09
-6.79919e+08 -1.22691e+09
-6.7848e+08 -1.22782e+09
-6.77041e+08 -1.22874e+09
-6.756e+08 -1.22965e+09
-6.74158e+08 -1.23056e+09
-6.72715e+08 -1.23147e+09
-6.71271e+08 -1.23238e+09
-6.69827e+08 -1.23328e+09
-6.68381e+08 -1.23419e+09
-6.66935e+08 -1.23509e+09
-6.65487e+08 -1.23599e+09
-6.64039e+08 -1.23689e+09
-6.62589e+08 -1.23778e+09
-6.61139e+08 -1.23868e+09
-6.59688e+08 -1.23957e+09
-6.58236e+08 -1.24046e+09
-6.56783e+08 -1.24135e+09
-6.55329e+08 -1.24224e+09
-6.53874e+08 -1.24313e+09
-6.52418e+08 -1.24401e+09
-6.50962e+08 -1.2449e+09
-6.49504e+08 -1.24578e+09
-6.48045e+08 -1.24666e+09
-6.46586e+08 -1.24754e+09
-6.45126e+08 -1.24841e+09
-6.43664e+08 -1.24929e+09
-6.42202e+08 -1.25016e+09
-6.40739e+08 -1.25103e+09
-6.39275e+08 -1.2519e+09
-6.37811e+08 -1.25277e+09
-6.36345e+08 -1.25363e+09
-6.34878e+08 -1.2545e+09
-6.33411e+08 -1.25536e+09
-6.31942e+08 -1.25622e+09
-6.30473e+08 -1.25708e+09
-6.29003e+08 -1.25794e+09
-6.27532e+08 -1.25879e+09
-6.2606e+08 -1.25964e+09
-6.24587e+08 -1.2605e+09
-6.23114e+08 -1.26135e+09
-6.21639e+08 -1.2622e+09
-6.20164e+08 -1.26304e+09
-6.18688e+08 -1.26389e+09
-6.17211e+08 -1.26473e+09
-6.15733e+08 -1.26557e+09
-6.14254e+08 -1.26641e+09
-6.12774e+08 -1.26725e+09
-6.11294e+08 -1.26809e+09
-6.09812e+08 -1.26892e+09
-6.0833e+08 -1.26975e+09
-6.06847e+08 -1.27058e+09
-6.05363e+08 -1.27141e+09
-6.03879e+08 -1.27224e+09
-6.02393e+08 -1.27307e+09
-6.00907e+08 -1.27389e+09
-5.99419e+08 -1.27471e+09
-5.97931e+08 -1.27553e+09
-5.96442e+08 -1.27635e+09
-5.94953e+08 -1.27717e+09
-5.93462e+08 -1.27798e+09
-5.91971e+08 -1.2788e+09
-5.90479e+08 -1.27961e+09
-5.88986e+08 -1.28042e+09
-5.87492e+08 -1.28123e+09
-5.85997e+08 -1.28203e+09
-5.84502e+08 -1.28284e+09
-5.83005e+08 -1.28364e+09
-5.81508e+08 -1.28444e+09
-5.8001e+08 -1.28524e+09
-5.78512e+08 -1.28604e+09
-5.77012e+08 -1.28683e+09
-5.75512e+08 -1.28763e+09
-5.74011e+08 -1.28842e+09
-5.72509e+08 -1.28921e+09
