0.000648506 0
0.001297 3.43833e-06
0.00194544 1.03147e-05
0.0025938 2.06283e-05
0.00324205 3.43784e-05
0.00389015 5.15634e-05
0.00453807 7.21818e-05
0.00518579 9.62315e-05
0.00583326 0.00012371
0.00648045 0.000154615
0.00712734 0.000188943
0.00777389 0.000226691
0.00842007 0.000267855
0.00906585 0.000312431
0.00971119 0.000360415
0.0103561 0.000411801
0.0110004 0.000466585
0.0116443 0.000524761
0.0122876 0.000586324
0.0129303 0.000651266
0.0135723 0.000719581
0.0142138 0.000791264
0.0148545 0.000866307
0.0154945 0.000944702
0.0161337 0.00102644
0.0167722 0.00111152
0.0174098 0.00119993
0.0180466 0.00129167
0.0186826 0.00138671
0.0193176 0.00148507
0.0199517 0.00158672
0.0205848 0.00169166
0.0212169 0.00179988
0.0218481 0.00191136
0.0224781 0.00202611
0.0231071 0.00214411
0.023735 0.00226535
0.0243618 0.00238981
0.0249874 0.00251749
0.0256119 0.00264838
0.0262351 0.00278246
0.0268571 0.00291972
0.0274779 0.00306015
0.0280973 0.00320374
0.0287155 0.00335047
0.0293323 0.00350033
0.0299478 0.00365331
0.0305619 0.0038094
0.0311746 0.00396857
0.0317859 0.00413081
0.0323957 0.00429612
0.0330041 0.00446447
0.0336109 0.00463585
0.0342163 0.00481024
0.0348201 0.00498763
0.0354224 0.00516801
0.036023 0.00535135
0.0366221 0.00553763
0.0372196 0.00572685
0.0378154 0.00591899
0.0384095 0.00611402
0.0390019 0.00631192
0.0395927 0.00651269
0.0401817 0.0067163
0.040769 0.00692273
0.0413545 0.00713196
0.0419382 0.00734398
0.0425201 0.00755876
0.0431001 0.00777629
0.0436783 0.00799653
0.0442547 0.00821949
0.0448291 0.00844513
0.0454016 0.00867343
0.0459722 0.00890437
0.0465409 0.00913794
0.0471076 0.00937412
0.0476723 0.00961287
0.048235 0.00985419
0.0487957 0.010098
0.0493543 0.0103444
0.0499109 0.0105933
0.0504654 0.0108446
0.0510178 0.0110984
0.0515681 0.0113547
0.0521163 0.0116133
0.0526624 0.0118743
0.0532063 0.0121377
0.0537481 0.0124035
0.0542876 0.0126715
0.054825 0.0129418
0.0553601 0.0132145
0.0558931 0.0134893
0.0564237 0.0137664
0.0569522 0.0140457
0.0574783 0.0143271
0.0580022 0.0146107
0.0585237 0.0148965
0.059043 0.0151843
0.0595599 0.0154742
0.0600745 0.0157662
0.0605867 0.0160602
0.0610966 0.0163562
0.0616041 0.0166542
0.0621091 0.0169541
0.0626118 0.017256
0.0631121 0.0175598
0.0636099 0.0178654
0.0641053 0.0181729
0.0645983 0.0184822
0.0650887 0.0187934
0.0655767 0.0191063
0.0660622 0.0194209
0.0665452 0.0197373
0.0670257 0.0200553
0.0675036 0.0203751
0.0679791 0.0206964
0.0684519 0.0210194
0.0689222 0.021344
0.0693899 0.0216702
0.0698551 0.0219979
0.0703176 0.0223271
0.0707776 0.0226578
0.0712349 0.02299
0.0716897 0.0233236
0.0721418 0.0236586
0.0725912 0.0239951
0.0730381 0.0243329
0.0734823 0.0246721
0.0739238 0.0250125
0.0743626 0.0253543
0.0747988 0.0256974
0.0752324 0.0260417
0.0756632 0.0263872
0.0760914 0.026734
0.0765168 0.0270819
0.0769396 0.027431
0.0773597 0.0277812
0.0777771 0.0281326
0.0781917 0.028485
0.0786037 0.0288385
0.0790129 0.029193
0.0794195 0.0295486
0.0798233 0.0299052
0.0802244 0.0302627
0.0806227 0.0306213
0.0810184 0.0309807
0.0814113 0.0313411
0.0818015 0.0317023
0.082189 0.0320645
0.0825738 0.0324275
0.0829558 0.0327913
0.0833351 0.0331559
0.0837117 0.0335213
0.0840856 0.0338875
0.0844567 0.0342545
0.0848251 0.0346221
0.0851908 0.0349905
0.0855538 0.0353596
0.0859141 0.0357293
0.0862716 0.0360997
0.0866264 0.0364707
0.0869786 0.0368423
0.087328 0.0372145
0.0876747 0.0375873
0.0880187 0.0379607
0.08836 0.0383345
0.0886986 0.038709
0.0890345 0.0390839
0.0893678 0.0394593
0.0896983 0.0398351
0.0900262 0.0402115
0.0903514 0.0405882
0.090674 0.0409654
0.0909939 0.041343
0.0913111 0.041721
0.0916257 0.0420993
0.0919377 0.042478
0.092247 0.0428571
0.0925537 0.0432364
0.0928578 0.0436161
0.0931593 0.0439961
0.0934582 0.0443764
0.0937545 0.0447569
0.0940482 0.0451377
0.0943393 0.0455187
0.0946278 0.0458999
0.0949138 0.0462814
0.0951973 0.046663
0.0954781 0.0470449
0.0957565 0.0474269
0.0960323 0.047809
0.0963057 0.0481913
0.0965765 0.0485737
0.0968448 0.0489562
0.0971106 0.0493388
0.0973739 0.0497215
0.0976348 0.0501043
0.0978932 0.0504871
0.0981492 0.05087
0.0984027 0.0512529
0.0986538 0.0516358
0.0989024 0.0520187
0.0991487 0.0524016
0.0993925 0.0527845
0.099634 0.0531673
0.099873 0.0535501
0.10011 0.0539328
0.100344 0.0543154
0.100576 0.0546979
0.100806 0.0550804
0.101033 0.0554627
0.101258 0.0558449
0.10148 0.0562269
0.101701 0.0566088
0.101919 0.0569905
0.102135 0.057372
0.102348 0.0577534
0.102559 0.0581345
0.102768 0.0585155
0.102975 0.0588962
0.103179 0.0592767
0.103382 0.0596569
0.103582 0.0600369
0.103779 0.0604165
0.103975 0.0607959
0.104168 0.0611751
0.10436 0.0615539
0.104549 0.0619324
0.104736 0.0623105
0.104921 0.0626883
0.105103 0.0630658
0.105284 0.0634429
0.105462 0.0638196
0.105639 0.064196
0.105813 0.064572
0.105985 0.0649475
0.106155 0.0653227
0.106323 0.0656974
0.106489 0.0660716
0.106653 0.0664455
0.106815 0.0668188
0.106975 0.0671918
0.107133 0.0675642
0.107289 0.0679361
0.107442 0.0683075
0.107594 0.0686785
0.107744 0.0690489
0.107892 0.0694187
0.108038 0.0697881
0.108182 0.0701569
0.108324 0.0705251
0.108465 0.0708927
0.108603 0.0712598
0.108739 0.0716263
0.108874 0.0719922
0.109007 0.0723575
0.109137 0.0727221
0.109266 0.0730862
0.109393 0.0734496
0.109519 0.0738124
0.109642 0.0741745
0.109763 0.074536
0.109883 0.0748968
0.110001 0.075257
0.110117 0.0756165
0.110232 0.0759753
0.110344 0.0763334
0.110455 0.0766908
0.110564 0.0770476
0.110671 0.0774036
0.110777 0.0777589
0.110881 0.0781134
0.110983 0.0784673
0.111083 0.0788204
0.111182 0.0791728
0.111279 0.0795244
0.111374 0.0798753
0.111468 0.0802255
0.11156 0.0805748
0.11165 0.0809235
0.111739 0.0812713
0.111826 0.0816184
0.111912 0.0819647
0.111996 0.0823102
0.112078 0.0826549
0.112158 0.0829989
0.112238 0.083342
0.112315 0.0836843
0.112391 0.0840259
0.112466 0.0843666
0.112538 0.0847065
0.11261 0.0850456
0.11268 0.0853838
0.112748 0.0857212
0.112815 0.0860578
0.11288 0.0863936
0.112944 0.0867285
0.113006 0.0870626
0.113067 0.0873959
0.113127 0.0877283
0.113185 0.0880598
0.113241 0.0883905
0.113297 0.0887204
0.11335 0.0890493
0.113403 0.0893775
0.113454 0.0897047
0.113503 0.0900311
0.113551 0.0903567
0.113598 0.0906813
0.113644 0.0910051
0.113688 0.091328
0.11373 0.0916501
0.113772 0.0919712
0.113812 0.0922915
0.113851 0.0926109
0.113888 0.0929295
0.113924 0.0932471
0.113959 0.0935639
0.113993 0.0938797
0.114025 0.0941947
0.114056 0.0945088
0.114086 0.094822
0.114115 0.0951343
0.114142 0.0954458
0.114168 0.0957563
0.114193 0.0960659
0.114217 0.0963747
0.114239 0.0966825
0.114261 0.0969895
0.114281 0.0972955
0.1143 0.0976006
0.114318 0.0979049
0.114334 0.0982082
0.11435 0.0985106
0.114364 0.0988121
0.114377 0.0991127
0.11439 0.0994124
0.114401 0.0997112
0.114411 0.100009
0.11442 0.100306
0.114427 0.100602
0.114434 0.100897
0.11444 0.101191
0.114444 0.101484
0.114448 0.101777
0.11445 0.102068
0.114452 0.102359
0.114452 0.102648
0.114452 0.102937
0.11445 0.103225
0.114447 0.103511
0.114444 0.103797
0.114439 0.104082
0.114434 0.104366
0.114427 0.104649
0.11442 0.104931
0.114411 0.105212
0.114402 0.105493
0.114392 0.105772
0.11438 0.10605
0.114368 0.106328
0.114355 0.106604
0.114341 0.10688
0.114326 0.107154
0.11431 0.107428
0.114294 0.107701
0.114276 0.107972
0.114258 0.108243
0.114238 0.108513
0.114218 0.108782
0.114197 0.10905
0.114175 0.109317
0.114152 0.109583
0.114129 0.109849
0.114104 0.110113
0.114079 0.110376
0.114053 0.110638
0.114026 0.1109
0.113999 0.11116
0.11397 0.11142
0.113941 0.111679
0.113911 0.111936
0.11388 0.112193
0.113849 0.112449
0.113816 0.112704
0.113783 0.112958
0.11375 0.113211
0.113715 0.113463
0.11368 0.113714
0.113644 0.113964
0.113607 0.114213
0.113569 0.114461
0.113531 0.114709
0.113492 0.114955
0.113453 0.115201
0.113412 0.115445
0.113371 0.115689
0.11333 0.115932
0.113287 0.116174
0.113244 0.116415
0.113201 0.116655
0.113156 0.116894
0.113111 0.117132
0.113066 0.117369
0.113019 0.117605
0.112972 0.117841
0.112925 0.118075
0.112876 0.118309
0.112827 0.118542
0.112778 0.118773
0.112728 0.119004
0.112677 0.119234
0.112626 0.119463
0.112574 0.119692
0.112521 0.119919
0.112468 0.120145
0.112414 0.120371
0.11236 0.120596
0.112305 0.120819
0.11225 0.121042
0.112194 0.121264
0.112137 0.121486
0.11208 0.121706
0.112022 0.121925
0.111964 0.122144
0.111905 0.122362
0.111846 0.122578
0.111786 0.122794
0.111726 0.12301
0.111665 0.123224
0.111603 0.123437
0.111541 0.12365
0.111479 0.123862
0.111416 0.124073
0.111353 0.124283
0.111289 0.124492
0.111224 0.1247
0.111159 0.124908
0.111094 0.125114
0.111028 0.12532
0.110962 0.125525
0.110895 0.12573
0.110828 0.125933
0.11076 0.126136
0.110692 0.126337
0.110623 0.126538
0.110554 0.126739
0.110485 0.126938
0.110415 0.127137
0.110344 0.127334
0.110274 0.127531
0.110202 0.127727
0.110131 0.127923
0.110059 0.128117
0.109986 0.128311
0.109913 0.128504
0.10984 0.128696
0.109766 0.128888
0.109692 0.129078
0.109618 0.129268
0.109543 0.129457
0.109468 0.129645
0.109393 0.129833
0.109317 0.13002
0.10924 0.130206
0.109164 0.130391
0.109087 0.130575
0.109009 0.130759
0.108932 0.130942
0.108854 0.131124
0.108775 0.131305
0.108697 0.131486
0.108618 0.131665
0.108538 0.131845
0.108459 0.132023
0.108379 0.1322
0.108298 0.132377
0.108218 0.132553
0.108137 0.132728
0.108055 0.132903
0.107974 0.133077
0.107892 0.13325
0.10781 0.133422
0.107728 0.133594
0.107645 0.133764
0.107562 0.133934
0.107479 0.134104
0.107395 0.134272
0.107312 0.13444
0.107228 0.134607
0.107143 0.134774
0.107059 0.134939
0.106974 0.135104
0.106889 0.135268
0.106804 0.135432
0.106718 0.135594
0.106632 0.135756
0.106546 0.135918
0.10646 0.136078
0.106373 0.136238
0.106287 0.136397
0.1062 0.136555
0.106113 0.136713
0.106025 0.13687
0.105938 0.137026
0.10585 0.137182
0.105762 0.137336
0.105674 0.137491
0.105585 0.137644
0.105497 0.137797
0.105408 0.137948
0.105319 0.1381
0.10523 0.13825
0.10514 0.1384
0.105051 0.138549
0.104961 0.138698
0.104871 0.138845
0.104781 0.138993
0.104691 0.139139
0.1046 0.139285
0.104509 0.13943
0.104419 0.139574
0.104328 0.139717
0.104237 0.13986
0.104145 0.140003
0.104054 0.140144
0.103962 0.140285
0.10387 0.140425
0.103779 0.140565
0.103687 0.140704
0.103594 0.140842
0.103502 0.140979
0.103409 0.141116
0.103317 0.141252
0.103224 0.141388
0.103131 0.141523
0.103038 0.141657
0.102945 0.14179
0.102852 0.141923
0.102758 0.142056
0.102665 0.142187
0.102571 0.142318
0.102477 0.142448
0.102383 0.142578
0.102289 0.142707
0.102195 0.142835
0.102101 0.142963
0.102006 0.14309
0.101912 0.143217
0.101817 0.143343
0.101723 0.143468
0.101628 0.143592
0.101533 0.143716
0.101438 0.14384
0.101343 0.143962
0.101248 0.144085
0.101152 0.144206
0.101057 0.144327
0.100961 0.144447
0.100866 0.144567
0.10077 0.144686
0.100674 0.144804
0.100578 0.144922
0.100482 0.14504
0.100386 0.145156
0.10029 0.145272
0.100194 0.145388
0.100098 0.145503
0.100002 0.145617
0.0999052 0.145731
0.0998088 0.145844
0.0997123 0.145956
0.0996157 0.146068
0.099519 0.146179
0.0994223 0.14629
0.0993255 0.1464
0.0992286 0.14651
0.0991317 0.146619
0.0990348 0.146728
0.0989377 0.146836
0.0988407 0.146943
0.0987435 0.14705
0.0986464 0.147156
0.0985491 0.147262
0.0984519 0.147367
0.0983545 0.147471
0.0982572 0.147575
0.0981598 0.147679
0.0980623 0.147782
0.0979648 0.147884
0.0978673 0.147986
0.0977697 0.148087
0.0976721 0.148188
0.0975745 0.148288
0.0974769 0.148388
0.0973792 0.148487
0.0972815 0.148585
0.0971837 0.148683
0.097086 0.148781
0.0969882 0.148878
0.0968904 0.148974
0.0967925 0.14907
0.0966947 0.149166
0.0965968 0.149261
0.0964989 0.149355
0.0964011 0.149449
0.0963031 0.149542
0.0962052 0.149635
0.0961073 0.149727
0.0960094 0.149819
0.0959114 0.14991
0.0958135 0.150001
0.0957155 0.150091
0.0956176 0.150181
0.0955196 0.15027
0.0954217 0.150359
0.0953237 0.150447
0.0952258 0.150535
0.0951278 0.150622
0.0950299 0.150709
0.094932 0.150795
0.094834 0.15088
0.0947361 0.150966
0.0946382 0.15105
0.0945403 0.151135
0.0944424 0.151218
0.0943445 0.151302
0.0942467 0.151384
0.0941488 0.151467
0.094051 0.151548
0.0939532 0.15163
0.0938554 0.151711
0.0937576 0.151791
0.0936598 0.151871
0.0935621 0.15195
0.0934644 0.152029
0.0933667 0.152108
0.093269 0.152186
0.0931714 0.152263
0.0930737 0.15234
0.0929761 0.152417
0.0928786 0.152493
0.092781 0.152569
0.0926835 0.152644
0.092586 0.152719
0.0924886 0.152793
0.0923912 0.152867
0.0922938 0.15294
0.0921964 0.153013
0.0920991 0.153086
0.0920018 0.153158
0.0919046 0.15323
0.0918073 0.153301
0.0917102 0.153371
0.091613 0.153442
0.0915159 0.153512
0.0914189 0.153581
0.0913218 0.15365
0.0912249 0.153719
0.0911279 0.153787
0.091031 0.153854
0.0909342 0.153922
0.0908374 0.153988
0.0907406 0.154055
0.0906439 0.154121
0.0905472 0.154186
0.0904506 0.154251
0.090354 0.154316
0.0902575 0.15438
0.090161 0.154444
0.0900646 0.154508
0.0899682 0.154571
0.0898718 0.154633
0.0897756 0.154696
0.0896793 0.154757
0.0895832 0.154819
0.089487 0.15488
0.089391 0.15494
0.0892949 0.155001
0.089199 0.15506
0.0891031 0.15512
0.0890072 0.155179
0.0889114 0.155237
0.0888157 0.155295
0.08872 0.155353
0.0886244 0.155411
0.0885288 0.155468
0.0884333 0.155524
0.0883379 0.155581
0.0882425 0.155636
0.0881472 0.155692
0.088052 0.155747
0.0879568 0.155802
0.0878617 0.155856
0.0877667 0.15591
0.0876717 0.155964
0.0875768 0.156017
0.087482 0.15607
0.0873872 0.156122
0.0872925 0.156174
0.0871979 0.156226
0.0871033 0.156277
0.0870089 0.156328
0.0869145 0.156379
0.0868201 0.156429
0.0867259 0.156479
0.0866317 0.156528
0.0865376 0.156578
0.0864436 0.156626
0.0863497 0.156675
0.0862558 0.156723
0.0861621 0.156771
0.0860684 0.156818
0.0859748 0.156865
0.0858812 0.156912
0.0857878 0.156958
0.0856944 0.157004
0.0856012 0.157049
0.085508 0.157095
0.0854149 0.15714
0.0853219 0.157184
0.085229 0.157228
0.0851361 0.157272
0.0850434 0.157316
0.0849508 0.157359
0.0848582 0.157402
0.0847657 0.157444
0.0846734 0.157486
0.0845811 0.157528
0.0844889 0.15757
0.0843968 0.157611
0.0843048 0.157652
0.0842129 0.157692
0.0841211 0.157732
0.0840294 0.157772
0.0839378 0.157811
0.0838463 0.157851
0.0837549 0.157889
0.0836636 0.157928
0.0835724 0.157966
0.0834814 0.158004
0.0833904 0.158041
0.0832995 0.158079
0.0832087 0.158115
0.083118 0.158152
0.0830274 0.158188
0.082937 0.158224
0.0828466 0.15826
0.0827563 0.158295
0.0826662 0.15833
0.0825761 0.158365
0.0824862 0.158399
0.0823964 0.158433
0.0823066 0.158467
0.082217 0.1585
0.0821275 0.158533
0.0820381 0.158566
0.0819488 0.158598
0.0818596 0.15863
0.0817706 0.158662
0.0816816 0.158694
0.0815928 0.158725
0.081504 0.158756
0.0814154 0.158787
0.0813269 0.158817
0.0812385 0.158847
0.0811502 0.158877
0.081062 0.158906
0.0809739 0.158935
0.0808859 0.158964
0.0807981 0.158993
0.0807103 0.159021
0.0806227 0.159049
0.0805352 0.159076
0.0804478 0.159104
0.0803605 0.159131
0.0802733 0.159158
0.0801862 0.159184
0.0800993 0.15921
0.0800124 0.159236
0.0799257 0.159262
0.0798391 0.159287
0.0797526 0.159312
0.0796662 0.159337
0.0795799 0.159362
0.0794937 0.159386
0.0794077 0.15941
0.0793218 0.159433
0.0792359 0.159457
0.0791502 0.15948
0.0790646 0.159503
0.0789791 0.159525
0.0788937 0.159548
0.0788085 0.15957
0.0787233 0.159591
0.0786383 0.159613
0.0785534 0.159634
0.0784686 0.159655
0.0783839 0.159676
0.0782993 0.159696
0.0782148 0.159716
0.0781305 0.159736
0.0780462 0.159756
0.0779621 0.159775
0.0778781 0.159794
0.0777942 0.159813
0.0777104 0.159832
0.0776267 0.15985
0.0775432 0.159868
0.0774597 0.159886
0.0773764 0.159903
0.0772932 0.159921
0.0772101 0.159938
0.0771271 0.159955
0.0770442 0.159971
0.0769614 0.159987
0.0768788 0.160004
0.0767962 0.160019
0.0767138 0.160035
0.0766315 0.16005
0.0765493 0.160065
0.0764672 0.16008
0.0763853 0.160095
0.0763034 0.160109
0.0762217 0.160123
0.0761401 0.160137
0.0760586 0.160151
0.0759772 0.160164
0.075896 0.160177
0.0758148 0.16019
0.0757338 0.160203
0.0756529 0.160215
0.0755721 0.160228
0.0754914 0.16024
0.0754109 0.160251
0.0753304 0.160263
0.0752501 0.160274
0.0751699 0.160285
0.0750898 0.160296
0.0750099 0.160307
0.07493 0.160317
0.0748503 0.160327
0.0747707 0.160337
0.0746912 0.160347
0.0746119 0.160356
0.0745327 0.160366
0.0744535 0.160375
0.0743745 0.160383
0.0742957 0.160392
0.0742169 0.1604
0.0741383 0.160409
0.0740598 0.160417
0.0739814 0.160424
0.0739031 0.160432
0.073825 0.160439
0.073747 0.160446
0.0736691 0.160453
0.0735913 0.16046
0.0735136 0.160466
0.0734361 0.160473
0.0733587 0.160479
0.0732814 0.160484
0.0732043 0.16049
0.0731272 0.160495
0.0730503 0.160501
0.0729736 0.160506
0.0728969 0.16051
0.0728204 0.160515
0.072744 0.160519
0.0726677 0.160524
0.0725915 0.160528
0.0725155 0.160531
0.0724396 0.160535
0.0723639 0.160538
0.0722882 0.160542
0.0722127 0.160544
0.0721373 0.160547
0.072062 0.16055
0.0719869 0.160552
0.0719119 0.160554
0.071837 0.160556
0.0717622 0.160558
0.0716876 0.16056
0.0716131 0.160561
0.0715387 0.160562
0.0714645 0.160563
0.0713904 0.160564
0.0713164 0.160565
0.0712425 0.160565
0.0711688 0.160566
0.0710951 0.160566
0.0710217 0.160566
0.0709483 0.160565
0.0708751 0.160565
0.070802 0.160564
0.070729 0.160563
0.0706562 0.160562
0.0705834 0.160561
0.0705108 0.16056
0.0704384 0.160558
0.070366 0.160556
0.0702938 0.160554
0.0702217 0.160552
0.0701498 0.16055
0.070078 0.160547
0.0700063 0.160545
0.0699347 0.160542
0.0698632 0.160539
0.0697919 0.160535
0.0697207 0.160532
0.0696497 0.160528
0.0695787 0.160525
0.0695079 0.160521
