171.595 0
686.366 1.59207
1544.26 7.95988
2745.18 22.2857
4288.96 47.7494
6175.39 87.5276
8404.21 144.793
10975.1 222.711
13887.7 324.445
17141.6 453.146
20736.4 611.96
24671.4 804.023
28946.2 1032.46
33560.1 1300.39
38512.4 1610.91
43802.5 1967.11
49429.4 2372.08
55392.5 2828.88
61690.9 3340.56
68323.5 3910.16
75289.5 4540.69
82587.9 5235.17
90217.6 5996.58
98177.5 6827.89
106466 7732.04
115083 8711.98
124027 9770.6
133296 10910.8
142889 12135.4
152805 13447.3
163043 14849.3
173600 16344.2
184476 17934.7
195669 19623.7
207178 21413.7
219001 23307.5
231137 25307.7
243583 27417
256339 29638
269402 31973.1
282771 34425
296444 36996.1
310420 39688.9
324696 42505.9
339271 45449.3
354142 48521.7
369309 51725.2
384769 55062.3
400519 58535.1
416559 62145.9
432886 65896.8
449498 69790.1
466394 73827.7
483570 78011.9
501025 82344.6
518757 86827.8
536763 91463.4
555042 96253.5
573591 101200
592408 106304
611492 111568
630838 116994
650447 122584
670314 128338
690438 134259
710816 140348
731447 146606
752327 153036
773455 159639
794827 166416
816442 173369
838298 180498
860391 187805
882719 195292
905280 202959
928071 210809
951090 218841
974335 227057
997802 235458
1.02149e+06 244046
1.0454e+06 252820
1.06952e+06 261783
1.09385e+06 270935
1.11839e+06 280277
1.14314e+06 289809
1.1681e+06 299533
1.19326e+06 309449
1.21862e+06 319559
1.24418e+06 329862
1.26993e+06 340360
1.29588e+06 351053
1.32201e+06 361942
1.34833e+06 373028
1.37484e+06 384310
1.40153e+06 395790
1.4284e+06 407467
1.45545e+06 419343
1.48268e+06 431418
1.51007e+06 443693
1.53764e+06 456167
1.56537e+06 468841
1.59327e+06 481715
1.62133e+06 494790
1.64956e+06 508067
1.67794e+06 521544
1.70647e+06 535223
1.73516e+06 549104
1.764e+06 563186
1.79299e+06 577471
1.82213e+06 591958
1.8514e+06 606647
1.88082e+06 621539
1.91038e+06 636633
1.94008e+06 651930
1.96991e+06 667429
1.99987e+06 683132
2.02997e+06 699036
2.06019e+06 715144
2.09054e+06 731454
2.12101e+06 747966
2.1516e+06 764681
2.18231e+06 781598
2.21314e+06 798717
2.24408e+06 816038
2.27514e+06 833561
2.3063e+06 851286
2.33758e+06 869212
2.36896e+06 887339
2.40045e+06 905667
2.43204e+06 924196
2.46372e+06 942925
2.49551e+06 961854
2.5274e+06 980983
2.55938e+06 1.00031e+06
2.59145e+06 1.01984e+06
2.62361e+06 1.03956e+06
2.65586e+06 1.05949e+06
2.6882e+06 1.07961e+06
2.72062e+06 1.09993e+06
2.75313e+06 1.12045e+06
2.78572e+06 1.14116e+06
2.81838e+06 1.16207e+06
2.85113e+06 1.18317e+06
2.88395e+06 1.20447e+06
2.91684e+06 1.22597e+06
2.94981e+06 1.24766e+06
2.98285e+06 1.26954e+06
3.01595e+06 1.29161e+06
3.04913e+06 1.31388e+06
3.08236e+06 1.33634e+06
3.11567e+06 1.35899e+06
3.14903e+06 1.38183e+06
3.18246e+06 1.40486e+06
3.21594e+06 1.42808e+06
3.24948e+06 1.45149e+06
3.28308e+06 1.47508e+06
3.31673e+06 1.49886e+06
3.35043e+06 1.52283e+06
3.38418e+06 1.54699e+06
3.41799e+06 1.57133e+06
3.45184e+06 1.59585e+06
3.48573e+06 1.62056e+06
3.51967e+06 1.64545e+06
3.55366e+06 1.67053e+06
3.58768e+06 1.69578e+06
3.62175e+06 1.72122e+06
3.65586e+06 1.74684e+06
3.69e+06 1.77263e+06
3.72418e+06 1.79861e+06
3.75839e+06 1.82476e+06
3.79264e+06 1.85109e+06
3.82692e+06 1.87759e+06
3.86123e+06 1.90427e+06
3.89557e+06 1.93113e+06
3.92993e+06 1.95816e+06
3.96433e+06 1.98536e+06
3.99874e+06 2.01273e+06
4.03319e+06 2.04028e+06
4.06765e+06 2.06799e+06
4.10214e+06 2.09588e+06
4.13665e+06 2.12393e+06
4.17117e+06 2.15216e+06
4.20572e+06 2.18055e+06
4.24028e+06 2.2091e+06
4.27486e+06 2.23783e+06
4.30945e+06 2.26671e+06
4.34406e+06 2.29577e+06
4.37867e+06 2.32498e+06
4.4133e+06 2.35436e+06
4.44794e+06 2.3839e+06
4.48259e+06 2.41359e+06
4.51725e+06 2.44345e+06
4.55191e+06 2.47347e+06
4.58658e+06 2.50365e+06
4.62125e+06 2.53398e+06
4.65593e+06 2.56447e+06
4.69061e+06 2.59512e+06
4.72529e+06 2.62592e+06
4.75998e+06 2.65687e+06
4.79466e+06 2.68798e+06
4.82935e+06 2.71924e+06
4.86403e+06 2.75065e+06
4.8987e+06 2.78221e+06
4.93338e+06 2.81392e+06
4.96805e+06 2.84578e+06
5.00271e+06 2.87779e+06
5.03737e+06 2.90995e+06
5.07202e+06 2.94225e+06
5.10667e+06 2.97469e+06
5.1413e+06 3.00728e+06
5.17593e+06 3.04002e+06
5.21054e+06 3.07289e+06
5.24514e+06 3.10591e+06
5.27974e+06 3.13907e+06
5.31431e+06 3.17237e+06
5.34888e+06 3.20581e+06
5.38343e+06 3.23939e+06
5.41797e+06 3.2731e+06
5.45249e+06 3.30695e+06
5.48699e+06 3.34094e+06
5.52148e+06 3.37506e+06
5.55594e+06 3.40931e+06
5.59039e+06 3.4437e+06
5.62483e+06 3.47822e+06
5.65924e+06 3.51287e+06
5.69363e+06 3.54766e+06
5.728e+06 3.58257e+06
5.76234e+06 3.61761e+06
5.79667e+06 3.65278e+06
5.83097e+06 3.68807e+06
5.86525e+06 3.72349e+06
5.8995e+06 3.75904e+06
5.93373e+06 3.79471e+06
5.96793e+06 3.83051e+06
6.00211e+06 3.86643e+06
6.03626e+06 3.90247e+06
6.07039e+06 3.93863e+06
6.10448e+06 3.97491e+06
6.13855e+06 4.01131e+06
6.17259e+06 4.04783e+06
6.2066e+06 4.08447e+06
6.24058e+06 4.12122e+06
6.27452e+06 4.1581e+06
6.30844e+06 4.19508e+06
6.34233e+06 4.23218e+06
6.37618e+06 4.2694e+06
6.41e+06 4.30673e+06
6.44379e+06 4.34417e+06
6.47755e+06 4.38172e+06
6.51127e+06 4.41938e+06
6.54496e+06 4.45716e+06
6.57861e+06 4.49504e+06
6.61223e+06 4.53303e+06
6.64581e+06 4.57113e+06
6.67936e+06 4.60933e+06
6.71287e+06 4.64765e+06
6.74634e+06 4.68606e+06
6.77978e+06 4.72459e+06
6.81318e+06 4.76321e+06
6.84654e+06 4.80194e+06
6.87986e+06 4.84077e+06
6.91314e+06 4.87971e+06
6.94639e+06 4.91874e+06
6.97959e+06 4.95787e+06
7.01276e+06 4.99711e+06
7.04588e+06 5.03644e+06
7.07896e+06 5.07587e+06
7.11201e+06 5.1154e+06
7.14501e+06 5.15503e+06
7.17797e+06 5.19475e+06
7.21089e+06 5.23456e+06
7.24377e+06 5.27448e+06
7.2766e+06 5.31448e+06
7.30939e+06 5.35458e+06
7.34214e+06 5.39477e+06
7.37485e+06 5.43505e+06
7.40751e+06 5.47543e+06
7.44013e+06 5.51589e+06
7.4727e+06 5.55644e+06
7.50523e+06 5.59709e+06
7.53772e+06 5.63782e+06
7.57016e+06 5.67864e+06
7.60256e+06 5.71954e+06
7.63491e+06 5.76054e+06
7.66721e+06 5.80161e+06
7.69947e+06 5.84278e+06
7.73169e+06 5.88403e+06
7.76386e+06 5.92536e+06
7.79598e+06 5.96677e+06
7.82805e+06 6.00827e+06
7.86008e+06 6.04985e+06
7.89206e+06 6.0915e+06
7.924e+06 6.13324e+06
7.95589e+06 6.17506e+06
7.98773e+06 6.21696e+06
8.01952e+06 6.25894e+06
8.05126e+06 6.30099e+06
8.08296e+06 6.34312e+06
8.11461e+06 6.38533e+06
8.14621e+06 6.42762e+06
8.17776e+06 6.46997e+06
8.20927e+06 6.51241e+06
8.24072e+06 6.55492e+06
8.27213e+06 6.5975e+06
8.30349e+06 6.64015e+06
8.3348e+06 6.68288e+06
8.36606e+06 6.72567e+06
8.39727e+06 6.76854e+06
8.42843e+06 6.81148e+06
8.45954e+06 6.85449e+06
8.4906e+06 6.89757e+06
8.52162e+06 6.94071e+06
8.55258e+06 6.98393e+06
8.58349e+06 7.02721e+06
8.61435e+06 7.07055e+06
8.64517e+06 7.11397e+06
8.67593e+06 7.15745e+06
8.70664e+06 7.20099e+06
8.7373e+06 7.2446e+06
8.76791e+06 7.28827e+06
8.79847e+06 7.33201e+06
8.82898e+06 7.37581e+06
8.85944e+06 7.41967e+06
8.88985e+06 7.46359e+06
8.92021e+06 7.50757e+06
8.95051e+06 7.55162e+06
8.98077e+06 7.59572e+06
9.01097e+06 7.63988e+06
9.04112e+06 7.68411e+06
9.07123e+06 7.72839e+06
9.10128e+06 7.77273e+06
9.13127e+06 7.81712e+06
9.16122e+06 7.86157e+06
9.19112e+06 7.90608e+06
9.22096e+06 7.95065e+06
9.25076e+06 7.99527e+06
9.2805e+06 8.03994e+06
9.31019e+06 8.08467e+06
9.33983e+06 8.12945e+06
9.36941e+06 8.17429e+06
9.39895e+06 8.21917e+06
9.42843e+06 8.26411e+06
9.45786e+06 8.30911e+06
9.48724e+06 8.35415e+06
9.51657e+06 8.39924e+06
9.54585e+06 8.44439e+06
9.57507e+06 8.48958e+06
9.60425e+06 8.53483e+06
9.63337e+06 8.58012e+06
9.66244e+06 8.62546e+06
9.69145e+06 8.67085e+06
9.72042e+06 8.71628e+06
9.74933e+06 8.76176e+06
9.77819e+06 8.80729e+06
9.807e+06 8.85287e+06
9.83576e+06 8.89849e+06
9.86447e+06 8.94415e+06
9.89312e+06 8.98986e+06
9.92172e+06 9.03562e+06
9.95028e+06 9.08141e+06
9.97877e+06 9.12726e+06
1.00072e+07 9.17314e+06
1.00356e+07 9.21907e+06
1.0064e+07 9.26503e+06
1.00923e+07 9.31104e+06
1.01205e+07 9.35709e+06
1.01487e+07 9.40319e+06
1.01768e+07 9.44932e+06
1.02049e+07 9.49549e+06
1.02329e+07 9.5417e+06
1.02609e+07 9.58795e+06
1.02889e+07 9.63424e+06
1.03167e+07 9.68056e+06
1.03446e+07 9.72693e+06
1.03723e+07 9.77333e+06
1.04001e+07 9.81977e+06
1.04277e+07 9.86624e+06
1.04554e+07 9.91275e+06
1.04829e+07 9.9593e+06
1.05105e+07 1.00059e+07
1.05379e+07 1.00525e+07
1.05653e+07 1.00991e+07
1.05927e+07 1.01458e+07
1.062e+07 1.01926e+07
1.06473e+07 1.02393e+07
1.06745e+07 1.02861e+07
1.07017e+07 1.03329e+07
1.07288e+07 1.03798e+07
1.07558e+07 1.04266e+07
1.07828e+07 1.04736e+07
1.08098e+07 1.05205e+07
1.08367e+07 1.05675e+07
1.08636e+07 1.06145e+07
1.08904e+07 1.06615e+07
1.09171e+07 1.07086e+07
1.09438e+07 1.07557e+07
1.09705e+07 1.08028e+07
1.09971e+07 1.08499e+07
1.10237e+07 1.08971e+07
1.10502e+07 1.09443e+07
1.10766e+07 1.09916e+07
1.1103e+07 1.10388e+07
1.11294e+07 1.10861e+07
1.11557e+07 1.11334e+07
1.1182e+07 1.11808e+07
1.12082e+07 1.12281e+07
1.12343e+07 1.12755e+07
1.12604e+07 1.1323e+07
1.12865e+07 1.13704e+07
1.13125e+07 1.14179e+07
1.13384e+07 1.14654e+07
1.13644e+07 1.15129e+07
1.13902e+07 1.15604e+07
1.1416e+07 1.1608e+07
1.14418e+07 1.16556e+07
1.14675e+07 1.17032e+07
1.14932e+07 1.17508e+07
1.15188e+07 1.17985e+07
1.15443e+07 1.18461e+07
1.15699e+07 1.18938e+07
1.15953e+07 1.19415e+07
1.16208e+07 1.19893e+07
1.16461e+07 1.2037e+07
1.16715e+07 1.20848e+07
1.16967e+07 1.21326e+07
1.1722e+07 1.21804e+07
1.17471e+07 1.22283e+07
1.17723e+07 1.22761e+07
1.17974e+07 1.2324e+07
1.18224e+07 1.23719e+07
1.18474e+07 1.24198e+07
1.18723e+07 1.24677e+07
1.18972e+07 1.25157e+07
1.19221e+07 1.25636e+07
1.19469e+07 1.26116e+07
1.19716e+07 1.26596e+07
1.19963e+07 1.27076e+07
1.2021e+07 1.27556e+07
1.20456e+07 1.28037e+07
1.20702e+07 1.28518e+07
1.20947e+07 1.28998e+07
1.21192e+07 1.29479e+07
1.21436e+07 1.2996e+07
1.2168e+07 1.30441e+07
1.21923e+07 1.30923e+07
1.22166e+07 1.31404e+07
1.22408e+07 1.31886e+07
1.2265e+07 1.32368e+07
1.22892e+07 1.32849e+07
1.23133e+07 1.33331e+07
1.23373e+07 1.33814e+07
1.23614e+07 1.34296e+07
1.23853e+07 1.34778e+07
1.24093e+07 1.35261e+07
1.24331e+07 1.35743e+07
1.2457e+07 1.36226e+07
1.24808e+07 1.36709e+07
1.25045e+07 1.37192e+07
1.25282e+07 1.37675e+07
1.25519e+07 1.38158e+07
1.25755e+07 1.38641e+07
1.2599e+07 1.39125e+07
1.26226e+07 1.39608e+07
1.2646e+07 1.40092e+07
1.26695e+07 1.40575e+07
1.26929e+07 1.41059e+07
1.27162e+07 1.41543e+07
1.27395e+07 1.42027e+07
1.27628e+07 1.42511e+07
1.2786e+07 1.42995e+07
1.28092e+07 1.43479e+07
1.28323e+07 1.43963e+07
1.28554e+07 1.44447e+07
1.28784e+07 1.44932e+07
1.29014e+07 1.45416e+07
1.29244e+07 1.459e+07
1.29473e+07 1.46385e+07
1.29702e+07 1.4687e+07
1.2993e+07 1.47354e+07
1.30158e+07 1.47839e+07
1.30385e+07 1.48324e+07
1.30612e+07 1.48809e+07
1.30839e+07 1.49293e+07
1.31065e+07 1.49778e+07
1.31291e+07 1.50263e+07
1.31516e+07 1.50748e+07
1.31741e+07 1.51234e+07
1.31965e+07 1.51719e+07
1.3219e+07 1.52204e+07
1.32413e+07 1.52689e+07
1.32636e+07 1.53174e+07
1.32859e+07 1.53659e+07
1.33082e+07 1.54145e+07
1.33304e+07 1.5463e+07
1.33525e+07 1.55115e+07
1.33747e+07 1.55601e+07
1.33968e+07 1.56086e+07
1.34188e+07 1.56572e+07
1.34408e+07 1.57057e+07
1.34628e+07 1.57543e+07
1.34847e+07 1.58028e+07
1.35066e+07 1.58514e+07
1.35284e+07 1.58999e+07
1.35502e+07 1.59485e+07
1.3572e+07 1.5997e+07
1.35937e+07 1.60456e+07
1.36154e+07 1.60941e+07
1.3637e+07 1.61427e+07
1.36586e+07 1.61912e+07
1.36802e+07 1.62398e+07
1.37017e+07 1.62883e+07
1.37232e+07 1.63369e+07
1.37447e+07 1.63854e+07
1.37661e+07 1.6434e+07
1.37874e+07 1.64826e+07
1.38088e+07 1.65311e+07
1.38301e+07 1.65797e+07
1.38513e+07 1.66282e+07
1.38726e+07 1.66768e+07
1.38937e+07 1.67253e+07
1.39149e+07 1.67738e+07
1.3936e+07 1.68224e+07
1.39571e+07 1.68709e+07
1.39781e+07 1.69195e+07
1.39991e+07 1.6968e+07
1.40201e+07 1.70165e+07
1.4041e+07 1.70651e+07
1.40619e+07 1.71136e+07
1.40827e+07 1.71621e+07
1.41035e+07 1.72106e+07
1.41243e+07 1.72592e+07
1.4145e+07 1.73077e+07
1.41658e+07 1.73562e+07
1.41864e+07 1.74047e+07
1.4207e+07 1.74532e+07
1.42276e+07 1.75017e+07
1.42482e+07 1.75502e+07
1.42687e+07 1.75987e+07
1.42892e+07 1.76472e+07
1.43097e+07 1.76956e+07
1.43301e+07 1.77441e+07
1.43505e+07 1.77926e+07
1.43708e+07 1.7841e+07
1.43911e+07 1.78895e+07
1.44114e+07 1.7938e+07
1.44316e+07 1.79864e+07
1.44519e+07 1.80348e+07
1.4472e+07 1.80833e+07
1.44922e+07 1.81317e+07
1.45123e+07 1.81801e+07
1.45323e+07 1.82286e+07
1.45524e+07 1.8277e+07
1.45724e+07 1.83254e+07
1.45924e+07 1.83738e+07
1.46123e+07 1.84222e+07
1.46322e+07 1.84706e+07
1.46521e+07 1.85189e+07
1.46719e+07 1.85673e+07
1.46917e+07 1.86157e+07
1.47115e+07 1.8664e+07
1.47312e+07 1.87124e+07
1.47509e+07 1.87607e+07
1.47706e+07 1.88091e+07
1.47902e+07 1.88574e+07
1.48098e+07 1.89057e+07
1.48294e+07 1.8954e+07
1.48489e+07 1.90023e+07
1.48685e+07 1.90506e+07
1.48879e+07 1.90989e+07
1.49074e+07 1.91472e+07
1.49268e+07 1.91954e+07
1.49462e+07 1.92437e+07
1.49655e+07 1.92919e+07
1.49848e+07 1.93402e+07
1.50041e+07 1.93884e+07
1.50234e+07 1.94366e+07
1.50426e+07 1.94849e+07
1.50618e+07 1.95331e+07
1.5081e+07 1.95813e+07
1.51001e+07 1.96294e+07
1.51192e+07 1.96776e+07
1.51383e+07 1.97258e+07
1.51573e+07 1.97739e+07
1.51763e+07 1.98221e+07
1.51953e+07 1.98702e+07
1.52143e+07 1.99183e+07
1.52332e+07 1.99664e+07
1.52521e+07 2.00145e+07
1.5271e+07 2.00626e+07
1.52898e+07 2.01107e+07
1.53086e+07 2.01588e+07
1.53274e+07 2.02068e+07
1.53461e+07 2.02549e+07
1.53648e+07 2.03029e+07
1.53835e+07 2.03509e+07
1.54022e+07 2.0399e+07
1.54208e+07 2.0447e+07
1.54394e+07 2.0495e+07
1.5458e+07 2.05429e+07
1.54766e+07 2.05909e+07
1.54951e+07 2.06388e+07
1.55136e+07 2.06868e+07
1.5532e+07 2.07347e+07
1.55505e+07 2.07826e+07
1.55689e+07 2.08305e+07
1.55872e+07 2.08784e+07
1.56056e+07 2.09263e+07
1.56239e+07 2.09742e+07
1.56422e+07 2.1022e+07
1.56605e+07 2.10699e+07
1.56787e+07 2.11177e+07
1.56969e+07 2.11655e+07
1.57151e+07 2.12133e+07
1.57333e+07 2.12611e+07
1.57514e+07 2.13089e+07
1.57695e+07 2.13567e+07
1.57876e+07 2.14044e+07
1.58057e+07 2.14521e+07
1.58237e+07 2.14999e+07
1.58417e+07 2.15476e+07
1.58597e+07 2.15953e+07
1.58776e+07 2.1643e+07
1.58955e+07 2.16906e+07
1.59134e+07 2.17383e+07
1.59313e+07 2.17859e+07
1.59492e+07 2.18335e+07
1.5967e+07 2.18811e+07
1.59848e+07 2.19287e+07
1.60026e+07 2.19763e+07
1.60203e+07 2.20239e+07
1.6038e+07 2.20714e+07
1.60557e+07 2.2119e+07
1.60734e+07 2.21665e+07
1.60911e+07 2.2214e+07
1.61087e+07 2.22615e+07
1.61263e+07 2.2309e+07
1.61439e+07 2.23565e+07
1.61614e+07 2.24039e+07
1.61789e+07 2.24513e+07
1.61964e+07 2.24988e+07
1.62139e+07 2.25462e+07
1.62314e+07 2.25936e+07
1.62488e+07 2.26409e+07
1.62662e+07 2.26883e+07
1.62836e+07 2.27356e+07
1.6301e+07 2.27829e+07
1.63183e+07 2.28303e+07
1.63356e+07 2.28776e+07
1.63529e+07 2.29248e+07
1.63702e+07 2.29721e+07
1.63875e+07 2.30193e+07
1.64047e+07 2.30666e+07
1.64219e+07 2.31138e+07
1.64391e+07 2.3161e+07
1.64562e+07 2.32082e+07
1.64734e+07 2.32553e+07
1.64905e+07 2.33025e+07
1.65076e+07 2.33496e+07
1.65246e+07 2.33967e+07
1.65417e+07 2.34438e+07
1.65587e+07 2.34909e+07
1.65757e+07 2.3538e+07
1.65927e+07 2.3585e+07
1.66097e+07 2.36321e+07
1.66266e+07 2.36791e+07
1.66436e+07 2.37261e+07
1.66605e+07 2.37731e+07
1.66773e+07 2.382e+07
1.66942e+07 2.3867e+07
1.6711e+07 2.39139e+07
1.67279e+07 2.39608e+07
1.67447e+07 2.40077e+07
1.67614e+07 2.40546e+07
1.67782e+07 2.41014e+07
1.67949e+07 2.41483e+07
1.68117e+07 2.41951e+07
1.68284e+07 2.42419e+07
1.6845e+07 2.42887e+07
1.68617e+07 2.43355e+07
1.68783e+07 2.43822e+07
1.6895e+07 2.4429e+07
1.69116e+07 2.44757e+07
1.69281e+07 2.45224e+07
1.69447e+07 2.45691e+07
1.69613e+07 2.46157e+07
1.69778e+07 2.46624e+07
1.69943e+07 2.4709e+07
1.70108e+07 2.47556e+07
1.70273e+07 2.48022e+07
1.70437e+07 2.48488e+07
1.70601e+07 2.48954e+07
1.70766e+07 2.49419e+07
1.70929e+07 2.49884e+07
1.71093e+07 2.50349e+07
1.71257e+07 2.50814e+07
1.7142e+07 2.51279e+07
1.71584e+07 2.51743e+07
1.71747e+07 2.52207e+07
1.7191e+07 2.52671e+07
1.72072e+07 2.53135e+07
1.72235e+07 2.53599e+07
1.72397e+07 2.54063e+07
1.7256e+07 2.54526e+07
1.72722e+07 2.54989e+07
1.72883e+07 2.55452e+07
1.73045e+07 2.55915e+07
1.73207e+07 2.56377e+07
1.73368e+07 2.5684e+07
1.73529e+07 2.57302e+07
1.7369e+07 2.57764e+07
1.73851e+07 2.58226e+07
1.74012e+07 2.58687e+07
1.74173e+07 2.59149e+07
1.74333e+07 2.5961e+07
1.74493e+07 2.60071e+07
1.74653e+07 2.60532e+07
1.74813e+07 2.60992e+07
1.74973e+07 2.61453e+07
1.75133e+07 2.61913e+07
1.75292e+07 2.62373e+07
1.75451e+07 2.62833e+07
1.75611e+07 2.63293e+07
1.7577e+07 2.63752e+07
1.75929e+07 2.64211e+07
1.76087e+07 2.6467e+07
1.76246e+07 2.65129e+07
1.76404e+07 2.65588e+07
1.76563e+07 2.66046e+07
1.76721e+07 2.66505e+07
1.76879e+07 2.66963e+07
1.77037e+07 2.67421e+07
1.77194e+07 2.67878e+07
1.77352e+07 2.68336e+07
1.77509e+07 2.68793e+07
1.77667e+07 2.6925e+07
1.77824e+07 2.69707e+07
1.77981e+07 2.70163e+07
1.78138e+07 2.7062e+07
1.78294e+07 2.71076e+07
1.78451e+07 2.71532e+07
1.78608e+07 2.71988e+07
1.78764e+07 2.72444e+07
1.7892e+07 2.72899e+07
1.79076e+07 2.73354e+07
1.79232e+07 2.73809e+07
1.79388e+07 2.74264e+07
1.79544e+07 2.74719e+07
1.79699e+07 2.75173e+07
1.79855e+07 2.75627e+07
1.8001e+07 2.76081e+07
1.80165e+07 2.76535e+07
1.80321e+07 2.76989e+07
1.80476e+07 2.77442e+07
1.8063e+07 2.77895e+07
1.80785e+07 2.78348e+07
1.8094e+07 2.78801e+07
1.81094e+07 2.79254e+07
1.81249e+07 2.79706e+07
1.81403e+07 2.80158e+07
1.81557e+07 2.8061e+07
1.81711e+07 2.81062e+07
1.81865e+07 2.81513e+07
1.82019e+07 2.81964e+07
1.82173e+07 2.82415e+07
1.82326e+07 2.82866e+07
1.8248e+07 2.83317e+07
1.82633e+07 2.83767e+07
1.82787e+07 2.84218e+07
1.8294e+07 2.84668e+07
1.83093e+07 2.85117e+07
1.83246e+07 2.85567e+07
1.83399e+07 2.86016e+07
1.83551e+07 2.86466e+07
1.83704e+07 2.86915e+07
1.83857e+07 2.87363e+07
1.84009e+07 2.87812e+07
1.84162e+07 2.8826e+07
1.84314e+07 2.88708e+07
1.84466e+07 2.89156e+07
1.84618e+07 2.89604e+07
1.8477e+07 2.90051e+07
1.84922e+07 2.90499e+07
1.85074e+07 2.90946e+07
1.85226e+07 2.91392e+07
1.85377e+07 2.91839e+07
1.85529e+07 2.92286e+07
1.8568e+07 2.92732e+07
1.85832e+07 2.93178e+07
1.85983e+07 2.93623e+07
1.86134e+07 2.94069e+07
1.86285e+07 2.94514e+07
1.86436e+07 2.94959e+07
1.86587e+07 2.95404e+07
1.86738e+07 2.95849e+07
1.86889e+07 2.96293e+07
1.8704e+07 2.96738e+07
1.8719e+07 2.97182e+07
1.87341e+07 2.97626e+07
1.87491e+07 2.98069e+07
1.87642e+07 2.98513e+07
1.87792e+07 2.98956e+07
1.87943e+07 2.99399e+07
1.88093e+07 2.99841e+07
1.88243e+07 3.00284e+07
1.88393e+07 3.00726e+07
1.88543e+07 3.01168e+07
1.88693e+07 3.0161e+07
1.88843e+07 3.02052e+07
1.88992e+07 3.02493e+07
1.89142e+07 3.02934e+07
1.89292e+07 3.03375e+07
1.89441e+07 3.03816e+07
1.89591e+07 3.04257e+07
1.8974e+07 3.04697e+07
1.8989e+07 3.05137e+07
1.90039e+07 3.05577e+07
1.90188e+07 3.06017e+07
1.90338e+07 3.06456e+07
1.90487e+07 3.06895e+07
1.90636e+07 3.07334e+07
1.90785e+07 3.07773e+07
1.90934e+07 3.08212e+07
1.91083e+07 3.0865e+07
1.91232e+07 3.09088e+07
1.91381e+07 3.09526e+07
1.9153e+07 3.09964e+07
1.91678e+07 3.10401e+07
1.91827e+07 3.10839e+07
1.91976e+07 3.11276e+07
1.92124e+07 3.11713e+07
1.92273e+07 3.12149e+07
1.92421e+07 3.12585e+07
1.9257e+07 3.13022e+07
1.92718e+07 3.13458e+07
1.92867e+07 3.13893e+07
1.93015e+07 3.14329e+07
1.93163e+07 3.14764e+07
1.93312e+07 3.15199e+07
1.9346e+07 3.15634e+07
1.93608e+07 3.16069e+07
1.93756e+07 3.16503e+07
1.93904e+07 3.16937e+07
1.94052e+07 3.17371e+07
1.942e+07 3.17805e+07
1.94348e+07 3.18238e+07
1.94496e+07 3.18672e+07
1.94644e+07 3.19105e+07
1.94792e+07 3.19538e+07
1.9494e+07 3.1997e+07
1.95088e+07 3.20403e+07
1.95236e+07 3.20835e+07
1.95383e+07 3.21267e+07
1.95531e+07 3.21698e+07
1.95679e+07 3.2213e+07
1.95827e+07 3.22561e+07
1.95974e+07 3.22992e+07
1.96122e+07 3.23423e+07
1.9627e+07 3.23854e+07
1.96417e+07 3.24284e+07
1.96565e+07 3.24714e+07
1.96713e+07 3.25144e+07
1.9686e+07 3.25574e+07
1.97008e+07 3.26004e+07
1.97155e+07 3.26433e+07
1.97303e+07 3.26862e+07
1.9745e+07 3.27291e+07
1.97598e+07 3.2772e+07
1.97745e+07 3.28148e+07
1.97893e+07 3.28576e+07
1.9804e+07 3.29004e+07
1.98188e+07 3.29432e+07
1.98335e+07 3.29859e+07
1.98482e+07 3.30287e+07
1.9863e+07 3.30714e+07
1.98777e+07 3.31141e+07
1.98925e+07 3.31567e+07
1.99072e+07 3.31994e+07
1.99219e+07 3.3242e+07
1.99367e+07 3.32846e+07
1.99514e+07 3.33272e+07
1.99662e+07 3.33697e+07
1.99809e+07 3.34123e+07
1.99956e+07 3.34548e+07
2.00104e+07 3.34973e+07
2.00251e+07 3.35397e+07
2.00399e+07 3.35822e+07
2.00546e+07 3.36246e+07
2.00693e+07 3.3667e+07
2.00841e+07 3.37094e+07
2.00988e+07 3.37517e+07
2.01136e+07 3.37941e+07
2.01283e+07 3.38364e+07
2.0143e+07 3.38787e+07
2.01578e+07 3.39209e+07
2.01725e+07 3.39632e+07
2.01873e+07 3.40054e+07
2.0202e+07 3.40476e+07
2.02168e+07 3.40898e+07
2.02315e+07 3.4132e+07
2.02463e+07 3.41741e+07
2.0261e+07 3.42162e+07
2.02758e+07 3.42583e+07
2.02905e+07 3.43004e+07
2.03053e+07 3.43424e+07
2.03201e+07 3.43844e+07
2.03348e+07 3.44265e+07
2.03496e+07 3.44684e+07
2.03644e+07 3.45104e+07
2.03791e+07 3.45523e+07
2.03939e+07 3.45943e+07
2.04087e+07 3.46362e+07
2.04234e+07 3.4678e+07
2.04382e+07 3.47199e+07
2.0453e+07 3.47617e+07
2.04678e+07 3.48035e+07
2.04826e+07 3.48453e+07
2.04974e+07 3.48871e+07
2.05122e+07 3.49288e+07
2.0527e+07 3.49705e+07
2.05418e+07 3.50122e+07
2.05566e+07 3.50539e+07
2.05714e+07 3.50956e+07
2.05862e+07 3.51372e+07
2.0601e+07 3.51788e+07
2.06158e+07 3.52204e+07
2.06306e+07 3.5262e+07
2.06454e+07 3.53035e+07
2.06603e+07 3.53451e+07
2.06751e+07 3.53866e+07
2.06899e+07 3.54281e+07
2.07048e+07 3.54695e+07
2.07196e+07 3.5511e+07
2.07345e+07 3.55524e+07
2.07493e+07 3.55938e+07
2.07642e+07 3.56352e+07
2.07791e+07 3.56765e+07
2.07939e+07 3.57179e+07
2.08088e+07 3.57592e+07
2.08237e+07 3.58005e+07
2.08386e+07 3.58417e+07
2.08534e+07 3.5883e+07
2.08683e+07 3.59242e+07
2.08832e+07 3.59654e+07
2.08981e+07 3.60066e+07
2.0913e+07 3.60478e+07
2.09279e+07 3.60889e+07
2.09429e+07 3.613e+07
2.09578e+07 3.61711e+07
2.09727e+07 3.62122e+07
2.09877e+07 3.62533e+07
2.10026e+07 3.62943e+07
2.10175e+07 3.63353e+07
2.10325e+07 3.63763e+07
2.10475e+07 3.64173e+07
2.10624e+07 3.64582e+07
2.10774e+07 3.64992e+07
2.10924e+07 3.65401e+07
2.11074e+07 3.6581e+07
2.11223e+07 3.66218e+07
2.11373e+07 3.66627e+07
2.11523e+07 3.67035e+07
2.11674e+07 3.67443e+07
2.11824e+07 3.67851e+07
2.11974e+07 3.68258e+07
2.12124e+07 3.68666e+07
2.12275e+07 3.69073e+07
2.12425e+07 3.6948e+07
2.12576e+07 3.69887e+07
2.12726e+07 3.70293e+07
2.12877e+07 3.707e+07
2.13028e+07 3.71106e+07
2.13178e+07 3.71512e+07
2.13329e+07 3.71918e+07
2.1348e+07 3.72323e+07
2.13631e+07 3.72728e+07
2.13783e+07 3.73134e+07
2.13934e+07 3.73539e+07
2.14085e+07 3.73943e+07
2.14236e+07 3.74348e+07
2.14388e+07 3.74752e+07
2.14539e+07 3.75156e+07
2.14691e+07 3.7556e+07
2.14843e+07 3.75964e+07
2.14995e+07 3.76367e+07
2.15146e+07 3.76771e+07
2.15298e+07 3.77174e+07
2.1545e+07 3.77576e+07
2.15603e+07 3.77979e+07
2.15755e+07 3.78382e+07
2.15907e+07 3.78784e+07
2.1606e+07 3.79186e+07
2.16212e+07 3.79588e+07
2.16365e+07 3.79989e+07
2.16517e+07 3.80391e+07
2.1667e+07 3.80792e+07
2.16823e+07 3.81193e+07
2.16976e+07 3.81594e+07
2.17129e+07 3.81995e+07
2.17282e+07 3.82395e+07
2.17435e+07 3.82796e+07
2.17589e+07 3.83196e+07
2.17742e+07 3.83595e+07
2.17896e+07 3.83995e+07
2.1805e+07 3.84395e+07
2.18203e+07 3.84794e+07
2.18357e+07 3.85193e+07
2.18511e+07 3.85592e+07
2.18665e+07 3.8599e+07
2.18819e+07 3.86389e+07
2.18974e+07 3.86787e+07
2.19128e+07 3.87185e+07
2.19283e+07 3.87583e+07
2.19437e+07 3.87981e+07
2.19592e+07 3.88378e+07
2.19747e+07 3.88776e+07
2.19902e+07 3.89173e+07
2.20057e+07 3.8957e+07
2.20212e+07 3.89966e+07
2.20367e+07 3.90363e+07
2.20523e+07 3.90759e+07
2.20678e+07 3.91156e+07
2.20834e+07 3.91551e+07
2.2099e+07 3.91947e+07
2.21145e+07 3.92343e+07
2.21301e+07 3.92738e+07
2.21458e+07 3.93133e+07
2.21614e+07 3.93528e+07
2.2177e+07 3.93923e+07
2.21927e+07 3.94318e+07
2.22083e+07 3.94712e+07
2.2224e+07 3.95107e+07
2.22397e+07 3.95501e+07
2.22554e+07 3.95894e+07
2.22711e+07 3.96288e+07
2.22868e+07 3.96682e+07
2.23025e+07 3.97075e+07
2.23183e+07 3.97468e+07
2.2334e+07 3.97861e+07
2.23498e+07 3.98254e+07
2.23656e+07 3.98646e+07
2.23814e+07 3.99039e+07
2.23972e+07 3.99431e+07
2.2413e+07 3.99823e+07
2.24289e+07 4.00215e+07
2.24447e+07 4.00606e+07
2.24606e+07 4.00998e+07
2.24765e+07 4.01389e+07
2.24923e+07 4.0178e+07
2.25083e+07 4.02171e+07
2.25242e+07 4.02562e+07
2.25401e+07 4.02952e+07
2.25561e+07 4.03343e+07
2.2572e+07 4.03733e+07
2.2588e+07 4.04123e+07
2.2604e+07 4.04513e+07
2.262e+07 4.04902e+07
2.2636e+07 4.05292e+07
2.2652e+07 4.05681e+07
2.26681e+07 4.0607e+07
2.26841e+07 4.06459e+07
2.27002e+07 4.06848e+07
2.27163e+07 4.07237e+07
2.27324e+07 4.07625e+07
2.27485e+07 4.08013e+07
2.27647e+07 4.08401e+07
2.27808e+07 4.08789e+07
2.2797e+07 4.09177e+07
2.28132e+07 4.09564e+07
2.28294e+07 4.09952e+07
2.28456e+07 4.10339e+07
2.28618e+07 4.10726e+07
2.28781e+07 4.11113e+07
2.28943e+07 4.115e+07
2.29106e+07 4.11886e+07
2.29269e+07 4.12272e+07
2.29432e+07 4.12659e+07
2.29595e+07 4.13045e+07
2.29758e+07 4.1343e+07
2.29922e+07 4.13816e+07
2.30086e+07 4.14202e+07
2.30249e+07 4.14587e+07
2.30414e+07 4.14972e+07
2.30578e+07 4.15357e+07
2.30742e+07 4.15742e+07
2.30907e+07 4.16127e+07
2.31071e+07 4.16511e+07
2.31236e+07 4.16895e+07
2.31401e+07 4.1728e+07
2.31566e+07 4.17664e+07
2.31732e+07 4.18047e+07
2.31897e+07 4.18431e+07
2.32063e+07 4.18815e+07
2.32229e+07 4.19198e+07
2.32395e+07 4.19581e+07
2.32561e+07 4.19964e+07
2.32727e+07 4.20347e+07
2.32894e+07 4.2073e+07
2.33061e+07 4.21112e+07
2.33228e+07 4.21495e+07
2.33395e+07 4.21877e+07
2.33562e+07 4.22259e+07
2.33729e+07 4.22641e+07
2.33897e+07 4.23023e+07
2.34065e+07 4.23404e+07
2.34233e+07 4.23786e+07
2.34401e+07 4.24167e+07
2.34569e+07 4.24548e+07
2.34738e+07 4.24929e+07
2.34906e+07 4.2531e+07
2.35075e+07 4.25691e+07
2.35244e+07 4.26072e+07
2.35414e+07 4.26452e+07
2.35583e+07 4.26832e+07
2.35753e+07 4.27212e+07
2.35923e+07 4.27592e+07
2.36093e+07 4.27972e+07
2.36263e+07 4.28352e+07
2.36433e+07 4.28731e+07
2.36604e+07 4.29111e+07
2.36774e+07 4.2949e+07
2.36945e+07 4.29869e+07
2.37117e+07 4.30248e+07
2.37288e+07 4.30627e+07
2.37459e+07 4.31005e+07
2.37631e+07 4.31384e+07
2.37803e+07 4.31762e+07
2.37975e+07 4.3214e+07
2.38148e+07 4.32518e+07
2.3832e+07 4.32896e+07
2.38493e+07 4.33274e+07
2.38666e+07 4.33652e+07
2.38839e+07 4.34029e+07
2.39012e+07 4.34407e+07
2.39186e+07 4.34784e+07
2.39359e+07 4.35161e+07
2.39533e+07 4.35538e+07
2.39707e+07 4.35915e+07
2.39882e+07 4.36291e+07
2.40056e+07 4.36668e+07
2.40231e+07 4.37044e+07
2.40406e+07 4.37421e+07
2.40581e+07 4.37797e+07
2.40756e+07 4.38173e+07
2.40932e+07 4.38549e+07
2.41108e+07 4.38925e+07
2.41284e+07 4.393e+07
2.4146e+07 4.39676e+07
2.41636e+07 4.40051e+07
2.41813e+07 4.40426e+07
2.4199e+07 4.40801e+07
2.42167e+07 4.41176e+07
2.42344e+07 4.41551e+07
2.42522e+07 4.41926e+07
2.42699e+07 4.42301e+07
2.42877e+07 4.42675e+07
2.43055e+07 4.4305e+07
2.43234e+07 4.43424e+07
2.43412e+07 4.43798e+07
2.43591e+07 4.44172e+07
2.4377e+07 4.44546e+07
2.43949e+07 4.4492e+07
2.44129e+07 4.45293e+07
2.44309e+07 4.45667e+07
2.44488e+07 4.4604e+07
2.44669e+07 4.46414e+07
2.44849e+07 4.46787e+07
2.4503e+07 4.4716e+07
2.4521e+07 4.47533e+07
2.45391e+07 4.47906e+07
2.45573e+07 4.48278e+07
2.45754e+07 4.48651e+07
2.45936e+07 4.49024e+07
2.46118e+07 4.49396e+07
2.463e+07 4.49768e+07
2.46482e+07 4.50141e+07
2.46665e+07 4.50513e+07
2.46848e+07 4.50885e+07
2.47031e+07 4.51256e+07
2.47214e+07 4.51628e+07
2.47398e+07 4.52e+07
2.47582e+07 4.52371e+07
2.47766e+07 4.52743e+07
2.4795e+07 4.53114e+07
2.48135e+07 4.53485e+07
2.48319e+07 4.53857e+07
2.48504e+07 4.54228e+07
2.48689e+07 4.54599e+07
2.48875e+07 4.54969e+07
2.49061e+07 4.5534e+07
2.49247e+07 4.55711e+07
2.49433e+07 4.56081e+07
2.49619e+07 4.56452e+07
2.49806e+07 4.56822e+07
2.49993e+07 4.57192e+07
2.5018e+07 4.57563e+07
2.50367e+07 4.57933e+07
2.50555e+07 4.58303e+07
2.50743e+07 4.58673e+07
2.50931e+07 4.59042e+07
2.5112e+07 4.59412e+07
2.51308e+07 4.59782e+07
2.51497e+07 4.60151e+07
2.51686e+07 4.60521e+07
2.51876e+07 4.6089e+07
2.52065e+07 4.61259e+07
2.52255e+07 4.61629e+07
2.52445e+07 4.61998e+07
2.52636e+07 4.62367e+07
2.52827e+07 4.62736e+07
2.53018e+07 4.63105e+07
2.53209e+07 4.63473e+07
2.534e+07 4.63842e+07
2.53592e+07 4.64211e+07
2.53784e+07 4.64579e+07
2.53976e+07 4.64948e+07
2.54168e+07 4.65316e+07
2.54361e+07 4.65684e+07
2.54554e+07 4.66053e+07
2.54747e+07 4.66421e+07
2.54941e+07 4.66789e+07
2.55135e+07 4.67157e+07
2.55329e+07 4.67525e+07
2.55523e+07 4.67893e+07
2.55718e+07 4.68261e+07
2.55912e+07 4.68629e+07
2.56108e+07 4.68996e+07
2.56303e+07 4.69364e+07
2.56499e+07 4.69732e+07
2.56694e+07 4.70099e+07
2.56891e+07 4.70467e+07
2.57087e+07 4.70834e+07
2.57284e+07 4.71201e+07
2.57481e+07 4.71569e+07
2.57678e+07 4.71936e+07
2.57875e+07 4.72303e+07
2.58073e+07 4.7267e+07
2.58271e+07 4.73037e+07
2.5847e+07 4.73404e+07
2.58668e+07 4.73771e+07
2.58867e+07 4.74138e+07
2.59066e+07 4.74505e+07
2.59266e+07 4.74872e+07
2.59465e+07 4.75238e+07
2.59665e+07 4.75605e+07
2.59866e+07 4.75972e+07
2.60066e+07 4.76338e+07
2.60267e+07 4.76705e+07
2.60468e+07 4.77071e+07
2.60669e+07 4.77438e+07
2.60871e+07 4.77804e+07
2.61073e+07 4.78171e+07
2.61275e+07 4.78537e+07
2.61478e+07 4.78903e+07
2.61681e+07 4.79269e+07
2.61884e+07 4.79636e+07
2.62087e+07 4.80002e+07
2.62291e+07 4.80368e+07
2.62495e+07 4.80734e+07
2.62699e+07 4.811e+07
2.62903e+07 4.81466e+07
2.63108e+07 4.81832e+07
2.63313e+07 4.82198e+07
2.63518e+07 4.82564e+07
2.63724e+07 4.8293e+07
2.6393e+07 4.83296e+07
2.64136e+07 4.83662e+07
2.64343e+07 4.84028e+07
2.6455e+07 4.84394e+07
2.64757e+07 4.8476e+07
2.64964e+07 4.85125e+07
2.65172e+07 4.85491e+07
2.6538e+07 4.85857e+07
2.65588e+07 4.86223e+07
2.65797e+07 4.86588e+07
2.66005e+07 4.86954e+07
2.66215e+07 4.8732e+07
2.66424e+07 4.87686e+07
2.66634e+07 4.88051e+07
2.66844e+07 4.88417e+07
2.67054e+07 4.88783e+07
2.67265e+07 4.89148e+07
2.67476e+07 4.89514e+07
2.67687e+07 4.8988e+07
2.67899e+07 4.90245e+07
2.6811e+07 4.90611e+07
2.68323e+07 4.90976e+07
2.68535e+07 4.91342e+07
2.68748e+07 4.91708e+07
2.68961e+07 4.92073e+07
2.69174e+07 4.92439e+07
2.69388e+07 4.92805e+07
2.69602e+07 4.9317e+07
2.69816e+07 4.93536e+07
2.70031e+07 4.93902e+07
2.70246e+07 4.94267e+07
2.70461e+07 4.94633e+07
2.70676e+07 4.94999e+07
2.70892e+07 4.95364e+07
2.71108e+07 4.9573e+07
2.71325e+07 4.96096e+07
2.71541e+07 4.96462e+07
2.71759e+07 4.96827e+07
2.71976e+07 4.97193e+07
2.72194e+07 4.97559e+07
2.72412e+07 4.97925e+07
2.7263e+07 4.98291e+07
2.72849e+07 4.98657e+07
2.73067e+07 4.99022e+07
2.73287e+07 4.99388e+07
2.73506e+07 4.99754e+07
2.73726e+07 5.0012e+07
2.73946e+07 5.00486e+07
2.74167e+07 5.00852e+07
2.74388e+07 5.01219e+07
2.74609e+07 5.01585e+07
2.7483e+07 5.01951e+07
2.75052e+07 5.02317e+07
2.75274e+07 5.02683e+07
2.75497e+07 5.0305e+07
2.75719e+07 5.03416e+07
2.75942e+07 5.03782e+07
2.76166e+07 5.04149e+07
2.76389e+07 5.04515e+07
2.76613e+07 5.04882e+07
2.76838e+07 5.05248e+07
2.77062e+07 5.05615e+07
2.77287e+07 5.05981e+07
2.77513e+07 5.06348e+07
2.77738e+07 5.06715e+07
2.77964e+07 5.07082e+07
2.78191e+07 5.07448e+07
2.78417e+07 5.07815e+07
2.78644e+07 5.08182e+07
2.78871e+07 5.08549e+07
2.79099e+07 5.08917e+07
2.79327e+07 5.09284e+07
2.79555e+07 5.09651e+07
2.79784e+07 5.10018e+07
2.80013e+07 5.10386e+07
2.80242e+07 5.10753e+07
2.80471e+07 5.11121e+07
2.80701e+07 5.11488e+07
2.80931e+07 5.11856e+07
2.81162e+07 5.12224e+07
2.81393e+07 5.12591e+07
2.81624e+07 5.12959e+07
2.81856e+07 5.13327e+07
2.82087e+07 5.13695e+07
2.8232e+07 5.14064e+07
2.82552e+07 5.14432e+07
2.82785e+07 5.148e+07
2.83018e+07 5.15169e+07
2.83252e+07 5.15537e+07
2.83486e+07 5.15906e+07
2.8372e+07 5.16274e+07
2.83954e+07 5.16643e+07
2.84189e+07 5.17012e+07
2.84424e+07 5.17381e+07
2.8466e+07 5.1775e+07
2.84896e+07 5.18119e+07
2.85132e+07 5.18489e+07
2.85368e+07 5.18858e+07
2.85605e+07 5.19227e+07
2.85843e+07 5.19597e+07
2.8608e+07 5.19967e+07
2.86318e+07 5.20337e+07
2.86556e+07 5.20707e+07
2.86795e+07 5.21077e+07
2.87034e+07 5.21447e+07
2.87273e+07 5.21817e+07
2.87512e+07 5.22188e+07
2.87752e+07 5.22558e+07
2.87993e+07 5.22929e+07
2.88233e+07 5.233e+07
2.88474e+07 5.2367e+07
2.88715e+07 5.24041e+07
2.88957e+07 5.24413e+07
2.89199e+07 5.24784e+07
2.89441e+07 5.25155e+07
2.89684e+07 5.25527e+07
2.89927e+07 5.25899e+07
2.9017e+07 5.26271e+07
2.90414e+07 5.26643e+07
2.90658e+07 5.27015e+07
2.90902e+07 5.27387e+07
2.91147e+07 5.27759e+07
2.91392e+07 5.28132e+07
2.91638e+07 5.28505e+07
2.91883e+07 5.28878e+07
2.92129e+07 5.29251e+07
2.92376e+07 5.29624e+07
2.92623e+07 5.29997e+07
2.9287e+07 5.30371e+07
2.93117e+07 5.30744e+07
2.93365e+07 5.31118e+07
2.93613e+07 5.31492e+07
2.93862e+07 5.31866e+07
2.9411e+07 5.32241e+07
2.9436e+07 5.32615e+07
2.94609e+07 5.3299e+07
2.94859e+07 5.33365e+07
2.95109e+07 5.3374e+07
2.9536e+07 5.34115e+07
2.95611e+07 5.3449e+07
2.95862e+07 5.34866e+07
2.96114e+07 5.35242e+07
2.96365e+07 5.35618e+07
2.96618e+07 5.35994e+07
2.9687e+07 5.3637e+07
2.97123e+07 5.36746e+07
2.97377e+07 5.37123e+07
2.9763e+07 5.375e+07
2.97885e+07 5.37877e+07
2.98139e+07 5.38254e+07
2.98394e+07 5.38632e+07
2.98649e+07 5.3901e+07
2.98904e+07 5.39388e+07
2.9916e+07 5.39766e+07
2.99416e+07 5.40144e+07
2.99673e+07 5.40523e+07
2.99929e+07 5.40901e+07
3.00187e+07 5.4128e+07
3.00444e+07 5.4166e+07
3.00702e+07 5.42039e+07
3.0096e+07 5.42419e+07
3.01219e+07 5.42798e+07
3.01478e+07 5.43179e+07
3.01737e+07 5.43559e+07
3.01997e+07 5.43939e+07
3.02256e+07 5.4432e+07
3.02517e+07 5.44701e+07
3.02777e+07 5.45083e+07
3.03038e+07 5.45464e+07
3.033e+07 5.45846e+07
3.03561e+07 5.46228e+07
3.03824e+07 5.4661e+07
3.04086e+07 5.46993e+07
3.04349e+07 5.47375e+07
3.04612e+07 5.47758e+07
3.04875e+07 5.48142e+07
3.05139e+07 5.48525e+07
3.05403e+07 5.48909e+07
3.05668e+07 5.49293e+07
3.05932e+07 5.49677e+07
3.06198e+07 5.50062e+07
3.06463e+07 5.50447e+07
3.06729e+07 5.50832e+07
3.06995e+07 5.51217e+07
3.07262e+07 5.51603e+07
3.07528e+07 5.51989e+07
3.07796e+07 5.52375e+07
3.08063e+07 5.52761e+07
3.08331e+07 5.53148e+07
3.08599e+07 5.53535e+07
3.08868e+07 5.53923e+07
3.09137e+07 5.5431e+07
3.09406e+07 5.54698e+07
3.09676e+07 5.55086e+07
3.09946e+07 5.55475e+07
3.10216e+07 5.55864e+07
3.10487e+07 5.56253e+07
3.10758e+07 5.56642e+07
3.11029e+07 5.57032e+07
3.11301e+07 5.57422e+07
3.11573e+07 5.57813e+07
3.11845e+07 5.58203e+07
3.12118e+07 5.58594e+07
3.12391e+07 5.58986e+07
3.12664e+07 5.59378e+07
3.12938e+07 5.5977e+07
3.13212e+07 5.60162e+07
3.13486e+07 5.60555e+07
3.13761e+07 5.60948e+07
3.14036e+07 5.61341e+07
3.14311e+07 5.61735e+07
3.14587e+07 5.62129e+07
3.14863e+07 5.62523e+07
3.1514e+07 5.62918e+07
3.15416e+07 5.63313e+07
3.15693e+07 5.63708e+07
3.15971e+07 5.64104e+07
3.16248e+07 5.645e+07
3.16526e+07 5.64897e+07
3.16805e+07 5.65294e+07
3.17083e+07 5.65691e+07
3.17362e+07 5.66089e+07
3.17642e+07 5.66487e+07
3.17921e+07 5.66885e+07
3.18201e+07 5.67284e+07
3.18482e+07 5.67683e+07
3.18762e+07 5.68082e+07
3.19043e+07 5.68482e+07
3.19325e+07 5.68883e+07
3.19606e+07 5.69283e+07
3.19888e+07 5.69685e+07
3.2017e+07 5.70086e+07
3.20453e+07 5.70488e+07
3.20736e+07 5.7089e+07
3.21019e+07 5.71293e+07
3.21303e+07 5.71696e+07
3.21587e+07 5.721e+07
3.21871e+07 5.72504e+07
3.22155e+07 5.72908e+07
3.2244e+07 5.73313e+07
3.22725e+07 5.73718e+07
3.23011e+07 5.74124e+07
3.23296e+07 5.7453e+07
3.23582e+07 5.74936e+07
3.23869e+07 5.75343e+07
3.24155e+07 5.7575e+07
3.24442e+07 5.76158e+07
3.2473e+07 5.76567e+07
3.25017e+07 5.76975e+07
3.25305e+07 5.77384e+07
3.25593e+07 5.77794e+07
3.25882e+07 5.78204e+07
3.26171e+07 5.78615e+07
3.2646e+07 5.79026e+07
3.26749e+07 5.79437e+07
3.27039e+07 5.79849e+07
3.27329e+07 5.80262e+07
3.27619e+07 5.80675e+07
3.2791e+07 5.81088e+07
3.282e+07 5.81502e+07
3.28492e+07 5.81916e+07
3.28783e+07 5.82331e+07
3.29075e+07 5.82746e+07
3.29367e+07 5.83162e+07
3.29659e+07 5.83578e+07
3.29952e+07 5.83995e+07
3.30245e+07 5.84413e+07
3.30538e+07 5.8483e+07
3.30831e+07 5.85249e+07
3.31125e+07 5.85668e+07
3.31419e+07 5.86087e+07
3.31713e+07 5.86507e+07
3.32008e+07 5.86927e+07
3.32302e+07 5.87348e+07
3.32597e+07 5.8777e+07
3.32893e+07 5.88192e+07
3.33188e+07 5.88614e+07
3.33484e+07 5.89037e+07
3.3378e+07 5.89461e+07
3.34077e+07 5.89885e+07
3.34373e+07 5.9031e+07
3.3467e+07 5.90735e+07
3.34968e+07 5.91161e+07
3.35265e+07 5.91587e+07
3.35563e+07 5.92014e+07
3.35861e+07 5.92442e+07
3.36159e+07 5.9287e+07
3.36457e+07 5.93299e+07
3.36756e+07 5.93728e+07
3.37055e+07 5.94158e+07
3.37354e+07 5.94588e+07
3.37653e+07 5.95019e+07
3.37953e+07 5.95451e+07
3.38253e+07 5.95883e+07
3.38553e+07 5.96316e+07
3.38853e+07 5.96749e+07
3.39154e+07 5.97183e+07
3.39454e+07 5.97618e+07
3.39755e+07 5.98053e+07
3.40057e+07 5.98489e+07
3.40358e+07 5.98925e+07
3.4066e+07 5.99362e+07
3.40961e+07 5.998e+07
3.41263e+07 6.00238e+07
3.41566e+07 6.00677e+07
3.41868e+07 6.01117e+07
3.42171e+07 6.01557e+07
3.42474e+07 6.01998e+07
3.42777e+07 6.0244e+07
3.4308e+07 6.02882e+07
3.43384e+07 6.03325e+07
3.43687e+07 6.03768e+07
3.43991e+07 6.04212e+07
3.44295e+07 6.04657e+07
3.44599e+07 6.05103e+07
3.44904e+07 6.05549e+07
3.45208e+07 6.05996e+07
3.45513e+07 6.06443e+07
3.45818e+07 6.06892e+07
3.46123e+07 6.07341e+07
3.46428e+07 6.0779e+07
3.46734e+07 6.0824e+07
3.47039e+07 6.08691e+07
3.47345e+07 6.09143e+07
3.47651e+07 6.09596e+07
3.47957e+07 6.10049e+07
3.48263e+07 6.10502e+07
3.48569e+07 6.10957e+07
3.48876e+07 6.11412e+07
3.49182e+07 6.11868e+07
3.49489e+07 6.12325e+07
3.49796e+07 6.12782e+07
3.50103e+07 6.13241e+07
3.5041e+07 6.13699e+07
3.50717e+07 6.14159e+07
3.51024e+07 6.1462e+07
3.51332e+07 6.15081e+07
3.51639e+07 6.15543e+07
3.51947e+07 6.16005e+07
3.52254e+07 6.16469e+07
3.52562e+07 6.16933e+07
3.5287e+07 6.17398e+07
3.53178e+07 6.17864e+07
3.53486e+07 6.1833e+07
3.53794e+07 6.18798e+07
3.54103e+07 6.19266e+07
3.54411e+07 6.19735e+07
3.54719e+07 6.20204e+07
3.55028e+07 6.20675e+07
3.55336e+07 6.21146e+07
3.55645e+07 6.21618e+07
3.55953e+07 6.22091e+07
3.56262e+07 6.22565e+07
3.56571e+07 6.23039e+07
3.56879e+07 6.23515e+07
3.57188e+07 6.23991e+07
3.57497e+07 6.24468e+07
3.57806e+07 6.24946e+07
3.58114e+07 6.25424e+07
3.58423e+07 6.25904e+07
3.58732e+07 6.26384e+07
3.59041e+07 6.26866e+07
3.5935e+07 6.27348e+07
3.59659e+07 6.27831e+07
3.59967e+07 6.28314e+07
3.60276e+07 6.28799e+07
3.60585e+07 6.29285e+07
3.60894e+07 6.29771e+07
3.61202e+07 6.30258e+07
3.61511e+07 6.30746e+07
3.6182e+07 6.31235e+07
3.62128e+07 6.31725e+07
3.62437e+07 6.32216e+07
3.62745e+07 6.32708e+07
3.63054e+07 6.332e+07
3.63362e+07 6.33694e+07
3.6367e+07 6.34188e+07
3.63979e+07 6.34684e+07
3.64287e+07 6.3518e+07
3.64595e+07 6.35677e+07
3.64903e+07 6.36175e+07
3.65211e+07 6.36674e+07
3.65518e+07 6.37174e+07
3.65826e+07 6.37675e+07
3.66133e+07 6.38176e+07
3.66441e+07 6.38679e+07
3.66748e+07 6.39183e+07
3.67055e+07 6.39687e+07
3.67362e+07 6.40193e+07
3.67669e+07 6.40699e+07
3.67975e+07 6.41207e+07
3.68282e+07 6.41715e+07
3.68588e+07 6.42224e+07
3.68894e+07 6.42735e+07
3.692e+07 6.43246e+07
3.69506e+07 6.43758e+07
3.69811e+07 6.44271e+07
3.70117e+07 6.44785e+07
3.70422e+07 6.45301e+07
3.70727e+07 6.45817e+07
3.71031e+07 6.46334e+07
3.71336e+07 6.46852e+07
3.7164e+07 6.47371e+07
3.71944e+07 6.47891e+07
3.72248e+07 6.48412e+07
3.72551e+07 6.48934e+07
3.72854e+07 6.49457e+07
3.73157e+07 6.49981e+07
3.7346e+07 6.50506e+07
3.73762e+07 6.51032e+07
3.74064e+07 6.51559e+07
3.74366e+07 6.52087e+07
3.74667e+07 6.52616e+07
3.74968e+07 6.53147e+07
3.75269e+07 6.53678e+07
3.75569e+07 6.5421e+07
3.75869e+07 6.54743e+07
3.76169e+07 6.55277e+07
3.76468e+07 6.55812e+07
3.76767e+07 6.56349e+07
3.77065e+07 6.56886e+07
3.77363e+07 6.57424e+07
3.77661e+07 6.57964e+07
3.77958e+07 6.58504e+07
3.78255e+07 6.59046e+07
3.78552e+07 6.59588e+07
3.78848e+07 6.60132e+07
3.79143e+07 6.60676e+07
3.79438e+07 6.61222e+07
3.79733e+07 6.61769e+07
3.80027e+07 6.62317e+07
3.80321e+07 6.62865e+07
3.80614e+07 6.63415e+07
3.80907e+07 6.63966e+07
3.81199e+07 6.64518e+07
3.8149e+07 6.65072e+07
3.81782e+07 6.65626e+07
3.82072e+07 6.66181e+07
3.82362e+07 6.66737e+07
3.82652e+07 6.67295e+07
3.8294e+07 6.67853e+07
3.83229e+07 6.68413e+07
3.83517e+07 6.68973e+07
3.83804e+07 6.69535e+07
3.8409e+07 6.70097e+07
3.84376e+07 6.70661e+07
3.84661e+07 6.71226e+07
3.84946e+07 6.71792e+07
3.8523e+07 6.72359e+07
3.85513e+07 6.72927e+07
3.85796e+07 6.73496e+07
3.86078e+07 6.74067e+07
3.86359e+07 6.74638e+07
3.8664e+07 6.75211e+07
3.86919e+07 6.75784e+07
3.87198e+07 6.76359e+07
3.87477e+07 6.76934e+07
3.87754e+07 6.77511e+07
3.88031e+07 6.78089e+07
3.88307e+07 6.78668e+07
3.88583e+07 6.79248e+07
3.88857e+07 6.79829e+07
3.89131e+07 6.80411e+07
3.89404e+07 6.80994e+07
3.89676e+07 6.81578e+07
3.89947e+07 6.82164e+07
3.90217e+07 6.8275e+07
3.90487e+07 6.83337e+07
3.90756e+07 6.83926e+07
3.91023e+07 6.84516e+07
3.9129e+07 6.85106e+07
3.91556e+07 6.85698e+07
3.91821e+07 6.86291e+07
3.92085e+07 6.86885e+07
3.92348e+07 6.87479e+07
3.92611e+07 6.88075e+07
3.92872e+07 6.88672e+07
3.93132e+07 6.8927e+07
3.93391e+07 6.89869e+07
3.9365e+07 6.9047e+07
3.93907e+07 6.91071e+07
3.94163e+07 6.91673e+07
3.94418e+07 6.92276e+07
3.94672e+07 6.9288e+07
3.94925e+07 6.93486e+07
3.95177e+07 6.94092e+07
3.95428e+07 6.94699e+07
3.95678e+07 6.95308e+07
3.95926e+07 6.95917e+07
3.96174e+07 6.96527e+07
3.9642e+07 6.97139e+07
3.96665e+07 6.97751e+07
3.96909e+07 6.98364e+07
3.97152e+07 6.98979e+07
3.97394e+07 6.99594e+07
3.97634e+07 7.0021e+07
3.97874e+07 7.00828e+07
3.98112e+07 7.01446e+07
3.98348e+07 7.02065e+07
3.98584e+07 7.02685e+07
3.98818e+07 7.03306e+07
3.99051e+07 7.03929e+07
3.99283e+07 7.04552e+07
3.99513e+07 7.05176e+07
3.99742e+07 7.058e+07
3.9997e+07 7.06426e+07
4.00197e+07 7.07053e+07
4.00422e+07 7.0768e+07
4.00645e+07 7.08309e+07
4.00868e+07 7.08938e+07
4.01089e+07 7.09569e+07
4.01308e+07 7.102e+07
4.01526e+07 7.10832e+07
4.01743e+07 7.11465e+07
4.01958e+07 7.12098e+07
4.02172e+07 7.12733e+07
4.02384e+07 7.13368e+07
4.02595e+07 7.14005e+07
4.02805e+07 7.14642e+07
4.03013e+07 7.15279e+07
4.03219e+07 7.15918e+07
4.03424e+07 7.16558e+07
4.03627e+07 7.17198e+07
4.03829e+07 7.17839e+07
4.04029e+07 7.1848e+07
4.04228e+07 7.19123e+07
4.04425e+07 7.19766e+07
4.04621e+07 7.2041e+07
4.04815e+07 7.21055e+07
4.05007e+07 7.217e+07
4.05198e+07 7.22346e+07
4.05387e+07 7.22993e+07
4.05574e+07 7.2364e+07
4.0576e+07 7.24288e+07
4.05944e+07 7.24937e+07
4.06127e+07 7.25586e+07
4.06308e+07 7.26236e+07
4.06487e+07 7.26887e+07
4.06664e+07 7.27538e+07
4.0684e+07 7.2819e+07
4.07014e+07 7.28842e+07
4.07186e+07 7.29495e+07
4.07357e+07 7.30149e+07
4.07526e+07 7.30803e+07
4.07693e+07 7.31457e+07
4.07858e+07 7.32112e+07
4.08021e+07 7.32768e+07
4.08183e+07 7.33424e+07
4.08343e+07 7.3408e+07
4.08501e+07 7.34737e+07
4.08657e+07 7.35394e+07
4.08812e+07 7.36052e+07
4.08964e+07 7.3671e+07
4.09115e+07 7.37369e+07
4.09264e+07 7.38027e+07
4.09411e+07 7.38687e+07
4.09556e+07 7.39346e+07
4.097e+07 7.40006e+07
4.09841e+07 7.40667e+07
4.09981e+07 7.41327e+07
4.10119e+07 7.41988e+07
4.10254e+07 7.42649e+07
4.10388e+07 7.4331e+07
4.1052e+07 7.43972e+07
4.1065e+07 7.44634e+07
4.10778e+07 7.45296e+07
4.10905e+07 7.45958e+07
4.11029e+07 7.46621e+07
4.11151e+07 7.47283e+07
4.11272e+07 7.47946e+07
4.1139e+07 7.48609e+07
4.11506e+07 7.49272e+07
4.11621e+07 7.49935e+07
4.11733e+07 7.50598e+07
4.11844e+07 7.51261e+07
4.11953e+07 7.51924e+07
4.12059e+07 7.52587e+07
4.12164e+07 7.53251e+07
4.12266e+07 7.53914e+07
4.12367e+07 7.54577e+07
4.12466e+07 7.5524e+07
4.12562e+07 7.55903e+07
4.12657e+07 7.56566e+07
4.1275e+07 7.57229e+07
4.1284e+07 7.57892e+07
4.12929e+07 7.58554e+07
4.13016e+07 7.59217e+07
4.131e+07 7.59879e+07
4.13183e+07 7.60541e+07
4.13264e+07 7.61203e+07
4.13342e+07 7.61865e+07
4.13419e+07 7.62527e+07
4.13493e+07 7.63188e+07
4.13566e+07 7.63849e+07
4.13637e+07 7.64509e+07
4.13705e+07 7.6517e+07
4.13772e+07 7.6583e+07
4.13837e+07 7.66489e+07
4.13899e+07 7.67149e+07
4.1396e+07 7.67808e+07
4.14018e+07 7.68466e+07
4.14075e+07 7.69124e+07
4.1413e+07 7.69782e+07
4.14182e+07 7.70439e+07
4.14233e+07 7.71096e+07
4.14282e+07 7.71752e+07
4.14328e+07 7.72408e+07
4.14373e+07 7.73063e+07
4.14416e+07 7.73718e+07
4.14457e+07 7.74372e+07
4.14496e+07 7.75026e+07
4.14533e+07 7.75679e+07
4.14568e+07 7.76331e+07
4.14601e+07 7.76983e+07
4.14632e+07 7.77634e+07
4.14661e+07 7.78284e+07
4.14688e+07 7.78934e+07
4.14714e+07 7.79583e+07
4.14737e+07 7.80232e+07
4.14758e+07 7.80879e+07
4.14778e+07 7.81526e+07
4.14796e+07 7.82172e+07
4.14812e+07 7.82818e+07
4.14826e+07 7.83462e+07
4.14838e+07 7.84106e+07
4.14848e+07 7.84749e+07
4.14856e+07 7.85391e+07
4.14863e+07 7.86033e+07
4.14868e+07 7.86673e+07
4.14871e+07 7.87313e+07
4.14872e+07 7.87951e+07
4.14871e+07 7.88589e+07
4.14868e+07 7.89226e+07
4.14864e+07 7.89861e+07
4.14858e+07 7.90496e+07
4.1485e+07 7.9113e+07
4.14841e+07 7.91763e+07
4.14829e+07 7.92395e+07
4.14816e+07 7.93026e+07
4.14801e+07 7.93656e+07
4.14785e+07 7.94285e+07
4.14767e+07 7.94912e+07
4.14747e+07 7.95539e+07
4.14725e+07 7.96165e+07
4.14702e+07 7.96789e+07
4.14677e+07 7.97413e+07
4.1465e+07 7.98035e+07
4.14622e+07 7.98656e+07
4.14592e+07 7.99276e+07
4.14561e+07 7.99895e+07
4.14528e+07 8.00513e+07
4.14493e+07 8.01129e+07
4.14457e+07 8.01745e+07
4.14419e+07 8.02359e+07
4.1438e+07 8.02972e+07
4.14339e+07 8.03583e+07
4.14297e+07 8.04194e+07
4.14253e+07 8.04803e+07
4.14207e+07 8.05411e+07
4.14161e+07 8.06017e+07
4.14112e+07 8.06623e+07
4.14062e+07 8.07227e+07
4.14011e+07 8.0783e+07
4.13959e+07 8.08431e+07
4.13905e+07 8.09032e+07
4.13849e+07 8.0963e+07
4.13792e+07 8.10228e+07
4.13734e+07 8.10824e+07
4.13675e+07 8.11419e+07
4.13614e+07 8.12012e+07
4.13552e+07 8.12605e+07
4.13488e+07 8.13195e+07
4.13424e+07 8.13785e+07
4.13357e+07 8.14373e+07
4.1329e+07 8.14959e+07
4.13222e+07 8.15545e+07
4.13152e+07 8.16128e+07
4.13081e+07 8.16711e+07
4.13008e+07 8.17292e+07
4.12935e+07 8.17871e+07
4.1286e+07 8.18449e+07
4.12785e+07 8.19026e+07
4.12708e+07 8.19601e+07
4.1263e+07 8.20175e+07
4.12551e+07 8.20747e+07
4.1247e+07 8.21318e+07
4.12389e+07 8.21887e+07
4.12306e+07 8.22455e+07
4.12223e+07 8.23021e+07
4.12138e+07 8.23586e+07
4.12053e+07 8.2415e+07
4.11966e+07 8.24712e+07
4.11879e+07 8.25272e+07
4.1179e+07 8.25831e+07
4.11701e+07 8.26388e+07
4.1161e+07 8.26944e+07
4.11519e+07 8.27498e+07
4.11426e+07 8.28051e+07
4.11333e+07 8.28603e+07
4.11239e+07 8.29152e+07
4.11144e+07 8.29701e+07
4.11048e+07 8.30247e+07
4.10951e+07 8.30793e+07
4.10853e+07 8.31336e+07
4.10755e+07 8.31878e+07
4.10656e+07 8.32419e+07
4.10556e+07 8.32958e+07
4.10455e+07 8.33496e+07
4.10353e+07 8.34032e+07
4.10251e+07 8.34566e+07
4.10148e+07 8.35099e+07
4.10044e+07 8.3563e+07
4.09939e+07 8.3616e+07
4.09834e+07 8.36688e+07
4.09728e+07 8.37215e+07
4.09621e+07 8.3774e+07
4.09514e+07 8.38264e+07
4.09406e+07 8.38786e+07
4.09297e+07 8.39306e+07
4.09188e+07 8.39825e+07
4.09078e+07 8.40343e+07
4.08968e+07 8.40858e+07
4.08857e+07 8.41373e+07
4.08746e+07 8.41886e+07
4.08633e+07 8.42397e+07
4.08521e+07 8.42906e+07
4.08408e+07 8.43415e+07
4.08294e+07 8.43921e+07
4.0818e+07 8.44426e+07
4.08065e+07 8.4493e+07
4.0795e+07 8.45432e+07
4.07835e+07 8.45932e+07
4.07719e+07 8.46431e+07
4.07602e+07 8.46929e+07
4.07485e+07 8.47424e+07
4.07368e+07 8.47919e+07
4.0725e+07 8.48412e+07
4.07132e+07 8.48903e+07
4.07014e+07 8.49393e+07
4.06895e+07 8.49881e+07
4.06776e+07 8.50368e+07
4.06656e+07 8.50853e+07
4.06537e+07 8.51337e+07
4.06417e+07 8.51819e+07
4.06296e+07 8.523e+07
4.06176e+07 8.52779e+07
4.06055e+07 8.53257e+07
4.05933e+07 8.53733e+07
4.05812e+07 8.54208e+07
4.0569e+07 8.54682e+07
4.05568e+07 8.55154e+07
4.05446e+07 8.55624e+07
4.05324e+07 8.56093e+07
4.05201e+07 8.56561e+07
4.05078e+07 8.57027e+07
4.04956e+07 8.57491e+07
4.04832e+07 8.57954e+07
4.04709e+07 8.58416e+07
4.04586e+07 8.58876e+07
4.04462e+07 8.59335e+07
4.04339e+07 8.59793e+07
4.04215e+07 8.60249e+07
4.04091e+07 8.60703e+07
4.03967e+07 8.61156e+07
4.03843e+07 8.61608e+07
4.03719e+07 8.62058e+07
4.03595e+07 8.62507e+07
4.03471e+07 8.62955e+07
4.03347e+07 8.63401e+07
4.03223e+07 8.63846e+07
4.03098e+07 8.64289e+07
4.02974e+07 8.64731e+07
4.0285e+07 8.65172e+07
4.02725e+07 8.65611e+07
4.02601e+07 8.66049e+07
4.02477e+07 8.66485e+07
4.02353e+07 8.6692e+07
4.02229e+07 8.67354e+07
4.02105e+07 8.67787e+07
4.01981e+07 8.68218e+07
4.01857e+07 8.68648e+07
4.01733e+07 8.69076e+07
4.01609e+07 8.69503e+07
4.01485e+07 8.69929e+07
4.01362e+07 8.70354e+07
4.01238e+07 8.70777e+07
4.01115e+07 8.71199e+07
4.00992e+07 8.71619e+07
4.00869e+07 8.72039e+07
4.00746e+07 8.72457e+07
4.00623e+07 8.72874e+07
4.005e+07 8.73289e+07
4.00378e+07 8.73703e+07
4.00256e+07 8.74116e+07
4.00134e+07 8.74528e+07
4.00012e+07 8.74939e+07
3.9989e+07 8.75348e+07
3.99768e+07 8.75756e+07
3.99647e+07 8.76163e+07
3.99526e+07 8.76569e+07
3.99405e+07 8.76973e+07
3.99285e+07 8.77376e+07
3.99164e+07 8.77778e+07
3.99044e+07 8.78179e+07
3.98924e+07 8.78578e+07
3.98805e+07 8.78977e+07
3.98685e+07 8.79374e+07
3.98566e+07 8.7977e+07
3.98447e+07 8.80165e+07
3.98329e+07 8.80559e+07
3.98211e+07 8.80951e+07
3.98093e+07 8.81343e+07
3.97975e+07 8.81733e+07
3.97858e+07 8.82122e+07
3.97741e+07 8.8251e+07
3.97624e+07 8.82897e+07
3.97508e+07 8.83283e+07
3.97392e+07 8.83667e+07
3.97276e+07 8.84051e+07
3.97161e+07 8.84433e+07
3.97046e+07 8.84815e+07
3.96931e+07 8.85195e+07
