-0.00255005 6.49
-0.0051001 6.49
-0.00765016 6.49
-0.0102002 6.48999
-0.0127503 6.48999
-0.0153003 6.48998
-0.0178504 6.48998
-0.0204004 6.48997
-0.0229505 6.48996
-0.0255005 6.48995
-0.0280505 6.48994
-0.0306006 6.48993
-0.0331506 6.48992
-0.0357007 6.48991
-0.0382507 6.48989
-0.0408008 6.48988
-0.0433508 6.48986
-0.0459008 6.48985
-0.0484509 6.48983
-0.0510009 6.48981
-0.0535509 6.48979
-0.0561009 6.48977
-0.058651 6.48975
-0.061201 6.48973
-0.063751 6.4897
-0.066301 6.48968
-0.068851 6.48965
-0.071401 6.48963
-0.073951 6.4896
-0.076501 6.48957
-0.079051 6.48954
-0.081601 6.48951
-0.084151 6.48948
-0.0867009 6.48945
-0.0892509 6.48942
-0.0918009 6.48938
-0.0943509 6.48935
-0.0969008 6.48931
-0.0994508 6.48928
-0.102001 6.48924
-0.104551 6.4892
-0.107101 6.48916
-0.109651 6.48912
-0.1122 6.48908
-0.11475 6.48904
-0.1173 6.48899
-0.11985 6.48895
-0.1224 6.4889
-0.12495 6.48886
-0.1275 6.48881
-0.13005 6.48876
-0.1326 6.48871
-0.13515 6.48866
-0.137699 6.48861
-0.140249 6.48856
-0.142799 6.48851
-0.145349 6.48845
-0.147899 6.4884
-0.150449 6.48834
-0.152998 6.48829
-0.155548 6.48823
-0.158098 6.48817
-0.160648 6.48811
-0.163198 6.48805
-0.165747 6.48799
-0.168297 6.48793
-0.170847 6.48786
-0.173397 6.4878
-0.175946 6.48773
-0.178496 6.48767
-0.181046 6.4876
-0.183595 6.48753
-0.186145 6.48746
-0.188695 6.48739
-0.191245 6.48732
-0.193794 6.48725
-0.196344 6.48718
-0.198893 6.48711
-0.201443 6.48703
-0.203993 6.48696
-0.206542 6.48688
-0.209092 6.4868
-0.211642 6.48672
-0.214191 6.48664
-0.216741 6.48656
-0.21929 6.48648
-0.22184 6.4864
-0.224389 6.48632
-0.226939 6.48623
-0.229488 6.48615
-0.232038 6.48606
-0.234587 6.48597
-0.237137 6.48589
-0.239686 6.4858
-0.242236 6.48571
-0.244785 6.48562
-0.247334 6.48552
-0.249884 6.48543
-0.252433 6.48534
-0.254983 6.48524
-0.257532 6.48515
-0.260081 6.48505
-0.262631 6.48495
-0.26518 6.48486
-0.267729 6.48476
-0.270278 6.48466
-0.272828 6.48455
-0.275377 6.48445
-0.277926 6.48435
-0.280475 6.48424
-0.283025 6.48414
-0.285574 6.48403
-0.288123 6.48393
-0.290672 6.48382
-0.293221 6.48371
-0.29577 6.4836
-0.298319 6.48349
-0.300868 6.48338
-0.303418 6.48326
-0.305967 6.48315
-0.308516 6.48304
-0.311065 6.48292
-0.313614 6.4828
-0.316163 6.48269
-0.318712 6.48257
-0.32126 6.48245
-0.323809 6.48233
-0.326358 6.48221
-0.328907 6.48209
-0.331456 6.48196
-0.334005 6.48184
-0.336554 6.48171
-0.339102 6.48159
-0.341651 6.48146
-0.3442 6.48133
-0.346749 6.4812
-0.349297 6.48107
-0.351846 6.48094
-0.354395 6.48081
-0.356943 6.48068
-0.359492 6.48054
-0.362041 6.48041
-0.364589 6.48027
-0.367138 6.48014
-0.369686 6.48
-0.372235 6.47986
-0.374783 6.47972
-0.377332 6.47958
-0.37988 6.47944
-0.382429 6.4793
-0.384977 6.47916
-0.387525 6.47901
-0.390074 6.47887
-0.392622 6.47872
-0.39517 6.47857
-0.397719 6.47843
-0.400267 6.47828
-0.402815 6.47813
-0.405363 6.47798
-0.407912 6.47783
-0.41046 6.47767
-0.413008 6.47752
-0.415556 6.47737
-0.418104 6.47721
-0.420652 6.47705
-0.4232 6.4769
-0.425748 6.47674
-0.428296 6.47658
-0.430844 6.47642
-0.433392 6.47626
-0.43594 6.4761
-0.438488 6.47593
-0.441036 6.47577
-0.443583 6.4756
-0.446131 6.47544
-0.448679 6.47527
-0.451227 6.4751
-0.453774 6.47493
-0.456322 6.47476
-0.45887 6.47459
-0.461417 6.47442
-0.463965 6.47425
-0.466512 6.47408
-0.46906 6.4739
-0.471607 6.47373
-0.474155 6.47355
-0.476702 6.47337
-0.479249 6.4732
-0.481797 6.47302
-0.484344 6.47284
-0.486891 6.47266
-0.489439 6.47247
-0.491986 6.47229
-0.494533 6.47211
-0.49708 6.47192
-0.499627 6.47174
-0.502174 6.47155
-0.504722 6.47136
-0.507269 6.47117
-0.509816 6.47098
-0.512363 6.47079
-0.514909 6.4706
-0.517456 6.47041
-0.520003 6.47022
-0.52255 6.47002
-0.525097 6.46983
-0.527644 6.46963
-0.53019 6.46943
-0.532737 6.46923
-0.535284 6.46904
-0.53783 6.46884
-0.540377 6.46863
-0.542923 6.46843
-0.54547 6.46823
-0.548016 6.46803
-0.550563 6.46782
-0.553109 6.46762
-0.555655 6.46741
-0.558202 6.4672
-0.560748 6.46699
-0.563294 6.46678
-0.56584 6.46657
-0.568386 6.46636
-0.570933 6.46615
-0.573479 6.46594
-0.576025 6.46572
-0.578571 6.46551
-0.581117 6.46529
-0.583663 6.46507
-0.586208 6.46486
-0.588754 6.46464
-0.5913 6.46442
-0.593846 6.4642
-0.596391 6.46397
-0.598937 6.46375
-0.601483 6.46353
-0.604028 6.4633
-0.606574 6.46308
-0.609119 6.46285
-0.611665 6.46262
-0.61421 6.4624
-0.616755 6.46217
-0.619301 6.46194
-0.621846 6.4617
-0.624391 6.46147
-0.626936 6.46124
-0.629482 6.46101
-0.632027 6.46077
-0.634572 6.46053
-0.637117 6.4603
-0.639662 6.46006
-0.642207 6.45982
-0.644751 6.45958
-0.647296 6.45934
-0.649841 6.4591
-0.652386 6.45886
-0.65493 6.45861
-0.657475 6.45837
-0.66002 6.45812
-0.662564 6.45788
-0.665109 6.45763
-0.667653 6.45738
-0.670197 6.45713
-0.672742 6.45688
-0.675286 6.45663
-0.67783 6.45638
-0.680374 6.45613
-0.682918 6.45587
-0.685463 6.45562
-0.688007 6.45536
-0.690551 6.4551
-0.693094 6.45485
-0.695638 6.45459
-0.698182 6.45433
-0.700726 6.45407
-0.70327 6.45381
-0.705813 6.45354
-0.708357 6.45328
-0.7109 6.45302
-0.713444 6.45275
-0.715987 6.45248
-0.718531 6.45222
-0.721074 6.45195
-0.723617 6.45168
-0.726161 6.45141
-0.728704 6.45114
-0.731247 6.45087
-0.73379 6.45059
-0.736333 6.45032
-0.738876 6.45004
-0.741419 6.44977
-0.743962 6.44949
-0.746504 6.44922
-0.749047 6.44894
-0.75159 6.44866
-0.754132 6.44838
-0.756675 6.4481
-0.759217 6.44781
-0.76176 6.44753
-0.764302 6.44725
-0.766845 6.44696
-0.769387 6.44667
-0.771929 6.44639
-0.774471 6.4461
-0.777013 6.44581
-0.779555 6.44552
-0.782097 6.44523
-0.784639 6.44494
-0.787181 6.44465
-0.789723 6.44435
-0.792264 6.44406
-0.794806 6.44376
-0.797348 6.44346
-0.799889 6.44317
-0.80243 6.44287
-0.804972 6.44257
-0.807513 6.44227
-0.810054 6.44197
-0.812596 6.44167
-0.815137 6.44136
-0.817678 6.44106
-0.820219 6.44075
-0.82276 6.44045
-0.825301 6.44014
-0.827841 6.43983
-0.830382 6.43952
-0.832923 6.43921
-0.835464 6.4389
-0.838004 6.43859
-0.840545 6.43828
-0.843085 6.43797
-0.845625 6.43765
-0.848166 6.43734
-0.850706 6.43702
-0.853246 6.4367
-0.855786 6.43638
-0.858326 6.43607
-0.860866 6.43575
-0.863406 6.43542
-0.865945 6.4351
-0.868485 6.43478
-0.871025 6.43446
-0.873564 6.43413
-0.876104 6.4338
-0.878643 6.43348
-0.881183 6.43315
-0.883722 6.43282
-0.886261 6.43249
-0.8888 6.43216
-0.891339 6.43183
-0.893878 6.4315
-0.896417 6.43116
-0.898956 6.43083
-0.901495 6.4305
-0.904034 6.43016
-0.906572 6.42982
-0.909111 6.42948
-0.911649 6.42914
-0.914188 6.42881
-0.916726 6.42846
-0.919264 6.42812
-0.921802 6.42778
-0.924341 6.42744
-0.926879 6.42709
-0.929417 6.42675
-0.931954 6.4264
-0.934492 6.42605
-0.93703 6.4257
-0.939567 6.42535
-0.942105 6.425
-0.944643 6.42465
-0.94718 6.4243
-0.949717 6.42395
-0.952254 6.42359
-0.954792 6.42324
-0.957329 6.42288
-0.959866 6.42252
-0.962403 6.42217
-0.964939 6.42181
-0.967476 6.42145
-0.970013 6.42109
-0.972549 6.42073
-0.975086 6.42036
-0.977622 6.42
-0.980159 6.41964
-0.982695 6.41927
-0.985231 6.4189
-0.987767 6.41854
-0.990303 6.41817
-0.992839 6.4178
-0.995375 6.41743
-0.997911 6.41706
-1.00045 6.41669
-1.00298 6.41631
-1.00552 6.41594
-1.00805 6.41556
-1.01059 6.41519
-1.01312 6.41481
-1.01566 6.41443
-1.01819 6.41406
-1.02073 6.41368
-1.02326 6.4133
-1.0258 6.41291
-1.02833 6.41253
-1.03087 6.41215
-1.0334 6.41176
-1.03594 6.41138
-1.03847 6.41099
-1.04101 6.41061
-1.04354 6.41022
-1.04607 6.40983
-1.04861 6.40944
-1.05114 6.40905
-1.05368 6.40866
-1.05621 6.40826
-1.05874 6.40787
-1.06128 6.40747
-1.06381 6.40708
-1.06634 6.40668
-1.06888 6.40628
-1.07141 6.40589
-1.07394 6.40549
-1.07648 6.40509
-1.07901 6.40469
-1.08154 6.40428
-1.08407 6.40388
-1.08661 6.40348
-1.08914 6.40307
-1.09167 6.40267
-1.0942 6.40226
-1.09674 6.40185
-1.09927 6.40144
-1.1018 6.40103
-1.10433 6.40062
-1.10686 6.40021
-1.10939 6.3998
-1.11193 6.39938
-1.11446 6.39897
-1.11699 6.39855
-1.11952 6.39814
-1.12205 6.39772
-1.12458 6.3973
-1.12711 6.39688
-1.12965 6.39646
-1.13218 6.39604
-1.13471 6.39562
-1.13724 6.3952
-1.13977 6.39477
-1.1423 6.39435
-1.14483 6.39392
-1.14736 6.3935
-1.14989 6.39307
-1.15242 6.39264
-1.15495 6.39221
-1.15748 6.39178
-1.16001 6.39135
-1.16254 6.39092
-1.16507 6.39048
-1.1676 6.39005
-1.17013 6.38961
-1.17265 6.38918
-1.17518 6.38874
-1.17771 6.3883
-1.18024 6.38786
-1.18277 6.38742
-1.1853 6.38698
-1.18783 6.38654
-1.19036 6.3861
-1.19288 6.38565
-1.19541 6.38521
-1.19794 6.38476
-1.20047 6.38432
-1.203 6.38387
-1.20552 6.38342
-1.20805 6.38297
-1.21058 6.38252
-1.21311 6.38207
-1.21563 6.38162
-1.21816 6.38117
-1.22069 6.38071
-1.22322 6.38026
-1.22574 6.3798
-1.22827 6.37934
-1.2308 6.37889
-1.23332 6.37843
-1.23585 6.37797
-1.23837 6.37751
-1.2409 6.37705
-1.24343 6.37658
-1.24595 6.37612
-1.24848 6.37565
-1.251 6.37519
-1.25353 6.37472
-1.25606 6.37426
-1.25858 6.37379
-1.26111 6.37332
-1.26363 6.37285
-1.26616 6.37238
-1.26868 6.37191
-1.27121 6.37143
-1.27373 6.37096
-1.27626 6.37048
-1.27878 6.37001
-1.2813 6.36953
-1.28383 6.36905
-1.28635 6.36858
-1.28888 6.3681
-1.2914 6.36762
-1.29392 6.36714
-1.29645 6.36665
-1.29897 6.36617
-1.30149 6.36569
-1.30402 6.3652
-1.30654 6.36471
-1.30906 6.36423
-1.31159 6.36374
-1.31411 6.36325
-1.31663 6.36276
-1.31916 6.36227
-1.32168 6.36178
-1.3242 6.36129
-1.32672 6.36079
-1.32924 6.3603
-1.33177 6.3598
-1.33429 6.35931
-1.33681 6.35881
-1.33933 6.35831
-1.34185 6.35781
-1.34437 6.35731
-1.34689 6.35681
-1.34942 6.35631
-1.35194 6.3558
-1.35446 6.3553
-1.35698 6.3548
-1.3595 6.35429
-1.36202 6.35378
-1.36454 6.35328
-1.36706 6.35277
-1.36958 6.35226
-1.3721 6.35175
-1.37462 6.35124
-1.37714 6.35072
-1.37966 6.35021
-1.38218 6.3497
-1.3847 6.34918
-1.38722 6.34866
-1.38973 6.34815
-1.39225 6.34763
-1.39477 6.34711
-1.39729 6.34659
-1.39981 6.34607
-1.40233 6.34555
-1.40484 6.34502
-1.40736 6.3445
-1.40988 6.34398
-1.4124 6.34345
-1.41492 6.34292
-1.41743 6.3424
-1.41995 6.34187
-1.42247 6.34134
-1.42499 6.34081
-1.4275 6.34028
-1.43002 6.33975
-1.43254 6.33921
-1.43505 6.33868
-1.43757 6.33814
-1.44008 6.33761
-1.4426 6.33707
-1.44512 6.33653
-1.44763 6.33599
-1.45015 6.33545
-1.45266 6.33491
-1.45518 6.33437
-1.45769 6.33383
-1.46021 6.33329
-1.46272 6.33274
-1.46524 6.3322
-1.46775 6.33165
-1.47027 6.3311
-1.47278 6.33056
-1.4753 6.33001
-1.47781 6.32946
-1.48033 6.3289
-1.48284 6.32835
-1.48535 6.3278
-1.48787 6.32725
-1.49038 6.32669
-1.49289 6.32614
-1.49541 6.32558
-1.49792 6.32502
-1.50043 6.32446
-1.50294 6.3239
-1.50546 6.32334
-1.50797 6.32278
-1.51048 6.32222
-1.51299 6.32166
-1.51551 6.32109
-1.51802 6.32053
-1.52053 6.31996
-1.52304 6.31939
-1.52555 6.31883
-1.52806 6.31826
-1.53057 6.31769
-1.53309 6.31712
-1.5356 6.31655
-1.53811 6.31597
-1.54062 6.3154
-1.54313 6.31483
-1.54564 6.31425
-1.54815 6.31367
-1.55066 6.3131
-1.55317 6.31252
-1.55568 6.31194
-1.55819 6.31136
-1.5607 6.31078
-1.5632 6.3102
-1.56571 6.30961
-1.56822 6.30903
-1.57073 6.30844
-1.57324 6.30786
-1.57575 6.30727
-1.57826 6.30668
-1.58076 6.3061
-1.58327 6.30551
-1.58578 6.30492
-1.58829 6.30432
-1.59079 6.30373
-1.5933 6.30314
-1.59581 6.30254
-1.59832 6.30195
-1.60082 6.30135
-1.60333 6.30076
-1.60584 6.30016
-1.60834 6.29956
-1.61085 6.29896
-1.61335 6.29836
-1.61586 6.29776
-1.61836 6.29715
-1.62087 6.29655
-1.62338 6.29595
-1.62588 6.29534
-1.62839 6.29473
-1.63089 6.29413
-1.6334 6.29352
-1.6359 6.29291
-1.6384 6.2923
-1.64091 6.29169
-1.64341 6.29108
-1.64592 6.29046
-1.64842 6.28985
-1.65092 6.28923
-1.65343 6.28862
-1.65593 6.288
-1.65843 6.28738
-1.66094 6.28676
-1.66344 6.28614
-1.66594 6.28552
-1.66844 6.2849
-1.67095 6.28428
-1.67345 6.28366
-1.67595 6.28303
-1.67845 6.28241
-1.68095 6.28178
-1.68345 6.28115
-1.68596 6.28053
-1.68846 6.2799
-1.69096 6.27927
-1.69346 6.27864
-1.69596 6.278
-1.69846 6.27737
-1.70096 6.27674
-1.70346 6.2761
-1.70596 6.27547
-1.70846 6.27483
-1.71096 6.27419
-1.71346 6.27356
-1.71596 6.27292
-1.71846 6.27228
-1.72095 6.27163
-1.72345 6.27099
-1.72595 6.27035
-1.72845 6.26971
-1.73095 6.26906
-1.73345 6.26841
-1.73594 6.26777
-1.73844 6.26712
-1.74094 6.26647
-1.74344 6.26582
-1.74593 6.26517
-1.74843 6.26452
-1.75093 6.26387
-1.75342 6.26321
-1.75592 6.26256
-1.75842 6.2619
-1.76091 6.26125
-1.76341 6.26059
-1.7659 6.25993
-1.7684 6.25927
-1.77089 6.25861
-1.77339 6.25795
-1.77588 6.25729
-1.77838 6.25663
-1.78087 6.25596
-1.78337 6.2553
-1.78586 6.25463
-1.78836 6.25397
-1.79085 6.2533
-1.79334 6.25263
-1.79584 6.25196
-1.79833 6.25129
-1.80082 6.25062
-1.80332 6.24995
-1.80581 6.24927
-1.8083 6.2486
-1.81079 6.24793
-1.81329 6.24725
-1.81578 6.24657
-1.81827 6.24589
-1.82076 6.24522
-1.82325 6.24454
-1.82574 6.24386
-1.82823 6.24317
-1.83073 6.24249
-1.83322 6.24181
-1.83571 6.24112
-1.8382 6.24044
-1.84069 6.23975
-1.84318 6.23906
-1.84567 6.23838
-1.84816 6.23769
-1.85065 6.237
-1.85313 6.23631
-1.85562 6.23561
-1.85811 6.23492
-1.8606 6.23423
-1.86309 6.23353
-1.86558 6.23284
-1.86807 6.23214
-1.87055 6.23144
-1.87304 6.23074
-1.87553 6.23005
-1.87802 6.22935
-1.8805 6.22864
-1.88299 6.22794
-1.88548 6.22724
-1.88796 6.22653
-1.89045 6.22583
-1.89294 6.22512
-1.89542 6.22442
-1.89791 6.22371
-1.90039 6.223
-1.90288 6.22229
-1.90536 6.22158
-1.90785 6.22087
-1.91033 6.22015
-1.91282 6.21944
-1.9153 6.21873
-1.91779 6.21801
-1.92027 6.2173
-1.92275 6.21658
-1.92524 6.21586
-1.92772 6.21514
-1.9302 6.21442
-1.93269 6.2137
-1.93517 6.21298
-1.93765 6.21225
-1.94013 6.21153
-1.94262 6.21081
-1.9451 6.21008
-1.94758 6.20935
-1.95006 6.20863
-1.95254 6.2079
-1.95502 6.20717
-1.95751 6.20644
-1.95999 6.20571
-1.96247 6.20497
-1.96495 6.20424
-1.96743 6.20351
-1.96991 6.20277
-1.97239 6.20204
-1.97487 6.2013
-1.97735 6.20056
-1.97983 6.19982
-1.9823 6.19908
-1.98478 6.19834
-1.98726 6.1976
-1.98974 6.19686
-1.99222 6.19611
-1.9947 6.19537
-1.99717 6.19462
-1.99965 6.19388
-2.00213 6.19313
-2.0046 6.19238
-2.00708 6.19163
-2.00956 6.19088
-2.01203 6.19013
-2.01451 6.18938
-2.01699 6.18863
-2.01946 6.18787
-2.02194 6.18712
-2.02441 6.18636
-2.02689 6.18561
-2.02936 6.18485
-2.03184 6.18409
-2.03431 6.18333
-2.03679 6.18257
-2.03926 6.18181
-2.04174 6.18105
-2.04421 6.18028
-2.04668 6.17952
-2.04916 6.17875
-2.05163 6.17799
-2.0541 6.17722
-2.05657 6.17645
-2.05905 6.17568
-2.06152 6.17491
-2.06399 6.17414
-2.06646 6.17337
-2.06893 6.1726
-2.07141 6.17182
-2.07388 6.17105
-2.07635 6.17027
-2.07882 6.1695
-2.08129 6.16872
-2.08376 6.16794
-2.08623 6.16716
-2.0887 6.16638
-2.09117 6.1656
-2.09364 6.16482
-2.09611 6.16404
-2.09858 6.16325
-2.10104 6.16247
-2.10351 6.16168
-2.10598 6.1609
-2.10845 6.16011
-2.11092 6.15932
-2.11338 6.15853
-2.11585 6.15774
-2.11832 6.15695
-2.12079 6.15616
-2.12325 6.15536
-2.12572 6.15457
-2.12818 6.15377
-2.13065 6.15298
-2.13312 6.15218
-2.13558 6.15138
-2.13805 6.15058
-2.14051 6.14978
-2.14298 6.14898
-2.14544 6.14818
-2.14791 6.14738
-2.15037 6.14658
-2.15283 6.14577
-2.1553 6.14497
-2.15776 6.14416
-2.16023 6.14335
-2.16269 6.14254
-2.16515 6.14173
-2.16761 6.14092
-2.17008 6.14011
-2.17254 6.1393
-2.175 6.13849
-2.17746 6.13767
-2.17992 6.13686
-2.18238 6.13604
-2.18485 6.13523
-2.18731 6.13441
-2.18977 6.13359
-2.19223 6.13277
-2.19469 6.13195
-2.19715 6.13113
-2.19961 6.13031
-2.20207 6.12948
-2.20453 6.12866
-2.20698 6.12784
-2.20944 6.12701
-2.2119 6.12618
-2.21436 6.12535
-2.21682 6.12453
-2.21927 6.1237
-2.22173 6.12286
-2.22419 6.12203
-2.22665 6.1212
-2.2291 6.12037
-2.23156 6.11953
-2.23402 6.1187
-2.23647 6.11786
-2.23893 6.11702
-2.24138 6.11619
-2.24384 6.11535
-2.24629 6.11451
-2.24875 6.11367
-2.2512 6.11282
-2.25366 6.11198
-2.25611 6.11114
-2.25857 6.11029
-2.26102 6.10945
-2.26347 6.1086
-2.26593 6.10775
-2.26838 6.1069
-2.27083 6.10605
-2.27328 6.1052
-2.27574 6.10435
-2.27819 6.1035
-2.28064 6.10265
-2.28309 6.10179
-2.28554 6.10094
-2.28799 6.10008
-2.29044 6.09922
-2.2929 6.09837
-2.29535 6.09751
-2.2978 6.09665
-2.30025 6.09579
-0.00255005 6.49
-0.0051001 6.49
-0.00765016 6.49
-0.0102002 6.48999
-0.0127503 6.48999
-0.0153003 6.48998
-0.0178504 6.48998
-0.0204004 6.48997
-0.0229505 6.48996
-0.0255005 6.48995
-0.0280505 6.48994
-0.0306006 6.48993
-0.0331506 6.48992
-0.0357007 6.48991
-0.0382507 6.48989
-0.0408008 6.48988
-0.0433508 6.48986
-0.0459008 6.48985
-0.0484509 6.48983
-0.0510009 6.48981
-0.0535509 6.48979
-0.0561009 6.48977
-0.058651 6.48975
-0.061201 6.48973
-0.063751 6.4897
-0.066301 6.48968
-0.068851 6.48965
-0.071401 6.48963
-0.073951 6.4896
-0.076501 6.48957
-0.079051 6.48954
-0.081601 6.48951
-0.084151 6.48948
-0.0867009 6.48945
-0.0892509 6.48942
-0.0918009 6.48938
-0.0943509 6.48935
-0.0969008 6.48931
-0.0994508 6.48928
-0.102001 6.48924
-0.104551 6.4892
-0.107101 6.48916
-0.109651 6.48912
-0.1122 6.48908
-0.11475 6.48904
-0.1173 6.48899
-0.11985 6.48895
-0.1224 6.4889
-0.12495 6.48886
-0.1275 6.48881
-0.13005 6.48876
-0.1326 6.48871
-0.13515 6.48866
-0.137699 6.48861
-0.140249 6.48856
-0.142799 6.48851
-0.145349 6.48845
-0.147899 6.4884
-0.150449 6.48834
-0.152998 6.48829
-0.155548 6.48823
-0.158098 6.48817
-0.160648 6.48811
-0.163198 6.48805
-0.165747 6.48799
-0.168297 6.48793
-0.170847 6.48786
-0.173397 6.4878
-0.175946 6.48773
-0.178496 6.48767
-0.181046 6.4876
-0.183595 6.48753
-0.186145 6.48746
-0.188695 6.48739
-0.191245 6.48732
-0.193794 6.48725
-0.196344 6.48718
-0.198893 6.48711
-0.201443 6.48703
-0.203993 6.48696
-0.206542 6.48688
-0.209092 6.4868
-0.211642 6.48672
-0.214191 6.48664
-0.216741 6.48656
-0.21929 6.48648
-0.22184 6.4864
-0.224389 6.48632
-0.226939 6.48623
-0.229488 6.48615
-0.232038 6.48606
-0.234587 6.48597
-0.237137 6.48589
-0.239686 6.4858
-0.242236 6.48571
-0.244785 6.48562
-0.247334 6.48552
-0.249884 6.48543
-0.252433 6.48534
-0.254983 6.48524
-0.257532 6.48515
-0.260081 6.48505
-0.262631 6.48495
-0.26518 6.48486
-0.267729 6.48476
-0.270278 6.48466
-0.272828 6.48455
-0.275377 6.48445
-0.277926 6.48435
-0.280475 6.48424
-0.283025 6.48414
-0.285574 6.48403
-0.288123 6.48393
-0.290672 6.48382
-0.293221 6.48371
-0.29577 6.4836
-0.298319 6.48349
-0.300868 6.48338
-0.303418 6.48326
-0.305967 6.48315
-0.308516 6.48304
-0.311065 6.48292
-0.313614 6.4828
-0.316163 6.48269
-0.318712 6.48257
-0.32126 6.48245
-0.323809 6.48233
-0.326358 6.48221
-0.328907 6.48209
-0.331456 6.48196
-0.334005 6.48184
-0.336554 6.48171
-0.339102 6.48159
-0.341651 6.48146
-0.3442 6.48133
-0.346749 6.4812
-0.349297 6.48107
-0.351846 6.48094
-0.354395 6.48081
-0.356943 6.48068
-0.359492 6.48054
-0.362041 6.48041
-0.364589 6.48027
-0.367138 6.48014
-0.369686 6.48
-0.372235 6.47986
-0.374783 6.47972
-0.377332 6.47958
-0.37988 6.47944
-0.382429 6.4793
-0.384977 6.47916
-0.387525 6.47901
-0.390074 6.47887
-0.392622 6.47872
-0.39517 6.47857
-0.397719 6.47843
-0.400267 6.47828
-0.402815 6.47813
-0.405363 6.47798
-0.407912 6.47783
-0.41046 6.47767
-0.413008 6.47752
-0.415556 6.47737
-0.418104 6.47721
-0.420652 6.47705
-0.4232 6.4769
-0.425748 6.47674
-0.428296 6.47658
-0.430844 6.47642
-0.433392 6.47626
-0.43594 6.4761
-0.438488 6.47593
-0.441036 6.47577
-0.443583 6.4756
-0.446131 6.47544
-0.448679 6.47527
-0.451227 6.4751
-0.453774 6.47493
-0.456322 6.47476
-0.45887 6.47459
-0.461417 6.47442
-0.463965 6.47425
-0.466512 6.47408
-0.46906 6.4739
-0.471607 6.47373
-0.474155 6.47355
-0.476702 6.47337
-0.479249 6.4732
-0.481797 6.47302
-0.484344 6.47284
-0.486891 6.47266
-0.489439 6.47247
-0.491986 6.47229
-0.494533 6.47211
-0.49708 6.47192
-0.499627 6.47174
-0.502174 6.47155
-0.504722 6.47136
-0.507269 6.47117
-0.509816 6.47098
-0.512363 6.47079
-0.514909 6.4706
-0.517456 6.47041
-0.520003 6.47022
-0.52255 6.47002
-0.525097 6.46983
-0.527644 6.46963
-0.53019 6.46943
-0.532737 6.46923
-0.535284 6.46904
-0.53783 6.46884
-0.540377 6.46863
-0.542923 6.46843
-0.54547 6.46823
-0.548016 6.46803
-0.550563 6.46782
-0.553109 6.46762
-0.555655 6.46741
-0.558202 6.4672
-0.560748 6.46699
-0.563294 6.46678
-0.56584 6.46657
-0.568386 6.46636
-0.570933 6.46615
-0.573479 6.46594
-0.576025 6.46572
-0.578571 6.46551
-0.581117 6.46529
-0.583663 6.46507
-0.586208 6.46486
-0.588754 6.46464
-0.5913 6.46442
-0.593846 6.4642
-0.596391 6.46397
-0.598937 6.46375
-0.601483 6.46353
-0.604028 6.4633
-0.606574 6.46308
-0.609119 6.46285
-0.611665 6.46262
-0.61421 6.4624
-0.616755 6.46217
-0.619301 6.46194
-0.621846 6.4617
-0.624391 6.46147
-0.626936 6.46124
-0.629482 6.46101
-0.632027 6.46077
-0.634572 6.46053
-0.637117 6.4603
-0.639662 6.46006
-0.642207 6.45982
-0.644751 6.45958
-0.647296 6.45934
-0.649841 6.4591
-0.652386 6.45886
-0.65493 6.45861
-0.657475 6.45837
-0.66002 6.45812
-0.662564 6.45788
-0.665109 6.45763
-0.667653 6.45738
-0.670197 6.45713
-0.672742 6.45688
-0.675286 6.45663
-0.67783 6.45638
-0.680374 6.45613
-0.682918 6.45587
-0.685463 6.45562
-0.688007 6.45536
-0.690551 6.4551
-0.693094 6.45485
-0.695638 6.45459
-0.698182 6.45433
-0.700726 6.45407
-0.70327 6.45381
-0.705813 6.45354
-0.708357 6.45328
-0.7109 6.45302
-0.713444 6.45275
-0.715987 6.45248
-0.718531 6.45222
-0.721074 6.45195
-0.723617 6.45168
-0.726161 6.45141
-0.728704 6.45114
-0.731247 6.45087
-0.73379 6.45059
-0.736333 6.45032
-0.738876 6.45004
-0.741419 6.44977
-0.743962 6.44949
-0.746504 6.44922
-0.749047 6.44894
-0.75159 6.44866
-0.754132 6.44838
-0.756675 6.4481
-0.759217 6.44781
-0.76176 6.44753
-0.764302 6.44725
-0.766845 6.44696
-0.769387 6.44667
-0.771929 6.44639
-0.774471 6.4461
-0.777013 6.44581
-0.779555 6.44552
-0.782097 6.44523
-0.784639 6.44494
-0.787181 6.44465
-0.789723 6.44435
-0.792264 6.44406
-0.794806 6.44376
-0.797348 6.44346
-0.799889 6.44317
-0.80243 6.44287
-0.804972 6.44257
-0.807513 6.44227
-0.810054 6.44197
-0.812596 6.44167
-0.815137 6.44136
-0.817678 6.44106
-0.820219 6.44075
-0.82276 6.44045
-0.825301 6.44014
-0.827841 6.43983
-0.830382 6.43952
-0.832923 6.43921
-0.835464 6.4389
-0.838004 6.43859
-0.840545 6.43828
-0.843085 6.43797
-0.845625 6.43765
-0.848166 6.43734
-0.850706 6.43702
-0.853246 6.4367
-0.855786 6.43638
-0.858326 6.43607
-0.860866 6.43575
-0.863406 6.43542
-0.865945 6.4351
-0.868485 6.43478
-0.871025 6.43446
-0.873564 6.43413
-0.876104 6.4338
-0.878643 6.43348
-0.881183 6.43315
-0.883722 6.43282
-0.886261 6.43249
-0.8888 6.43216
-0.891339 6.43183
-0.893878 6.4315
-0.896417 6.43116
-0.898956 6.43083
-0.901495 6.4305
-0.904034 6.43016
-0.906572 6.42982
-0.909111 6.42948
-0.911649 6.42914
-0.914188 6.42881
-0.916726 6.42846
-0.919264 6.42812
-0.921802 6.42778
-0.924341 6.42744
-0.926879 6.42709
-0.929417 6.42675
-0.931954 6.4264
-0.934492 6.42605
-0.93703 6.4257
-0.939567 6.42535
-0.942105 6.425
-0.944643 6.42465
-0.94718 6.4243
-0.949717 6.42395
-0.952254 6.42359
-0.954792 6.42324
-0.957329 6.42288
-0.959866 6.42252
-0.962403 6.42217
-0.964939 6.42181
-0.967476 6.42145
-0.970013 6.42109
-0.972549 6.42073
-0.975086 6.42036
-0.977622 6.42
-0.980159 6.41964
-0.982695 6.41927
-0.985231 6.4189
-0.987767 6.41854
-0.990303 6.41817
-0.992839 6.4178
-0.995375 6.41743
-0.997911 6.41706
-1.00045 6.41669
-1.00298 6.41631
-1.00552 6.41594
-1.00805 6.41556
-1.01059 6.41519
-1.01312 6.41481
-1.01566 6.41443
-1.01819 6.41406
-1.02073 6.41368
-1.02326 6.4133
-1.0258 6.41291
-1.02833 6.41253
-1.03087 6.41215
-1.0334 6.41176
-1.03594 6.41138
-1.03847 6.41099
-1.04101 6.41061
-1.04354 6.41022
-1.04607 6.40983
-1.04861 6.40944
-1.05114 6.40905
-1.05368 6.40866
-1.05621 6.40826
-1.05874 6.40787
-1.06128 6.40747
-1.06381 6.40708
-1.06634 6.40668
-1.06888 6.40628
-1.07141 6.40589
-1.07394 6.40549
-1.07648 6.40509
-1.07901 6.40469
-1.08154 6.40428
-1.08407 6.40388
-1.08661 6.40348
-1.08914 6.40307
-1.09167 6.40267
-1.0942 6.40226
-1.09674 6.40185
-1.09927 6.40144
-1.1018 6.40103
-1.10433 6.40062
-1.10686 6.40021
-1.10939 6.3998
-1.11193 6.39938
-1.11446 6.39897
-1.11699 6.39855
-1.11952 6.39814
-1.12205 6.39772
-1.12458 6.3973
-1.12711 6.39688
-1.12965 6.39646
-1.13218 6.39604
-1.13471 6.39562
-1.13724 6.3952
-1.13977 6.39477
-1.1423 6.39435
-1.14483 6.39392
-1.14736 6.3935
-1.14989 6.39307
-1.15242 6.39264
-1.15495 6.39221
-1.15748 6.39178
-1.16001 6.39135
-1.16254 6.39092
-1.16507 6.39048
-1.1676 6.39005
-1.17013 6.38961
-1.17265 6.38918
-1.17518 6.38874
-1.17771 6.3883
-1.18024 6.38786
-1.18277 6.38742
-1.1853 6.38698
-1.18783 6.38654
-1.19036 6.3861
-1.19288 6.38565
-1.19541 6.38521
-1.19794 6.38476
-1.20047 6.38432
-1.203 6.38387
-1.20552 6.38342
-1.20805 6.38297
-1.21058 6.38252
-1.21311 6.38207
-1.21563 6.38162
-1.21816 6.38117
-1.22069 6.38071
-1.22322 6.38026
-1.22574 6.3798
-1.22827 6.37934
-1.2308 6.37889
-1.23332 6.37843
-1.23585 6.37797
-1.23837 6.37751
-1.2409 6.37705
-1.24343 6.37658
-1.24595 6.37612
-1.24848 6.37565
-1.251 6.37519
-1.25353 6.37472
-1.25606 6.37426
-1.25858 6.37379
-1.26111 6.37332
-1.26363 6.37285
-1.26616 6.37238
-1.26868 6.37191
-1.27121 6.37143
-1.27373 6.37096
-1.27626 6.37048
-1.27878 6.37001
-1.2813 6.36953
-1.28383 6.36905
-1.28635 6.36858
-1.28888 6.3681
-1.2914 6.36762
-1.29392 6.36714
-1.29645 6.36665
-1.29897 6.36617
-1.30149 6.36569
-1.30402 6.3652
-1.30654 6.36471
-1.30906 6.36423
-1.31159 6.36374
-1.31411 6.36325
-1.31663 6.36276
-1.31916 6.36227
-1.32168 6.36178
-1.3242 6.36129
-1.32672 6.36079
-1.32924 6.3603
-1.33177 6.3598
-1.33429 6.35931
-1.33681 6.35881
-1.33933 6.35831
-1.34185 6.35781
-1.34437 6.35731
-1.34689 6.35681
-1.34942 6.35631
-1.35194 6.3558
-1.35446 6.3553
-1.35698 6.3548
-1.3595 6.35429
-1.36202 6.35378
-1.36454 6.35328
-1.36706 6.35277
-1.36958 6.35226
-1.3721 6.35175
-1.37462 6.35124
-1.37714 6.35072
-1.37966 6.35021
-1.38218 6.3497
-1.3847 6.34918
-1.38722 6.34866
-1.38973 6.34815
-1.39225 6.34763
-1.39477 6.34711
-1.39729 6.34659
-1.39981 6.34607
-1.40233 6.34555
-1.40484 6.34502
-1.40736 6.3445
-1.40988 6.34398
-1.4124 6.34345
-1.41492 6.34292
-1.41743 6.3424
-1.41995 6.34187
-1.42247 6.34134
-1.42499 6.34081
-1.4275 6.34028
-1.43002 6.33975
-1.43254 6.33921
-1.43505 6.33868
-1.43757 6.33814
-1.44008 6.33761
-1.4426 6.33707
-1.44512 6.33653
-1.44763 6.33599
-1.45015 6.33545
-1.45266 6.33491
-1.45518 6.33437
-1.45769 6.33383
-1.46021 6.33329
-1.46272 6.33274
-1.46524 6.3322
-1.46775 6.33165
-1.47027 6.3311
-1.47278 6.33056
-1.4753 6.33001
-1.47781 6.32946
-1.48033 6.3289
-1.48284 6.32835
-1.48535 6.3278
-1.48787 6.32725
-1.49038 6.32669
-1.49289 6.32614
-1.49541 6.32558
-1.49792 6.32502
-1.50043 6.32446
-1.50294 6.3239
-1.50546 6.32334
-1.50797 6.32278
-1.51048 6.32222
-1.51299 6.32166
-1.51551 6.32109
-1.51802 6.32053
-1.52053 6.31996
-1.52304 6.31939
-1.52555 6.31883
-1.52806 6.31826
-1.53057 6.31769
-1.53309 6.31712
-1.5356 6.31655
-1.53811 6.31597
-1.54062 6.3154
-1.54313 6.31483
-1.54564 6.31425
-1.54815 6.31367
-1.55066 6.3131
-1.55317 6.31252
-1.55568 6.31194
-1.55819 6.31136
-1.5607 6.31078
-1.5632 6.3102
-1.56571 6.30961
-1.56822 6.30903
-1.57073 6.30844
-1.57324 6.30786
-1.57575 6.30727
-1.57826 6.30668
-1.58076 6.3061
-1.58327 6.30551
-1.58578 6.30492
-1.58829 6.30432
-1.59079 6.30373
-1.5933 6.30314
-1.59581 6.30254
-1.59832 6.30195
-1.60082 6.30135
-1.60333 6.30076
-1.60584 6.30016
-1.60834 6.29956
-1.61085 6.29896
-1.61335 6.29836
-1.61586 6.29776
-1.61836 6.29715
-1.62087 6.29655
-1.62338 6.29595
-1.62588 6.29534
-1.62839 6.29473
-1.63089 6.29413
-1.6334 6.29352
-1.6359 6.29291
-1.6384 6.2923
-1.64091 6.29169
-1.64341 6.29108
-1.64592 6.29046
-1.64842 6.28985
-1.65092 6.28923
-1.65343 6.28862
-1.65593 6.288
-1.65843 6.28738
-1.66094 6.28676
-1.66344 6.28614
-1.66594 6.28552
-1.66844 6.2849
-1.67095 6.28428
-1.67345 6.28366
-1.67595 6.28303
-1.67845 6.28241
-1.68095 6.28178
-1.68345 6.28115
-1.68596 6.28053
-1.68846 6.2799
-1.69096 6.27927
-1.69346 6.27864
-1.69596 6.278
-1.69846 6.27737
-1.70096 6.27674
-1.70346 6.2761
-1.70596 6.27547
-1.70846 6.27483
-1.71096 6.27419
-1.71346 6.27356
-1.71596 6.27292
-1.71846 6.27228
-1.72095 6.27163
-1.72345 6.27099
-1.72595 6.27035
-1.72845 6.26971
-1.73095 6.26906
-1.73345 6.26841
-1.73594 6.26777
-1.73844 6.26712
-1.74094 6.26647
-1.74344 6.26582
-1.74593 6.26517
-1.74843 6.26452
-1.75093 6.26387
-1.75342 6.26321
-1.75592 6.26256
-1.75842 6.2619
-1.76091 6.26125
-1.76341 6.26059
-1.7659 6.25993
-1.7684 6.25927
-1.77089 6.25861
-1.77339 6.25795
-1.77588 6.25729
-1.77838 6.25663
-1.78087 6.25596
-1.78337 6.2553
-1.78586 6.25463
-1.78836 6.25397
-1.79085 6.2533
-1.79334 6.25263
-1.79584 6.25196
-1.79833 6.25129
-1.80082 6.25062
-1.80332 6.24995
-1.80581 6.24927
-1.8083 6.2486
-1.81079 6.24793
-1.81329 6.24725
-1.81578 6.24657
-1.81827 6.24589
-1.82076 6.24522
-1.82325 6.24454
-1.82574 6.24386
-1.82823 6.24317
-1.83073 6.24249
-1.83322 6.24181
-1.83571 6.24112
-1.8382 6.24044
-1.84069 6.23975
-1.84318 6.23906
-1.84567 6.23838
-1.84816 6.23769
-1.85065 6.237
-1.85313 6.23631
-1.85562 6.23561
-1.85811 6.23492
-1.8606 6.23423
-1.86309 6.23353
-1.86558 6.23284
-1.86807 6.23214
-1.87055 6.23144
-1.87304 6.23074
-1.87553 6.23005
-1.87802 6.22935
-1.8805 6.22864
-1.88299 6.22794
-1.88548 6.22724
-1.88796 6.22653
-1.89045 6.22583
-1.89294 6.22512
-1.89542 6.22442
-1.89791 6.22371
-1.90039 6.223
-1.90288 6.22229
-1.90536 6.22158
-1.90785 6.22087
-1.91033 6.22015
-1.91282 6.21944
-1.9153 6.21873
-1.91779 6.21801
-1.92027 6.2173
-1.92275 6.21658
-1.92524 6.21586
-1.92772 6.21514
-1.9302 6.21442
-1.93269 6.2137
-1.93517 6.21298
-1.93765 6.21225
-1.94013 6.21153
-1.94262 6.21081
-1.9451 6.21008
-1.94758 6.20935
-1.95006 6.20863
-1.95254 6.2079
-1.95502 6.20717
-1.95751 6.20644
-1.95999 6.20571
-1.96247 6.20497
-1.96495 6.20424
-1.96743 6.20351
-1.96991 6.20277
-1.97239 6.20204
-1.97487 6.2013
-1.97735 6.20056
-1.97983 6.19982
-1.9823 6.19908
-1.98478 6.19834
-1.98726 6.1976
-1.98974 6.19686
-1.99222 6.19611
-1.9947 6.19537
-1.99717 6.19462
-1.99965 6.19388
-2.00213 6.19313
-2.0046 6.19238
-2.00708 6.19163
-2.00956 6.19088
-2.01203 6.19013
-2.01451 6.18938
-2.01699 6.18863
-2.01946 6.18787
-2.02194 6.18712
-2.02441 6.18636
-2.02689 6.18561
-2.02936 6.18485
-2.03184 6.18409
-2.03431 6.18333
-2.03679 6.18257
-2.03926 6.18181
-2.04174 6.18105
-2.04421 6.18028
-2.04668 6.17952
-2.04916 6.17875
-2.05163 6.17799
-2.0541 6.17722
-2.05657 6.17645
-2.05905 6.17568
-2.06152 6.17491
-2.06399 6.17414
-2.06646 6.17337
-2.06893 6.1726
-2.07141 6.17182
-2.07388 6.17105
-2.07635 6.17027
-2.07882 6.1695
-2.08129 6.16872
-2.08376 6.16794
-2.08623 6.16716
-2.0887 6.16638
-2.09117 6.1656
-2.09364 6.16482
-2.09611 6.16404
-2.09858 6.16325
-2.10104 6.16247
-2.10351 6.16168
-2.10598 6.1609
-2.10845 6.16011
-2.11092 6.15932
-2.11338 6.15853
-2.11585 6.15774
-2.11832 6.15695
-2.12079 6.15616
-2.12325 6.15536
-2.12572 6.15457
-2.12818 6.15377
-2.13065 6.15298
-2.13312 6.15218
-2.13558 6.15138
-2.13805 6.15058
-2.14051 6.14978
-2.14298 6.14898
-2.14544 6.14818
-2.14791 6.14738
-2.15037 6.14658
-2.15283 6.14577
-2.1553 6.14497
-2.15776 6.14416
-2.16023 6.14335
-2.16269 6.14254
-2.16515 6.14173
-2.16761 6.14092
-2.17008 6.14011
-2.17254 6.1393
-2.175 6.13849
-2.17746 6.13767
-2.17992 6.13686
-2.18238 6.13604
-2.18485 6.13523
-2.18731 6.13441
-2.18977 6.13359
-2.19223 6.13277
-2.19469 6.13195
-2.19715 6.13113
-2.19961 6.13031
-2.20207 6.12948
-2.20453 6.12866
-2.20698 6.12784
-2.20944 6.12701
-2.2119 6.12618
-2.21436 6.12535
-2.21682 6.12453
-2.21927 6.1237
-2.22173 6.12286
-2.22419 6.12203
-2.22665 6.1212
-2.2291 6.12037
-2.23156 6.11953
-2.23402 6.1187
-2.23647 6.11786
-2.23893 6.11702
-2.24138 6.11619
-2.24384 6.11535
-2.24629 6.11451
-2.24875 6.11367
-2.2512 6.11282
-2.25366 6.11198
-2.25611 6.11114
-2.25857 6.11029
-2.26102 6.10945
-2.26347 6.1086
-2.26593 6.10775
-2.26838 6.1069
-2.27083 6.10605
-2.27328 6.1052
-2.27574 6.10435
-2.27819 6.1035
-2.28064 6.10265
-2.28309 6.10179
-2.28554 6.10094
-2.28799 6.10008
-2.29044 6.09922
-2.2929 6.09837
-2.29535 6.09751
-2.2978 6.09665
-2.30025 6.09579
