3.00139e+09 1.96258e+06
3.00139e+09 3.92515e+06
3.00138e+09 5.88772e+06
3.00138e+09 7.85029e+06
3.00137e+09 9.81286e+06
3.00137e+09 1.17754e+07
3.00136e+09 1.3738e+07
3.00135e+09 1.57005e+07
3.00134e+09 1.76631e+07
3.00132e+09 1.96256e+07
3.00131e+09 2.15881e+07
3.00129e+09 2.35507e+07
3.00128e+09 2.55132e+07
3.00126e+09 2.74757e+07
3.00124e+09 2.94381e+07
3.00122e+09 3.14006e+07
3.00119e+09 3.33631e+07
3.00117e+09 3.53255e+07
3.00115e+09 3.72879e+07
3.00112e+09 3.92503e+07
3.00109e+09 4.12127e+07
3.00106e+09 4.31751e+07
3.00103e+09 4.51375e+07
3.001e+09 4.70998e+07
3.00097e+09 4.90621e+07
3.00093e+09 5.10244e+07
3.0009e+09 5.29867e+07
3.00086e+09 5.49489e+07
3.00082e+09 5.69111e+07
3.00078e+09 5.88733e+07
3.00074e+09 6.08355e+07
3.0007e+09 6.27976e+07
3.00066e+09 6.47597e+07
3.00061e+09 6.67218e+07
3.00056e+09 6.86839e+07
3.00052e+09 7.06459e+07
3.00047e+09 7.26079e+07
3.00042e+09 7.45698e+07
3.00036e+09 7.65318e+07
3.00031e+09 7.84936e+07
3.00026e+09 8.04555e+07
3.0002e+09 8.24173e+07
3.00014e+09 8.43791e+07
3.00008e+09 8.63408e+07
3.00002e+09 8.83025e+07
2.99996e+09 9.02642e+07
2.9999e+09 9.22258e+07
2.99984e+09 9.41874e+07
2.99977e+09 9.61489e+07
2.9997e+09 9.81104e+07
2.99964e+09 1.00072e+08
2.99957e+09 1.02033e+08
2.99949e+09 1.03995e+08
2.99942e+09 1.05956e+08
2.99935e+09 1.07917e+08
2.99927e+09 1.09878e+08
2.9992e+09 1.1184e+08
2.99912e+09 1.13801e+08
2.99904e+09 1.15762e+08
2.99896e+09 1.17723e+08
2.99888e+09 1.19684e+08
2.9988e+09 1.21645e+08
2.99871e+09 1.23606e+08
2.99863e+09 1.25566e+08
2.99854e+09 1.27527e+08
2.99845e+09 1.29488e+08
2.99836e+09 1.31448e+08
2.99827e+09 1.33409e+08
2.99818e+09 1.3537e+08
2.99808e+09 1.3733e+08
2.99799e+09 1.3929e+08
2.99789e+09 1.41251e+08
2.99779e+09 1.43211e+08
2.9977e+09 1.45171e+08
2.99759e+09 1.47131e+08
2.99749e+09 1.49091e+08
2.99739e+09 1.51051e+08
2.99729e+09 1.53011e+08
2.99718e+09 1.54971e+08
2.99707e+09 1.56931e+08
2.99696e+09 1.58891e+08
2.99685e+09 1.6085e+08
2.99674e+09 1.6281e+08
2.99663e+09 1.64769e+08
2.99652e+09 1.66729e+08
2.9964e+09 1.68688e+08
2.99628e+09 1.70647e+08
2.99617e+09 1.72607e+08
2.99605e+09 1.74566e+08
2.99593e+09 1.76525e+08
2.9958e+09 1.78484e+08
2.99568e+09 1.80443e+08
2.99555e+09 1.82401e+08
2.99543e+09 1.8436e+08
2.9953e+09 1.86319e+08
2.99517e+09 1.88277e+08
2.99504e+09 1.90236e+08
2.99491e+09 1.92194e+08
2.99478e+09 1.94153e+08
2.99464e+09 1.96111e+08
2.99451e+09 1.98069e+08
2.99437e+09 2.00027e+08
2.99423e+09 2.01985e+08
2.99409e+09 2.03943e+08
2.99395e+09 2.05901e+08
2.99381e+09 2.07858e+08
2.99367e+09 2.09816e+08
2.99352e+09 2.11773e+08
2.99337e+09 2.13731e+08
2.99323e+09 2.15688e+08
2.99308e+09 2.17645e+08
2.99293e+09 2.19602e+08
2.99278e+09 2.21559e+08
2.99262e+09 2.23516e+08
2.99247e+09 2.25473e+08
2.99231e+09 2.2743e+08
2.99216e+09 2.29386e+08
2.992e+09 2.31343e+08
2.99184e+09 2.33299e+08
2.99168e+09 2.35255e+08
2.99151e+09 2.37212e+08
2.99135e+09 2.39168e+08
2.99118e+09 2.41124e+08
2.99102e+09 2.4308e+08
2.99085e+09 2.45035e+08
2.99068e+09 2.46991e+08
2.99051e+09 2.48946e+08
2.99034e+09 2.50902e+08
2.99016e+09 2.52857e+08
2.98999e+09 2.54812e+08
2.98981e+09 2.56767e+08
2.98964e+09 2.58722e+08
2.98946e+09 2.60677e+08
2.98928e+09 2.62632e+08
2.9891e+09 2.64587e+08
2.98891e+09 2.66541e+08
2.98873e+09 2.68495e+08
2.98854e+09 2.7045e+08
2.98836e+09 2.72404e+08
2.98817e+09 2.74358e+08
2.98798e+09 2.76312e+08
2.98779e+09 2.78266e+08
2.9876e+09 2.80219e+08
2.9874e+09 2.82173e+08
2.98721e+09 2.84126e+08
2.98701e+09 2.86079e+08
2.98681e+09 2.88032e+08
2.98662e+09 2.89985e+08
2.98641e+09 2.91938e+08
2.98621e+09 2.93891e+08
2.98601e+09 2.95844e+08
2.98581e+09 2.97796e+08
2.9856e+09 2.99749e+08
2.98539e+09 3.01701e+08
2.98519e+09 3.03653e+08
2.98498e+09 3.05605e+08
2.98476e+09 3.07557e+08
2.98455e+09 3.09508e+08
2.98434e+09 3.1146e+08
2.98412e+09 3.13411e+08
2.98391e+09 3.15362e+08
2.98369e+09 3.17313e+08
2.98347e+09 3.19264e+08
2.98325e+09 3.21215e+08
2.98303e+09 3.23166e+08
2.9828e+09 3.25116e+08
2.98258e+09 3.27067e+08
2.98235e+09 3.29017e+08
2.98213e+09 3.30967e+08
2.9819e+09 3.32917e+08
2.98167e+09 3.34867e+08
2.98144e+09 3.36816e+08
2.9812e+09 3.38766e+08
2.98097e+09 3.40715e+08
2.98074e+09 3.42664e+08
2.9805e+09 3.44613e+08
2.98026e+09 3.46562e+08
2.98002e+09 3.48511e+08
2.97978e+09 3.5046e+08
2.97954e+09 3.52408e+08
2.9793e+09 3.54356e+08
2.97905e+09 3.56304e+08
2.97881e+09 3.58252e+08
2.97856e+09 3.602e+08
2.97831e+09 3.62148e+08
2.97806e+09 3.64095e+08
2.97781e+09 3.66042e+08
2.97755e+09 3.67989e+08
2.9773e+09 3.69936e+08
2.97705e+09 3.71883e+08
2.97679e+09 3.7383e+08
2.97653e+09 3.75776e+08
2.97627e+09 3.77723e+08
2.97601e+09 3.79669e+08
2.97575e+09 3.81615e+08
2.97548e+09 3.8356e+08
2.97522e+09 3.85506e+08
2.97495e+09 3.87451e+08
2.97469e+09 3.89397e+08
2.97442e+09 3.91342e+08
2.97415e+09 3.93287e+08
2.97388e+09 3.95231e+08
2.9736e+09 3.97176e+08
2.97333e+09 3.9912e+08
2.97305e+09 4.01064e+08
2.97278e+09 4.03008e+08
2.9725e+09 4.04952e+08
2.97222e+09 4.06896e+08
2.97194e+09 4.08839e+08
2.97165e+09 4.10783e+08
2.97137e+09 4.12726e+08
2.97109e+09 4.14669e+08
2.9708e+09 4.16611e+08
2.97051e+09 4.18554e+08
2.97022e+09 4.20496e+08
2.96993e+09 4.22438e+08
2.96964e+09 4.2438e+08
2.96935e+09 4.26322e+08
2.96905e+09 4.28264e+08
2.96876e+09 4.30205e+08
2.96846e+09 4.32146e+08
2.96816e+09 4.34087e+08
2.96786e+09 4.36028e+08
2.96756e+09 4.37969e+08
2.96726e+09 4.39909e+08
2.96695e+09 4.41849e+08
2.96665e+09 4.43789e+08
2.96634e+09 4.45729e+08
2.96604e+09 4.47669e+08
2.96573e+09 4.49608e+08
2.96542e+09 4.51547e+08
2.9651e+09 4.53487e+08
2.96479e+09 4.55425e+08
2.96448e+09 4.57364e+08
2.96416e+09 4.59302e+08
2.96384e+09 4.61241e+08
2.96352e+09 4.63179e+08
2.9632e+09 4.65116e+08
2.96288e+09 4.67054e+08
2.96256e+09 4.68991e+08
2.96224e+09 4.70928e+08
2.96191e+09 4.72865e+08
2.96159e+09 4.74802e+08
2.96126e+09 4.76739e+08
2.96093e+09 4.78675e+08
2.9606e+09 4.80611e+08
2.96027e+09 4.82547e+08
2.95993e+09 4.84483e+08
2.9596e+09 4.86418e+08
2.95926e+09 4.88353e+08
2.95892e+09 4.90288e+08
2.95859e+09 4.92223e+08
2.95825e+09 4.94158e+08
2.9579e+09 4.96092e+08
2.95756e+09 4.98026e+08
2.95722e+09 4.9996e+08
2.95687e+09 5.01894e+08
2.95653e+09 5.03827e+08
2.95618e+09 5.0576e+08
2.95583e+09 5.07693e+08
2.95548e+09 5.09626e+08
2.95513e+09 5.11558e+08
2.95477e+09 5.13491e+08
2.95442e+09 5.15423e+08
2.95406e+09 5.17355e+08
2.9537e+09 5.19286e+08
2.95335e+09 5.21218e+08
2.95299e+09 5.23149e+08
2.95262e+09 5.2508e+08
2.95226e+09 5.2701e+08
2.9519e+09 5.28941e+08
2.95153e+09 5.30871e+08
2.95117e+09 5.32801e+08
2.9508e+09 5.34731e+08
2.95043e+09 5.3666e+08
2.95006e+09 5.38589e+08
2.94968e+09 5.40518e+08
2.94931e+09 5.42447e+08
2.94894e+09 5.44376e+08
2.94856e+09 5.46304e+08
2.94818e+09 5.48232e+08
2.9478e+09 5.5016e+08
2.94742e+09 5.52087e+08
2.94704e+09 5.54014e+08
2.94666e+09 5.55941e+08
2.94628e+09 5.57868e+08
2.94589e+09 5.59795e+08
2.9455e+09 5.61721e+08
2.94512e+09 5.63647e+08
2.94473e+09 5.65573e+08
2.94434e+09 5.67498e+08
2.94394e+09 5.69424e+08
2.94355e+09 5.71349e+08
2.94315e+09 5.73273e+08
2.94276e+09 5.75198e+08
2.94236e+09 5.77122e+08
2.94196e+09 5.79046e+08
2.94156e+09 5.8097e+08
2.94116e+09 5.82893e+08
2.94076e+09 5.84816e+08
2.94035e+09 5.86739e+08
2.93995e+09 5.88662e+08
2.93954e+09 5.90584e+08
2.93913e+09 5.92506e+08
2.93872e+09 5.94428e+08
2.93831e+09 5.9635e+08
2.9379e+09 5.98271e+08
2.93749e+09 6.00192e+08
2.93707e+09 6.02113e+08
2.93666e+09 6.04034e+08
2.93624e+09 6.05954e+08
2.93582e+09 6.07874e+08
2.9354e+09 6.09794e+08
2.93498e+09 6.11713e+08
2.93456e+09 6.13632e+08
2.93413e+09 6.15551e+08
2.93371e+09 6.1747e+08
2.93328e+09 6.19388e+08
2.93285e+09 6.21306e+08
2.93242e+09 6.23224e+08
2.93199e+09 6.25141e+08
2.93156e+09 6.27058e+08
2.93112e+09 6.28975e+08
2.93069e+09 6.30892e+08
2.93025e+09 6.32808e+08
2.92982e+09 6.34724e+08
2.92938e+09 6.3664e+08
2.92894e+09 6.38556e+08
2.9285e+09 6.40471e+08
2.92805e+09 6.42386e+08
2.92761e+09 6.443e+08
2.92716e+09 6.46215e+08
2.92672e+09 6.48129e+08
2.92627e+09 6.50043e+08
2.92582e+09 6.51956e+08
2.92537e+09 6.53869e+08
2.92492e+09 6.55782e+08
2.92446e+09 6.57695e+08
2.92401e+09 6.59607e+08
2.92355e+09 6.61519e+08
2.92309e+09 6.63431e+08
2.92264e+09 6.65342e+08
2.92218e+09 6.67253e+08
2.92171e+09 6.69164e+08
2.92125e+09 6.71074e+08
2.92079e+09 6.72985e+08
2.92032e+09 6.74894e+08
2.91986e+09 6.76804e+08
2.91939e+09 6.78713e+08
2.91892e+09 6.80622e+08
2.91845e+09 6.82531e+08
2.91797e+09 6.84439e+08
2.9175e+09 6.86347e+08
2.91703e+09 6.88255e+08
2.91655e+09 6.90162e+08
2.91607e+09 6.9207e+08
2.91559e+09 6.93976e+08
2.91511e+09 6.95883e+08
2.91463e+09 6.97789e+08
2.91415e+09 6.99695e+08
2.91367e+09 7.016e+08
2.91318e+09 7.03506e+08
2.91269e+09 7.05411e+08
2.91221e+09 7.07315e+08
2.91172e+09 7.0922e+08
2.91123e+09 7.11123e+08
2.91073e+09 7.13027e+08
2.91024e+09 7.1493e+08
2.90975e+09 7.16833e+08
2.90925e+09 7.18736e+08
2.90875e+09 7.20638e+08
2.90826e+09 7.2254e+08
2.90776e+09 7.24442e+08
2.90725e+09 7.26344e+08
2.90675e+09 7.28245e+08
2.90625e+09 7.30145e+08
2.90574e+09 7.32046e+08
2.90524e+09 7.33946e+08
2.90473e+09 7.35845e+08
2.90422e+09 7.37745e+08
2.90371e+09 7.39644e+08
2.9032e+09 7.41543e+08
2.90268e+09 7.43441e+08
2.90217e+09 7.45339e+08
2.90165e+09 7.47237e+08
2.90114e+09 7.49134e+08
2.90062e+09 7.51031e+08
2.9001e+09 7.52928e+08
2.89958e+09 7.54824e+08
2.89905e+09 7.5672e+08
2.89853e+09 7.58616e+08
2.89801e+09 7.60511e+08
2.89748e+09 7.62406e+08
2.89695e+09 7.64301e+08
2.89642e+09 7.66195e+08
2.89589e+09 7.68089e+08
2.89536e+09 7.69983e+08
2.89483e+09 7.71876e+08
2.89429e+09 7.73769e+08
2.89376e+09 7.75662e+08
2.89322e+09 7.77554e+08
2.89268e+09 7.79446e+08
2.89214e+09 7.81337e+08
2.8916e+09 7.83229e+08
2.89106e+09 7.85119e+08
2.89052e+09 7.8701e+08
2.88997e+09 7.889e+08
2.88943e+09 7.9079e+08
2.88888e+09 7.92679e+08
2.88833e+09 7.94568e+08
2.88778e+09 7.96457e+08
2.88723e+09 7.98345e+08
2.88667e+09 8.00233e+08
2.88612e+09 8.02121e+08
2.88556e+09 8.04008e+08
2.88501e+09 8.05895e+08
2.88445e+09 8.07781e+08
2.88389e+09 8.09668e+08
2.88333e+09 8.11553e+08
2.88277e+09 8.13439e+08
2.8822e+09 8.15324e+08
2.88164e+09 8.17208e+08
2.88107e+09 8.19093e+08
2.88051e+09 8.20977e+08
2.87994e+09 8.2286e+08
2.87937e+09 8.24743e+08
2.8788e+09 8.26626e+08
2.87822e+09 8.28509e+08
2.87765e+09 8.30391e+08
2.87708e+09 8.32272e+08
2.8765e+09 8.34154e+08
2.87592e+09 8.36035e+08
2.87534e+09 8.37915e+08
2.87476e+09 8.39796e+08
2.87418e+09 8.41675e+08
2.8736e+09 8.43555e+08
2.87301e+09 8.45434e+08
2.87243e+09 8.47312e+08
2.87184e+09 8.49191e+08
2.87125e+09 8.51069e+08
2.87066e+09 8.52946e+08
2.87007e+09 8.54823e+08
2.86948e+09 8.567e+08
2.86889e+09 8.58576e+08
2.86829e+09 8.60452e+08
2.86769e+09 8.62328e+08
2.8671e+09 8.64203e+08
2.8665e+09 8.66078e+08
2.8659e+09 8.67952e+08
2.8653e+09 8.69826e+08
2.86469e+09 8.717e+08
2.86409e+09 8.73573e+08
2.86348e+09 8.75446e+08
2.86288e+09 8.77318e+08
2.86227e+09 8.7919e+08
2.86166e+09 8.81062e+08
2.86105e+09 8.82933e+08
2.86044e+09 8.84804e+08
2.85982e+09 8.86675e+08
2.85921e+09 8.88545e+08
2.85859e+09 8.90414e+08
2.85798e+09 8.92284e+08
2.85736e+09 8.94152e+08
2.85674e+09 8.96021e+08
2.85612e+09 8.97889e+08
2.8555e+09 8.99756e+08
2.85487e+09 9.01624e+08
2.85425e+09 9.0349e+08
2.85362e+09 9.05357e+08
2.85299e+09 9.07223e+08
2.85236e+09 9.09088e+08
2.85173e+09 9.10954e+08
2.8511e+09 9.12818e+08
2.85047e+09 9.14683e+08
2.84984e+09 9.16546e+08
2.8492e+09 9.1841e+08
2.84856e+09 9.20273e+08
2.84793e+09 9.22136e+08
2.84729e+09 9.23998e+08
2.84665e+09 9.2586e+08
2.846e+09 9.27721e+08
2.84536e+09 9.29582e+08
2.84472e+09 9.31443e+08
2.84407e+09 9.33303e+08
2.84342e+09 9.35163e+08
2.84277e+09 9.37022e+08
2.84212e+09 9.38881e+08
2.84147e+09 9.40739e+08
2.84082e+09 9.42597e+08
2.84017e+09 9.44455e+08
2.83951e+09 9.46312e+08
2.83886e+09 9.48169e+08
2.8382e+09 9.50025e+08
2.83754e+09 9.51881e+08
2.83688e+09 9.53736e+08
2.83622e+09 9.55591e+08
2.83555e+09 9.57446e+08
2.83489e+09 9.593e+08
2.83422e+09 9.61154e+08
2.83356e+09 9.63007e+08
2.83289e+09 9.6486e+08
2.83222e+09 9.66712e+08
2.83155e+09 9.68564e+08
2.83088e+09 9.70416e+08
2.8302e+09 9.72267e+08
2.82953e+09 9.74118e+08
2.82885e+09 9.75968e+08
2.82818e+09 9.77818e+08
2.8275e+09 9.79667e+08
2.82682e+09 9.81516e+08
2.82614e+09 9.83364e+08
2.82546e+09 9.85212e+08
2.82477e+09 9.8706e+08
2.82409e+09 9.88907e+08
2.8234e+09 9.90753e+08
2.82271e+09 9.92599e+08
2.82202e+09 9.94445e+08
2.82133e+09 9.9629e+08
2.82064e+09 9.98135e+08
2.81995e+09 9.9998e+08
2.81926e+09 1.00182e+09
2.81856e+09 1.00367e+09
2.81786e+09 1.00551e+09
2.81717e+09 1.00735e+09
2.81647e+09 1.00919e+09
2.81577e+09 1.01104e+09
2.81506e+09 1.01288e+09
2.81436e+09 1.01472e+09
2.81366e+09 1.01656e+09
2.81295e+09 1.0184e+09
2.81224e+09 1.02024e+09
2.81154e+09 1.02208e+09
2.81083e+09 1.02391e+09
2.81012e+09 1.02575e+09
2.8094e+09 1.02759e+09
2.80869e+09 1.02943e+09
2.80798e+09 1.03126e+09
2.80726e+09 1.0331e+09
2.80654e+09 1.03494e+09
2.80582e+09 1.03677e+09
2.8051e+09 1.03861e+09
2.80438e+09 1.04044e+09
2.80366e+09 1.04227e+09
2.80294e+09 1.04411e+09
2.80221e+09 1.04594e+09
2.80148e+09 1.04777e+09
2.80076e+09 1.0496e+09
2.80003e+09 1.05143e+09
2.7993e+09 1.05327e+09
2.79857e+09 1.0551e+09
2.79783e+09 1.05693e+09
2.7971e+09 1.05875e+09
2.79636e+09 1.06058e+09
2.79563e+09 1.06241e+09
2.79489e+09 1.06424e+09
2.79415e+09 1.06607e+09
2.79341e+09 1.06789e+09
2.79267e+09 1.06972e+09
2.79192e+09 1.07155e+09
2.79118e+09 1.07337e+09
2.79043e+09 1.0752e+09
2.78969e+09 1.07702e+09
2.78894e+09 1.07885e+09
2.78819e+09 1.08067e+09
2.78744e+09 1.08249e+09
2.78669e+09 1.08432e+09
2.78593e+09 1.08614e+09
2.78518e+09 1.08796e+09
2.78442e+09 1.08978e+09
2.78366e+09 1.0916e+09
2.78291e+09 1.09342e+09
2.78215e+09 1.09524e+09
2.78139e+09 1.09706e+09
2.78062e+09 1.09888e+09
2.77986e+09 1.1007e+09
2.77909e+09 1.10251e+09
2.77833e+09 1.10433e+09
2.77756e+09 1.10615e+09
2.77679e+09 1.10796e+09
2.77602e+09 1.10978e+09
2.77525e+09 1.11159e+09
2.77448e+09 1.11341e+09
2.7737e+09 1.11522e+09
2.77293e+09 1.11704e+09
2.77215e+09 1.11885e+09
2.77137e+09 1.12066e+09
2.77059e+09 1.12247e+09
2.76981e+09 1.12429e+09
2.76903e+09 1.1261e+09
2.76825e+09 1.12791e+09
2.76747e+09 1.12972e+09
2.76668e+09 1.13153e+09
2.76589e+09 1.13334e+09
2.76511e+09 1.13514e+09
2.76432e+09 1.13695e+09
2.76353e+09 1.13876e+09
2.76273e+09 1.14057e+09
2.76194e+09 1.14237e+09
2.76115e+09 1.14418e+09
2.76035e+09 1.14598e+09
2.75955e+09 1.14779e+09
2.75875e+09 1.14959e+09
2.75796e+09 1.1514e+09
2.75715e+09 1.1532e+09
2.75635e+09 1.155e+09
2.75555e+09 1.1568e+09
2.75474e+09 1.15861e+09
2.75394e+09 1.16041e+09
2.75313e+09 1.16221e+09
2.75232e+09 1.16401e+09
2.75151e+09 1.16581e+09
2.7507e+09 1.16761e+09
2.74989e+09 1.1694e+09
2.74908e+09 1.1712e+09
2.74826e+09 1.173e+09
2.74744e+09 1.1748e+09
2.74663e+09 1.17659e+09
2.74581e+09 1.17839e+09
2.74499e+09 1.18018e+09
2.74417e+09 1.18198e+09
2.74335e+09 1.18377e+09
2.74252e+09 1.18557e+09
2.7417e+09 1.18736e+09
2.74087e+09 1.18915e+09
2.74004e+09 1.19094e+09
2.73921e+09 1.19273e+09
2.73838e+09 1.19453e+09
2.73755e+09 1.19632e+09
2.73672e+09 1.19811e+09
2.73589e+09 1.19989e+09
2.73505e+09 1.20168e+09
2.73421e+09 1.20347e+09
2.73338e+09 1.20526e+09
2.73254e+09 1.20705e+09
2.7317e+09 1.20883e+09
2.73086e+09 1.21062e+09
2.73001e+09 1.2124e+09
2.72917e+09 1.21419e+09
2.72832e+09 1.21597e+09
2.72748e+09 1.21776e+09
2.72663e+09 1.21954e+09
2.72578e+09 1.22132e+09
2.72493e+09 1.2231e+09
2.72408e+09 1.22489e+09
2.72323e+09 1.22667e+09
2.72237e+09 1.22845e+09
2.72152e+09 1.23023e+09
2.72066e+09 1.23201e+09
2.7198e+09 1.23378e+09
2.71894e+09 1.23556e+09
2.71808e+09 1.23734e+09
2.71722e+09 1.23912e+09
2.71636e+09 1.24089e+09
2.71549e+09 1.24267e+09
2.71463e+09 1.24444e+09
2.71376e+09 1.24622e+09
2.71289e+09 1.24799e+09
2.71202e+09 1.24977e+09
2.71115e+09 1.25154e+09
2.71028e+09 1.25331e+09
2.70941e+09 1.25508e+09
2.70853e+09 1.25685e+09
2.70766e+09 1.25863e+09
2.70678e+09 1.2604e+09
2.7059e+09 1.26216e+09
2.70502e+09 1.26393e+09
2.70414e+09 1.2657e+09
2.70326e+09 1.26747e+09
2.70238e+09 1.26924e+09
2.70149e+09 1.271e+09
2.70061e+09 1.27277e+09
2.69972e+09 1.27453e+09
2.69883e+09 1.2763e+09
2.69794e+09 1.27806e+09
2.69705e+09 1.27983e+09
2.69616e+09 1.28159e+09
2.69527e+09 1.28335e+09
2.69437e+09 1.28511e+09
2.69348e+09 1.28688e+09
2.69258e+09 1.28864e+09
2.69168e+09 1.2904e+09
2.69078e+09 1.29216e+09
2.68988e+09 1.29392e+09
2.68898e+09 1.29567e+09
2.68808e+09 1.29743e+09
2.68717e+09 1.29919e+09
2.68627e+09 1.30094e+09
2.68536e+09 1.3027e+09
2.68445e+09 1.30446e+09
2.68354e+09 1.30621e+09
2.68263e+09 1.30796e+09
2.68172e+09 1.30972e+09
2.6808e+09 1.31147e+09
2.67989e+09 1.31322e+09
2.67897e+09 1.31498e+09
2.67806e+09 1.31673e+09
2.67714e+09 1.31848e+09
2.67622e+09 1.32023e+09
2.6753e+09 1.32198e+09
2.67438e+09 1.32372e+09
2.67345e+09 1.32547e+09
2.67253e+09 1.32722e+09
2.6716e+09 1.32897e+09
2.67068e+09 1.33071e+09
2.66975e+09 1.33246e+09
2.66882e+09 1.3342e+09
2.66789e+09 1.33595e+09
2.66696e+09 1.33769e+09
2.66602e+09 1.33944e+09
2.66509e+09 1.34118e+09
2.66415e+09 1.34292e+09
2.66322e+09 1.34466e+09
2.66228e+09 1.3464e+09
2.66134e+09 1.34814e+09
2.6604e+09 1.34988e+09
2.65946e+09 1.35162e+09
2.65851e+09 1.35336e+09
2.65757e+09 1.3551e+09
2.65662e+09 1.35683e+09
2.65567e+09 1.35857e+09
2.65473e+09 1.3603e+09
2.65378e+09 1.36204e+09
2.65283e+09 1.36377e+09
2.65187e+09 1.36551e+09
2.65092e+09 1.36724e+09
2.64997e+09 1.36897e+09
2.64901e+09 1.37071e+09
2.64806e+09 1.37244e+09
2.6471e+09 1.37417e+09
2.64614e+09 1.3759e+09
2.64518e+09 1.37763e+09
2.64422e+09 1.37936e+09
2.64325e+09 1.38108e+09
2.64229e+09 1.38281e+09
2.64132e+09 1.38454e+09
2.64036e+09 1.38626e+09
2.63939e+09 1.38799e+09
2.63842e+09 1.38971e+09
2.63745e+09 1.39144e+09
2.63648e+09 1.39316e+09
2.6355e+09 1.39488e+09
2.63453e+09 1.39661e+09
2.63355e+09 1.39833e+09
2.63258e+09 1.40005e+09
2.6316e+09 1.40177e+09
2.63062e+09 1.40349e+09
2.62964e+09 1.40521e+09
2.62866e+09 1.40693e+09
2.62768e+09 1.40865e+09
2.62669e+09 1.41036e+09
2.62571e+09 1.41208e+09
2.62472e+09 1.41379e+09
2.62373e+09 1.41551e+09
2.62274e+09 1.41722e+09
2.62175e+09 1.41894e+09
2.62076e+09 1.42065e+09
2.61977e+09 1.42236e+09
2.61878e+09 1.42408e+09
2.61778e+09 1.42579e+09
2.61679e+09 1.4275e+09
2.61579e+09 1.42921e+09
2.61479e+09 1.43092e+09
2.61379e+09 1.43262e+09
2.61279e+09 1.43433e+09
2.61179e+09 1.43604e+09
2.61078e+09 1.43775e+09
2.60978e+09 1.43945e+09
2.60877e+09 1.44116e+09
2.60776e+09 1.44286e+09
2.60675e+09 1.44457e+09
2.60575e+09 1.44627e+09
2.60473e+09 1.44797e+09
2.60372e+09 1.44967e+09
2.60271e+09 1.45138e+09
2.60169e+09 1.45308e+09
2.60068e+09 1.45478e+09
2.59966e+09 1.45647e+09
2.59864e+09 1.45817e+09
2.59762e+09 1.45987e+09
2.5966e+09 1.46157e+09
2.59558e+09 1.46326e+09
2.59456e+09 1.46496e+09
2.59353e+09 1.46666e+09
2.59251e+09 1.46835e+09
2.59148e+09 1.47004e+09
2.59045e+09 1.47174e+09
2.58942e+09 1.47343e+09
2.58839e+09 1.47512e+09
2.58736e+09 1.47681e+09
2.58633e+09 1.4785e+09
2.58529e+09 1.48019e+09
2.58426e+09 1.48188e+09
2.58322e+09 1.48357e+09
2.58218e+09 1.48526e+09
2.58114e+09 1.48694e+09
2.5801e+09 1.48863e+09
2.57906e+09 1.49032e+09
2.57802e+09 1.492e+09
2.57698e+09 1.49368e+09
2.57593e+09 1.49537e+09
2.57488e+09 1.49705e+09
2.57384e+09 1.49873e+09
2.57279e+09 1.50041e+09
2.57174e+09 1.50209e+09
2.57069e+09 1.50377e+09
2.56964e+09 1.50545e+09
2.56858e+09 1.50713e+09
2.56753e+09 1.50881e+09
2.56647e+09 1.51049e+09
2.56541e+09 1.51216e+09
2.56436e+09 1.51384e+09
2.5633e+09 1.51551e+09
2.56223e+09 1.51719e+09
2.56117e+09 1.51886e+09
2.56011e+09 1.52054e+09
2.55904e+09 1.52221e+09
2.55798e+09 1.52388e+09
2.55691e+09 1.52555e+09
2.55584e+09 1.52722e+09
2.55477e+09 1.52889e+09
2.5537e+09 1.53056e+09
2.55263e+09 1.53223e+09
2.55156e+09 1.53389e+09
2.55049e+09 1.53556e+09
2.54941e+09 1.53722e+09
2.54833e+09 1.53889e+09
2.54726e+09 1.54055e+09
2.54618e+09 1.54222e+09
2.5451e+09 1.54388e+09
2.54402e+09 1.54554e+09
2.54293e+09 1.5472e+09
2.54185e+09 1.54887e+09
2.54076e+09 1.55053e+09
2.53968e+09 1.55218e+09
2.53859e+09 1.55384e+09
2.5375e+09 1.5555e+09
2.53641e+09 1.55716e+09
2.53532e+09 1.55881e+09
2.53423e+09 1.56047e+09
2.53314e+09 1.56213e+09
2.53204e+09 1.56378e+09
2.53095e+09 1.56543e+09
2.52985e+09 1.56709e+09
2.52875e+09 1.56874e+09
2.52765e+09 1.57039e+09
2.52655e+09 1.57204e+09
2.52545e+09 1.57369e+09
2.52435e+09 1.57534e+09
2.52324e+09 1.57699e+09
2.52214e+09 1.57863e+09
2.52103e+09 1.58028e+09
2.51992e+09 1.58193e+09
2.51881e+09 1.58357e+09
2.5177e+09 1.58522e+09
2.51659e+09 1.58686e+09
2.51548e+09 1.5885e+09
2.51437e+09 1.59015e+09
2.51325e+09 1.59179e+09
2.51214e+09 1.59343e+09
2.51102e+09 1.59507e+09
2.5099e+09 1.59671e+09
2.50878e+09 1.59835e+09
2.50766e+09 1.59999e+09
2.50654e+09 1.60162e+09
2.50542e+09 1.60326e+09
2.50429e+09 1.60489e+09
2.50317e+09 1.60653e+09
2.50204e+09 1.60816e+09
2.50091e+09 1.6098e+09
2.49978e+09 1.61143e+09
2.49865e+09 1.61306e+09
2.49752e+09 1.61469e+09
2.49639e+09 1.61632e+09
2.49525e+09 1.61795e+09
2.49412e+09 1.61958e+09
2.49298e+09 1.62121e+09
2.49184e+09 1.62284e+09
2.49071e+09 1.62446e+09
2.48957e+09 1.62609e+09
2.48843e+09 1.62771e+09
2.48728e+09 1.62934e+09
2.48614e+09 1.63096e+09
2.485e+09 1.63259e+09
2.48385e+09 1.63421e+09
2.4827e+09 1.63583e+09
2.48156e+09 1.63745e+09
2.48041e+09 1.63907e+09
2.47926e+09 1.64069e+09
2.4781e+09 1.64231e+09
2.47695e+09 1.64392e+09
2.4758e+09 1.64554e+09
2.47464e+09 1.64716e+09
2.47349e+09 1.64877e+09
2.47233e+09 1.65039e+09
2.47117e+09 1.652e+09
2.47001e+09 1.65361e+09
2.46885e+09 1.65522e+09
2.46769e+09 1.65684e+09
2.46652e+09 1.65845e+09
2.46536e+09 1.66006e+09
2.46419e+09 1.66166e+09
2.46303e+09 1.66327e+09
2.46186e+09 1.66488e+09
2.46069e+09 1.66649e+09
2.45952e+09 1.66809e+09
2.45835e+09 1.6697e+09
2.45718e+09 1.6713e+09
2.456e+09 1.6729e+09
2.45483e+09 1.67451e+09
2.45365e+09 1.67611e+09
2.45247e+09 1.67771e+09
2.45129e+09 1.67931e+09
2.45011e+09 1.68091e+09
2.44893e+09 1.68251e+09
2.44775e+09 1.68411e+09
2.44657e+09 1.6857e+09
2.44538e+09 1.6873e+09
2.4442e+09 1.68889e+09
2.44301e+09 1.69049e+09
2.44182e+09 1.69208e+09
2.44064e+09 1.69368e+09
2.43944e+09 1.69527e+09
2.43825e+09 1.69686e+09
2.43706e+09 1.69845e+09
2.43587e+09 1.70004e+09
2.43467e+09 1.70163e+09
2.43348e+09 1.70322e+09
2.43228e+09 1.70481e+09
2.43108e+09 1.70639e+09
2.42988e+09 1.70798e+09
2.42868e+09 1.70956e+09
2.42748e+09 1.71115e+09
2.42628e+09 1.71273e+09
2.42507e+09 1.71431e+09
2.42387e+09 1.71589e+09
2.42266e+09 1.71748e+09
2.42145e+09 1.71906e+09
2.42024e+09 1.72064e+09
2.41903e+09 1.72221e+09
2.41782e+09 1.72379e+09
2.41661e+09 1.72537e+09
2.4154e+09 1.72694e+09
2.41418e+09 1.72852e+09
2.41297e+09 1.73009e+09
2.41175e+09 1.73167e+09
2.41053e+09 1.73324e+09
2.40931e+09 1.73481e+09
2.40809e+09 1.73638e+09
2.40687e+09 1.73795e+09
2.40565e+09 1.73952e+09
2.40443e+09 1.74109e+09
2.4032e+09 1.74266e+09
2.40197e+09 1.74423e+09
2.40075e+09 1.74579e+09
2.39952e+09 1.74736e+09
2.39829e+09 1.74892e+09
2.39706e+09 1.75049e+09
2.39583e+09 1.75205e+09
2.39459e+09 1.75361e+09
2.39336e+09 1.75517e+09
2.39212e+09 1.75674e+09
2.39089e+09 1.75829e+09
2.38965e+09 1.75985e+09
2.38841e+09 1.76141e+09
2.38717e+09 1.76297e+09
2.38593e+09 1.76453e+09
2.38469e+09 1.76608e+09
2.38345e+09 1.76764e+09
2.3822e+09 1.76919e+09
2.38096e+09 1.77074e+09
2.37971e+09 1.77229e+09
2.37846e+09 1.77385e+09
2.37721e+09 1.7754e+09
2.37596e+09 1.77695e+09
2.37471e+09 1.77849e+09
2.37346e+09 1.78004e+09
2.37221e+09 1.78159e+09
2.37095e+09 1.78314e+09
2.36969e+09 1.78468e+09
2.36844e+09 1.78623e+09
2.36718e+09 1.78777e+09
2.36592e+09 1.78931e+09
2.36466e+09 1.79085e+09
2.3634e+09 1.7924e+09
2.36214e+09 1.79394e+09
2.36087e+09 1.79547e+09
2.35961e+09 1.79701e+09
2.35834e+09 1.79855e+09
2.35707e+09 1.80009e+09
2.35581e+09 1.80162e+09
2.35454e+09 1.80316e+09
2.35327e+09 1.80469e+09
2.35199e+09 1.80623e+09
2.35072e+09 1.80776e+09
2.34945e+09 1.80929e+09
2.34817e+09 1.81082e+09
2.3469e+09 1.81235e+09
2.34562e+09 1.81388e+09
2.34434e+09 1.81541e+09
2.34306e+09 1.81694e+09
2.34178e+09 1.81846e+09
2.3405e+09 1.81999e+09
2.33922e+09 1.82151e+09
2.33793e+09 1.82304e+09
2.33665e+09 1.82456e+09
2.33536e+09 1.82608e+09
2.33407e+09 1.8276e+09
2.33278e+09 1.82912e+09
2.33149e+09 1.83064e+09
2.3302e+09 1.83216e+09
2.32891e+09 1.83368e+09
2.32762e+09 1.8352e+09
2.32632e+09 1.83671e+09
2.32503e+09 1.83823e+09
2.32373e+09 1.83974e+09
2.32243e+09 1.84126e+09
2.32114e+09 1.84277e+09
2.31984e+09 1.84428e+09
2.31854e+09 1.84579e+09
2.31723e+09 1.8473e+09
2.31593e+09 1.84881e+09
2.31463e+09 1.85032e+09
2.31332e+09 1.85183e+09
2.31201e+09 1.85333e+09
2.31071e+09 1.85484e+09
2.3094e+09 1.85634e+09
2.30809e+09 1.85785e+09
2.30678e+09 1.85935e+09
2.30546e+09 1.86085e+09
2.30415e+09 1.86235e+09
2.30284e+09 1.86385e+09
2.30152e+09 1.86535e+09
2.3002e+09 1.86685e+09
2.29889e+09 1.86835e+09
2.29757e+09 1.86985e+09
2.29625e+09 1.87134e+09
2.29493e+09 1.87284e+09
2.29361e+09 1.87433e+09
2.29228e+09 1.87582e+09
2.29096e+09 1.87732e+09
2.28963e+09 1.87881e+09
2.28831e+09 1.8803e+09
2.28698e+09 1.88179e+09
2.28565e+09 1.88327e+09
2.28432e+09 1.88476e+09
2.28299e+09 1.88625e+09
2.28166e+09 1.88774e+09
2.28032e+09 1.88922e+09
2.27899e+09 1.8907e+09
2.27765e+09 1.89219e+09
2.27632e+09 1.89367e+09
2.27498e+09 1.89515e+09
2.27364e+09 1.89663e+09
2.2723e+09 1.89811e+09
2.27096e+09 1.89959e+09
2.26962e+09 1.90107e+09
2.26828e+09 1.90254e+09
2.26693e+09 1.90402e+09
2.26559e+09 1.90549e+09
2.26424e+09 1.90697e+09
2.26289e+09 1.90844e+09
2.26154e+09 1.90991e+09
2.26019e+09 1.91139e+09
2.25884e+09 1.91286e+09
2.25749e+09 1.91433e+09
2.25614e+09 1.91579e+09
2.25478e+09 1.91726e+09
2.25343e+09 1.91873e+09
2.25207e+09 1.92019e+09
2.25072e+09 1.92166e+09
2.24936e+09 1.92312e+09
2.248e+09 1.92459e+09
2.24664e+09 1.92605e+09
2.24528e+09 1.92751e+09
2.24391e+09 1.92897e+09
2.24255e+09 1.93043e+09
2.24118e+09 1.93189e+09
2.23982e+09 1.93334e+09
2.23845e+09 1.9348e+09
2.23708e+09 1.93626e+09
2.23571e+09 1.93771e+09
2.23434e+09 1.93917e+09
2.23297e+09 1.94062e+09
2.2316e+09 1.94207e+09
2.23023e+09 1.94352e+09
2.22885e+09 1.94497e+09
2.22747e+09 1.94642e+09
2.2261e+09 1.94787e+09
2.22472e+09 1.94932e+09
2.22334e+09 1.95076e+09
2.22196e+09 1.95221e+09
2.22058e+09 1.95365e+09
2.2192e+09 1.95509e+09
2.21781e+09 1.95654e+09
2.21643e+09 1.95798e+09
2.21504e+09 1.95942e+09
2.21366e+09 1.96086e+09
2.21227e+09 1.9623e+09
2.21088e+09 1.96374e+09
2.20949e+09 1.96517e+09
2.2081e+09 1.96661e+09
2.20671e+09 1.96804e+09
2.20531e+09 1.96948e+09
2.20392e+09 1.97091e+09
2.20253e+09 1.97234e+09
2.20113e+09 1.97377e+09
2.19973e+09 1.9752e+09
2.19833e+09 1.97663e+09
2.19693e+09 1.97806e+09
2.19553e+09 1.97949e+09
2.19413e+09 1.98091e+09
2.19273e+09 1.98234e+09
2.19132e+09 1.98376e+09
2.18992e+09 1.98519e+09
2.18851e+09 1.98661e+09
2.18711e+09 1.98803e+09
2.1857e+09 1.98945e+09
2.18429e+09 1.99087e+09
2.18288e+09 1.99229e+09
2.18147e+09 1.99371e+09
2.18006e+09 1.99513e+09
2.17864e+09 1.99654e+09
2.17723e+09 1.99796e+09
2.17581e+09 1.99937e+09
2.1744e+09 2.00078e+09
2.17298e+09 2.0022e+09
2.17156e+09 2.00361e+09
2.17014e+09 2.00502e+09
2.16872e+09 2.00643e+09
2.1673e+09 2.00783e+09
2.16587e+09 2.00924e+09
2.16445e+09 2.01065e+09
2.16303e+09 2.01205e+09
2.1616e+09 2.01346e+09
2.16017e+09 2.01486e+09
2.15874e+09 2.01626e+09
2.15731e+09 2.01766e+09
2.15588e+09 2.01906e+09
2.15445e+09 2.02046e+09
2.15302e+09 2.02186e+09
2.15159e+09 2.02326e+09
2.15015e+09 2.02465e+09
2.14872e+09 2.02605e+09
2.14728e+09 2.02744e+09
2.14584e+09 2.02884e+09
2.1444e+09 2.03023e+09
2.14296e+09 2.03162e+09
2.14152e+09 2.03301e+09
2.14008e+09 2.0344e+09
2.13864e+09 2.03579e+09
2.13719e+09 2.03718e+09
2.13575e+09 2.03856e+09
2.1343e+09 2.03995e+09
2.13285e+09 2.04133e+09
2.13141e+09 2.04272e+09
2.12996e+09 2.0441e+09
2.12851e+09 2.04548e+09
2.12706e+09 2.04686e+09
2.1256e+09 2.04824e+09
2.12415e+09 2.04962e+09
2.1227e+09 2.051e+09
2.12124e+09 2.05237e+09
2.11978e+09 2.05375e+09
2.11833e+09 2.05512e+09
2.11687e+09 2.0565e+09
2.11541e+09 2.05787e+09
2.11395e+09 2.05924e+09
2.11248e+09 2.06061e+09
2.11102e+09 2.06198e+09
2.10956e+09 2.06335e+09
2.10809e+09 2.06472e+09
2.10663e+09 2.06608e+09
2.10516e+09 2.06745e+09
2.10369e+09 2.06881e+09
2.10222e+09 2.07018e+09
2.10075e+09 2.07154e+09
2.09928e+09 2.0729e+09
2.09781e+09 2.07426e+09
2.09634e+09 2.07562e+09
2.09486e+09 2.07698e+09
2.09339e+09 2.07834e+09
2.09191e+09 2.07969e+09
2.09043e+09 2.08105e+09
2.08896e+09 2.0824e+09
2.08748e+09 2.08376e+09
2.086e+09 2.08511e+09
2.08451e+09 2.08646e+09
2.08303e+09 2.08781e+09
2.08155e+09 2.08916e+09
2.08006e+09 2.09051e+09
2.07858e+09 2.09186e+09
2.07709e+09 2.0932e+09
2.0756e+09 2.09455e+09
2.07412e+09 2.09589e+09
2.07263e+09 2.09723e+09
2.07114e+09 2.09858e+09
2.06964e+09 2.09992e+09
2.06815e+09 2.10126e+09
2.06666e+09 2.1026e+09
2.06516e+09 2.10393e+09
2.06367e+09 2.10527e+09
2.06217e+09 2.10661e+09
2.06067e+09 2.10794e+09
2.05917e+09 2.10928e+09
2.05767e+09 2.11061e+09
2.05617e+09 2.11194e+09
2.05467e+09 2.11327e+09
2.05317e+09 2.1146e+09
2.05166e+09 2.11593e+09
2.05016e+09 2.11726e+09
2.04865e+09 2.11859e+09
2.04715e+09 2.11991e+09
2.04564e+09 2.12124e+09
2.04413e+09 2.12256e+09
2.04262e+09 2.12388e+09
2.04111e+09 2.1252e+09
2.0396e+09 2.12652e+09
2.03808e+09 2.12784e+09
2.03657e+09 2.12916e+09
2.03506e+09 2.13048e+09
2.03354e+09 2.1318e+09
2.03202e+09 2.13311e+09
2.0305e+09 2.13442e+09
2.02899e+09 2.13574e+09
2.02747e+09 2.13705e+09
2.02594e+09 2.13836e+09
2.02442e+09 2.13967e+09
2.0229e+09 2.14098e+09
2.02138e+09 2.14229e+09
2.01985e+09 2.14359e+09
2.01832e+09 2.1449e+09
2.0168e+09 2.14621e+09
2.01527e+09 2.14751e+09
2.01374e+09 2.14881e+09
2.01221e+09 2.15011e+09
2.01068e+09 2.15141e+09
2.00915e+09 2.15271e+09
2.00761e+09 2.15401e+09
2.00608e+09 2.15531e+09
2.00455e+09 2.15661e+09
2.00301e+09 2.1579e+09
2.00147e+09 2.15919e+09
1.99993e+09 2.16049e+09
1.9984e+09 2.16178e+09
1.99686e+09 2.16307e+09
1.99531e+09 2.16436e+09
1.99377e+09 2.16565e+09
1.99223e+09 2.16694e+09
1.99069e+09 2.16822e+09
1.98914e+09 2.16951e+09
1.9876e+09 2.17079e+09
1.98605e+09 2.17208e+09
1.9845e+09 2.17336e+09
1.98295e+09 2.17464e+09
1.9814e+09 2.17592e+09
1.97985e+09 2.1772e+09
1.9783e+09 2.17848e+09
1.97675e+09 2.17976e+09
1.97519e+09 2.18103e+09
1.97364e+09 2.18231e+09
1.97208e+09 2.18358e+09
1.97053e+09 2.18485e+09
1.96897e+09 2.18613e+09
1.96741e+09 2.1874e+09
1.96585e+09 2.18867e+09
1.96429e+09 2.18993e+09
1.96273e+09 2.1912e+09
1.96116e+09 2.19247e+09
1.9596e+09 2.19373e+09
1.95804e+09 2.195e+09
1.95647e+09 2.19626e+09
1.9549e+09 2.19752e+09
1.95334e+09 2.19878e+09
1.95177e+09 2.20004e+09
1.9502e+09 2.2013e+09
1.94863e+09 2.20256e+09
1.94706e+09 2.20382e+09
1.94549e+09 2.20507e+09
1.94391e+09 2.20632e+09
1.94234e+09 2.20758e+09
1.94076e+09 2.20883e+09
1.93919e+09 2.21008e+09
1.93761e+09 2.21133e+09
1.93603e+09 2.21258e+09
1.93445e+09 2.21383e+09
1.93287e+09 2.21507e+09
1.93129e+09 2.21632e+09
1.92971e+09 2.21756e+09
1.92813e+09 2.21881e+09
1.92654e+09 2.22005e+09
1.92496e+09 2.22129e+09
1.92337e+09 2.22253e+09
1.92178e+09 2.22377e+09
1.9202e+09 2.22501e+09
1.91861e+09 2.22625e+09
1.91702e+09 2.22748e+09
1.91543e+09 2.22872e+09
1.91384e+09 2.22995e+09
1.91224e+09 2.23118e+09
1.91065e+09 2.23241e+09
1.90906e+09 2.23364e+09
1.90746e+09 2.23487e+09
1.90586e+09 2.2361e+09
1.90427e+09 2.23733e+09
1.90267e+09 2.23855e+09
1.90107e+09 2.23978e+09
1.89947e+09 2.241e+09
1.89787e+09 2.24222e+09
1.89627e+09 2.24344e+09
1.89466e+09 2.24466e+09
1.89306e+09 2.24588e+09
1.89145e+09 2.2471e+09
1.88985e+09 2.24832e+09
1.88824e+09 2.24953e+09
1.88663e+09 2.25075e+09
1.88502e+09 2.25196e+09
1.88341e+09 2.25317e+09
1.8818e+09 2.25439e+09
1.88019e+09 2.2556e+09
1.87858e+09 2.2568e+09
1.87697e+09 2.25801e+09
1.87535e+09 2.25922e+09
1.87374e+09 2.26042e+09
1.87212e+09 2.26163e+09
1.8705e+09 2.26283e+09
1.86889e+09 2.26403e+09
1.86727e+09 2.26524e+09
1.86565e+09 2.26644e+09
1.86403e+09 2.26763e+09
1.8624e+09 2.26883e+09
1.86078e+09 2.27003e+09
1.85916e+09 2.27122e+09
1.85753e+09 2.27242e+09
1.85591e+09 2.27361e+09
1.85428e+09 2.2748e+09
1.85265e+09 2.27599e+09
1.85102e+09 2.27718e+09
1.84939e+09 2.27837e+09
1.84776e+09 2.27956e+09
1.84613e+09 2.28075e+09
1.8445e+09 2.28193e+09
1.84287e+09 2.28312e+09
1.84123e+09 2.2843e+09
1.8396e+09 2.28548e+09
1.83796e+09 2.28666e+09
1.83633e+09 2.28784e+09
1.83469e+09 2.28902e+09
1.83305e+09 2.2902e+09
1.83141e+09 2.29137e+09
1.82977e+09 2.29255e+09
1.82813e+09 2.29372e+09
1.82649e+09 2.29489e+09
1.82484e+09 2.29606e+09
1.8232e+09 2.29723e+09
1.82155e+09 2.2984e+09
1.81991e+09 2.29957e+09
1.81826e+09 2.30074e+09
1.81661e+09 2.3019e+09
1.81496e+09 2.30307e+09
1.81332e+09 2.30423e+09
1.81166e+09 2.30539e+09
1.81001e+09 2.30656e+09
1.80836e+09 2.30772e+09
1.80671e+09 2.30887e+09
1.80505e+09 2.31003e+09
1.8034e+09 2.31119e+09
1.80174e+09 2.31234e+09
1.80009e+09 2.3135e+09
1.79843e+09 2.31465e+09
1.79677e+09 2.3158e+09
1.79511e+09 2.31695e+09
1.79345e+09 2.3181e+09
1.79179e+09 2.31925e+09
1.79012e+09 2.3204e+09
1.78846e+09 2.32154e+09
1.7868e+09 2.32269e+09
1.78513e+09 2.32383e+09
1.78347e+09 2.32498e+09
1.7818e+09 2.32612e+09
1.78013e+09 2.32726e+09
1.77846e+09 2.3284e+09
1.77679e+09 2.32953e+09
1.77512e+09 2.33067e+09
1.77345e+09 2.33181e+09
1.77178e+09 2.33294e+09
1.77011e+09 2.33407e+09
1.76843e+09 2.33521e+09
1.76676e+09 2.33634e+09
1.76508e+09 2.33747e+09
1.7634e+09 2.33859e+09
1.76173e+09 2.33972e+09
1.76005e+09 2.34085e+09
1.75837e+09 2.34197e+09
1.75669e+09 2.3431e+09
1.75501e+09 2.34422e+09
1.75332e+09 2.34534e+09
1.75164e+09 2.34646e+09
1.74996e+09 2.34758e+09
1.74827e+09 2.3487e+09
1.74659e+09 2.34981e+09
1.7449e+09 2.35093e+09
1.74321e+09 2.35204e+09
1.74153e+09 2.35316e+09
1.73984e+09 2.35427e+09
1.73815e+09 2.35538e+09
1.73646e+09 2.35649e+09
1.73476e+09 2.3576e+09
1.73307e+09 2.3587e+09
1.73138e+09 2.35981e+09
1.72968e+09 2.36092e+09
1.72799e+09 2.36202e+09
1.72629e+09 2.36312e+09
1.72459e+09 2.36422e+09
1.7229e+09 2.36532e+09
1.7212e+09 2.36642e+09
1.7195e+09 2.36752e+09
1.7178e+09 2.36862e+09
1.7161e+09 2.36971e+09
1.71439e+09 2.3708e+09
1.71269e+09 2.3719e+09
1.71099e+09 2.37299e+09
1.70928e+09 2.37408e+09
1.70757e+09 2.37517e+09
1.70587e+09 2.37626e+09
1.70416e+09 2.37734e+09
1.70245e+09 2.37843e+09
1.70074e+09 2.37951e+09
1.69903e+09 2.3806e+09
1.69732e+09 2.38168e+09
1.69561e+09 2.38276e+09
1.6939e+09 2.38384e+09
1.69218e+09 2.38492e+09
1.69047e+09 2.38599e+09
1.68875e+09 2.38707e+09
1.68704e+09 2.38815e+09
1.68532e+09 2.38922e+09
1.6836e+09 2.39029e+09
1.68188e+09 2.39136e+09
1.68016e+09 2.39243e+09
1.67844e+09 2.3935e+09
1.67672e+09 2.39457e+09
1.675e+09 2.39563e+09
1.67328e+09 2.3967e+09
1.67155e+09 2.39776e+09
1.66983e+09 2.39883e+09
1.6681e+09 2.39989e+09
1.66638e+09 2.40095e+09
1.66465e+09 2.40201e+09
1.66292e+09 2.40306e+09
1.66119e+09 2.40412e+09
1.65946e+09 2.40518e+09
1.65773e+09 2.40623e+09
1.656e+09 2.40728e+09
1.65427e+09 2.40833e+09
1.65253e+09 2.40938e+09
1.6508e+09 2.41043e+09
1.64906e+09 2.41148e+09
1.64733e+09 2.41253e+09
1.64559e+09 2.41357e+09
1.64386e+09 2.41462e+09
1.64212e+09 2.41566e+09
1.64038e+09 2.4167e+09
1.63864e+09 2.41774e+09
1.6369e+09 2.41878e+09
1.63516e+09 2.41982e+09
1.63341e+09 2.42086e+09
1.63167e+09 2.42189e+09
1.62993e+09 2.42293e+09
1.62818e+09 2.42396e+09
1.62643e+09 2.42499e+09
1.62469e+09 2.42602e+09
1.62294e+09 2.42705e+09
1.62119e+09 2.42808e+09
1.61944e+09 2.42911e+09
1.61769e+09 2.43013e+09
1.61594e+09 2.43116e+09
1.61419e+09 2.43218e+09
1.61244e+09 2.4332e+09
1.61068e+09 2.43422e+09
1.60893e+09 2.43524e+09
1.60718e+09 2.43626e+09
1.60542e+09 2.43728e+09
1.60366e+09 2.4383e+09
1.60191e+09 2.43931e+09
1.60015e+09 2.44032e+09
1.59839e+09 2.44134e+09
1.59663e+09 2.44235e+09
1.59487e+09 2.44336e+09
1.59311e+09 2.44436e+09
1.59134e+09 2.44537e+09
1.58958e+09 2.44638e+09
1.58782e+09 2.44738e+09
1.58605e+09 2.44838e+09
1.58429e+09 2.44939e+09
1.58252e+09 2.45039e+09
1.58075e+09 2.45139e+09
1.57898e+09 2.45238e+09
1.57722e+09 2.45338e+09
1.57545e+09 2.45438e+09
1.57368e+09 2.45537e+09
1.5719e+09 2.45637e+09
1.57013e+09 2.45736e+09
1.56836e+09 2.45835e+09
1.56659e+09 2.45934e+09
1.56481e+09 2.46033e+09
1.56304e+09 2.46131e+09
1.56126e+09 2.4623e+09
1.55948e+09 2.46328e+09
1.55771e+09 2.46427e+09
1.55593e+09 2.46525e+09
1.55415e+09 2.46623e+09
1.55237e+09 2.46721e+09
1.55059e+09 2.46819e+09
1.5488e+09 2.46916e+09
1.54702e+09 2.47014e+09
1.54524e+09 2.47111e+09
1.54345e+09 2.47209e+09
1.54167e+09 2.47306e+09
1.53988e+09 2.47403e+09
1.5381e+09 2.475e+09
1.53631e+09 2.47596e+09
1.53452e+09 2.47693e+09
1.53273e+09 2.4779e+09
1.53094e+09 2.47886e+09
1.52915e+09 2.47982e+09
1.52736e+09 2.48079e+09
1.52557e+09 2.48175e+09
1.52378e+09 2.4827e+09
1.52198e+09 2.48366e+09
1.52019e+09 2.48462e+09
1.51839e+09 2.48557e+09
1.5166e+09 2.48653e+09
1.5148e+09 2.48748e+09
1.513e+09 2.48843e+09
1.51121e+09 2.48938e+09
1.50941e+09 2.49033e+09
1.50761e+09 2.49128e+09
1.50581e+09 2.49222e+09
1.504e+09 2.49317e+09
1.5022e+09 2.49411e+09
1.5004e+09 2.49505e+09
1.4986e+09 2.496e+09
1.49679e+09 2.49694e+09
1.49499e+09 2.49787e+09
1.49318e+09 2.49881e+09
1.49137e+09 2.49975e+09
1.48957e+09 2.50068e+09
1.48776e+09 2.50161e+09
1.48595e+09 2.50255e+09
1.48414e+09 2.50348e+09
1.48233e+09 2.50441e+09
1.48052e+09 2.50533e+09
1.4787e+09 2.50626e+09
1.47689e+09 2.50719e+09
1.47508e+09 2.50811e+09
1.47326e+09 2.50903e+09
1.47145e+09 2.50996e+09
1.46963e+09 2.51088e+09
1.46781e+09 2.5118e+09
1.466e+09 2.51271e+09
1.46418e+09 2.51363e+09
1.46236e+09 2.51454e+09
1.46054e+09 2.51546e+09
1.45872e+09 2.51637e+09
1.4569e+09 2.51728e+09
1.45508e+09 2.51819e+09
1.45325e+09 2.5191e+09
1.45143e+09 2.52001e+09
1.4496e+09 2.52091e+09
1.44778e+09 2.52182e+09
1.44595e+09 2.52272e+09
1.44413e+09 2.52362e+09
1.4423e+09 2.52452e+09
1.44047e+09 2.52542e+09
1.43864e+09 2.52632e+09
1.43681e+09 2.52722e+09
1.43498e+09 2.52811e+09
1.43315e+09 2.52901e+09
1.43132e+09 2.5299e+09
1.42949e+09 2.53079e+09
1.42765e+09 2.53168e+09
1.42582e+09 2.53257e+09
1.42398e+09 2.53346e+09
1.42215e+09 2.53435e+09
1.42031e+09 2.53523e+09
1.41848e+09 2.53611e+09
1.41664e+09 2.537e+09
1.4148e+09 2.53788e+09
1.41296e+09 2.53876e+09
1.41112e+09 2.53964e+09
1.40928e+09 2.54051e+09
1.40744e+09 2.54139e+09
1.4056e+09 2.54226e+09
1.40375e+09 2.54314e+09
1.40191e+09 2.54401e+09
1.40006e+09 2.54488e+09
1.39822e+09 2.54575e+09
1.39637e+09 2.54661e+09
1.39453e+09 2.54748e+09
1.39268e+09 2.54835e+09
1.39083e+09 2.54921e+09
1.38898e+09 2.55007e+09
1.38713e+09 2.55093e+09
1.38528e+09 2.55179e+09
1.38343e+09 2.55265e+09
1.38158e+09 2.55351e+09
1.37973e+09 2.55436e+09
1.37788e+09 2.55522e+09
1.37602e+09 2.55607e+09
1.37417e+09 2.55692e+09
1.37231e+09 2.55777e+09
1.37046e+09 2.55862e+09
1.3686e+09 2.55947e+09
1.36674e+09 2.56032e+09
1.36488e+09 2.56116e+09
1.36302e+09 2.56201e+09
1.36117e+09 2.56285e+09
1.3593e+09 2.56369e+09
1.35744e+09 2.56453e+09
1.35558e+09 2.56537e+09
1.35372e+09 2.56621e+09
1.35186e+09 2.56704e+09
1.34999e+09 2.56788e+09
1.34813e+09 2.56871e+09
1.34626e+09 2.56954e+09
1.3444e+09 2.57037e+09
1.34253e+09 2.5712e+09
1.34066e+09 2.57203e+09
1.3388e+09 2.57285e+09
1.33693e+09 2.57368e+09
1.33506e+09 2.5745e+09
1.33319e+09 2.57532e+09
1.33132e+09 2.57614e+09
1.32945e+09 2.57696e+09
1.32757e+09 2.57778e+09
1.3257e+09 2.5786e+09
1.32383e+09 2.57941e+09
1.32195e+09 2.58023e+09
1.32008e+09 2.58104e+09
1.3182e+09 2.58185e+09
1.31633e+09 2.58266e+09
1.31445e+09 2.58347e+09
1.31257e+09 2.58428e+09
1.31069e+09 2.58508e+09
1.30881e+09 2.58589e+09
1.30693e+09 2.58669e+09
1.30505e+09 2.58749e+09
1.30317e+09 2.58829e+09
1.30129e+09 2.58909e+09
1.29941e+09 2.58989e+09
1.29752e+09 2.59069e+09
1.29564e+09 2.59148e+09
1.29376e+09 2.59228e+09
1.29187e+09 2.59307e+09
1.28998e+09 2.59386e+09
1.2881e+09 2.59465e+09
1.28621e+09 2.59544e+09
1.28432e+09 2.59623e+09
1.28243e+09 2.59701e+09
1.28054e+09 2.59779e+09
1.27865e+09 2.59858e+09
1.27676e+09 2.59936e+09
1.27487e+09 2.60014e+09
1.27298e+09 2.60092e+09
1.27109e+09 2.60169e+09
1.26919e+09 2.60247e+09
1.2673e+09 2.60325e+09
1.26541e+09 2.60402e+09
1.26351e+09 2.60479e+09
1.26161e+09 2.60556e+09
1.25972e+09 2.60633e+09
1.25782e+09 2.6071e+09
1.25592e+09 2.60786e+09
1.25402e+09 2.60863e+09
1.25212e+09 2.60939e+09
1.25022e+09 2.61015e+09
1.24832e+09 2.61091e+09
1.24642e+09 2.61167e+09
1.24452e+09 2.61243e+09
1.24262e+09 2.61319e+09
1.24072e+09 2.61394e+09
1.23881e+09 2.6147e+09
1.23691e+09 2.61545e+09
1.235e+09 2.6162e+09
1.2331e+09 2.61695e+09
1.23119e+09 2.6177e+09
1.22928e+09 2.61845e+09
1.22737e+09 2.61919e+09
1.22547e+09 2.61994e+09
1.22356e+09 2.62068e+09
1.22165e+09 2.62142e+09
1.21974e+09 2.62216e+09
1.21783e+09 2.6229e+09
1.21591e+09 2.62364e+09
1.214e+09 2.62437e+09
1.21209e+09 2.62511e+09
1.21017e+09 2.62584e+09
1.20826e+09 2.62657e+09
1.20635e+09 2.6273e+09
1.20443e+09 2.62803e+09
1.20251e+09 2.62876e+09
1.2006e+09 2.62948e+09
1.19868e+09 2.63021e+09
1.19676e+09 2.63093e+09
1.19484e+09 2.63165e+09
1.19292e+09 2.63237e+09
1.191e+09 2.63309e+09
1.18908e+09 2.63381e+09
1.18716e+09 2.63453e+09
1.18524e+09 2.63524e+09
1.18332e+09 2.63595e+09
1.18139e+09 2.63667e+09
1.17947e+09 2.63738e+09
1.17755e+09 2.63809e+09
1.17562e+09 2.63879e+09
1.1737e+09 2.6395e+09
1.17177e+09 2.6402e+09
1.16984e+09 2.64091e+09
1.16792e+09 2.64161e+09
1.16599e+09 2.64231e+09
1.16406e+09 2.64301e+09
1.16213e+09 2.64371e+09
1.1602e+09 2.6444e+09
1.15827e+09 2.6451e+09
1.15634e+09 2.64579e+09
1.15441e+09 2.64649e+09
1.15247e+09 2.64718e+09
1.15054e+09 2.64787e+09
1.14861e+09 2.64855e+09
1.14667e+09 2.64924e+09
1.14474e+09 2.64993e+09
1.1428e+09 2.65061e+09
1.14087e+09 2.65129e+09
1.13893e+09 2.65197e+09
1.13699e+09 2.65265e+09
1.13506e+09 2.65333e+09
1.13312e+09 2.65401e+09
1.13118e+09 2.65468e+09
1.12924e+09 2.65536e+09
1.1273e+09 2.65603e+09
1.12536e+09 2.6567e+09
1.12342e+09 2.65737e+09
1.12147e+09 2.65804e+09
1.11953e+09 2.6587e+09
1.11759e+09 2.65937e+09
1.11564e+09 2.66003e+09
1.1137e+09 2.6607e+09
1.11176e+09 2.66136e+09
1.10981e+09 2.66202e+09
1.10786e+09 2.66267e+09
1.10592e+09 2.66333e+09
1.10397e+09 2.66399e+09
1.10202e+09 2.66464e+09
1.10007e+09 2.66529e+09
1.09812e+09 2.66594e+09
1.09617e+09 2.66659e+09
1.09422e+09 2.66724e+09
1.09227e+09 2.66789e+09
1.09032e+09 2.66853e+09
1.08837e+09 2.66918e+09
1.08642e+09 2.66982e+09
1.08446e+09 2.67046e+09
1.08251e+09 2.6711e+09
1.08056e+09 2.67174e+09
1.0786e+09 2.67238e+09
1.07665e+09 2.67301e+09
1.07469e+09 2.67364e+09
1.07273e+09 2.67428e+09
1.07078e+09 2.67491e+09
1.06882e+09 2.67554e+09
1.06686e+09 2.67617e+09
1.0649e+09 2.67679e+09
1.06294e+09 2.67742e+09
1.06098e+09 2.67804e+09
1.05902e+09 2.67866e+09
1.05706e+09 2.67928e+09
1.0551e+09 2.6799e+09
1.05314e+09 2.68052e+09
1.05117e+09 2.68114e+09
1.04921e+09 2.68175e+09
1.04725e+09 2.68237e+09
1.04528e+09 2.68298e+09
1.04332e+09 2.68359e+09
1.04135e+09 2.6842e+09
1.03938e+09 2.68481e+09
1.03742e+09 2.68541e+09
1.03545e+09 2.68602e+09
1.03348e+09 2.68662e+09
1.03151e+09 2.68722e+09
1.02954e+09 2.68782e+09
1.02758e+09 2.68842e+09
1.0256e+09 2.68902e+09
1.02363e+09 2.68962e+09
1.02166e+09 2.69021e+09
1.01969e+09 2.6908e+09
1.01772e+09 2.6914e+09
1.01575e+09 2.69199e+09
1.01377e+09 2.69258e+09
1.0118e+09 2.69316e+09
1.00982e+09 2.69375e+09
1.00785e+09 2.69433e+09
1.00587e+09 2.69492e+09
1.0039e+09 2.6955e+09
1.00192e+09 2.69608e+09
9.99945e+08 2.69666e+09
9.97967e+08 2.69723e+09
9.95989e+08 2.69781e+09
9.9401e+08 2.69838e+09
9.92031e+08 2.69896e+09
9.90051e+08 2.69953e+09
9.88071e+08 2.7001e+09
9.8609e+08 2.70067e+09
9.84109e+08 2.70123e+09
9.82127e+08 2.7018e+09
9.80144e+08 2.70236e+09
9.78162e+08 2.70293e+09
9.76178e+08 2.70349e+09
9.74194e+08 2.70405e+09
9.7221e+08 2.7046e+09
9.70225e+08 2.70516e+09
9.68239e+08 2.70572e+09
9.66253e+08 2.70627e+09
9.64266e+08 2.70682e+09
9.62279e+08 2.70737e+09
9.60292e+08 2.70792e+09
9.58304e+08 2.70847e+09
9.56315e+08 2.70902e+09
9.54326e+08 2.70956e+09
9.52336e+08 2.7101e+09
9.50346e+08 2.71065e+09
9.48355e+08 2.71119e+09
9.46364e+08 2.71173e+09
9.44372e+08 2.71226e+09
9.4238e+08 2.7128e+09
9.40387e+08 2.71333e+09
9.38394e+08 2.71387e+09
9.36401e+08 2.7144e+09
9.34406e+08 2.71493e+09
9.32412e+08 2.71546e+09
9.30416e+08 2.71598e+09
9.28421e+08 2.71651e+09
9.26424e+08 2.71703e+09
9.24428e+08 2.71756e+09
9.2243e+08 2.71808e+09
9.20433e+08 2.7186e+09
9.18435e+08 2.71912e+09
9.16436e+08 2.71963e+09
9.14437e+08 2.72015e+09
9.12437e+08 2.72066e+09
9.10437e+08 2.72117e+09
9.08436e+08 2.72168e+09
9.06435e+08 2.72219e+09
9.04433e+08 2.7227e+09
9.02431e+08 2.72321e+09
9.00429e+08 2.72371e+09
8.98425e+08 2.72422e+09
8.96422e+08 2.72472e+09
8.94418e+08 2.72522e+09
8.92413e+08 2.72572e+09
8.90408e+08 2.72621e+09
8.88403e+08 2.72671e+09
8.86397e+08 2.7272e+09
8.8439e+08 2.7277e+09
8.82383e+08 2.72819e+09
8.80376e+08 2.72868e+09
8.78368e+08 2.72917e+09
8.7636e+08 2.72965e+09
8.74351e+08 2.73014e+09
8.72342e+08 2.73062e+09
8.70332e+08 2.73111e+09
8.68322e+08 2.73159e+09
8.66311e+08 2.73207e+09
8.643e+08 2.73254e+09
8.62288e+08 2.73302e+09
8.60276e+08 2.7335e+09
8.58263e+08 2.73397e+09
8.5625e+08 2.73444e+09
8.54237e+08 2.73491e+09
8.52223e+08 2.73538e+09
8.50208e+08 2.73585e+09
8.48194e+08 2.73631e+09
8.46178e+08 2.73678e+09
8.44162e+08 2.73724e+09
8.42146e+08 2.7377e+09
8.4013e+08 2.73816e+09
8.38112e+08 2.73862e+09
8.36095e+08 2.73908e+09
8.34077e+08 2.73953e+09
8.32058e+08 2.73999e+09
8.30039e+08 2.74044e+09
8.2802e+08 2.74089e+09
8.26e+08 2.74134e+09
8.2398e+08 2.74178e+09
8.21959e+08 2.74223e+09
8.19938e+08 2.74268e+09
8.17916e+08 2.74312e+09
8.15894e+08 2.74356e+09
8.13872e+08 2.744e+09
8.11849e+08 2.74444e+09
8.09825e+08 2.74488e+09
8.07801e+08 2.74531e+09
8.05777e+08 2.74575e+09
8.03753e+08 2.74618e+09
8.01727e+08 2.74661e+09
7.99702e+08 2.74704e+09
7.97676e+08 2.74747e+09
7.95649e+08 2.74789e+09
7.93623e+08 2.74832e+09
7.91595e+08 2.74874e+09
7.89568e+08 2.74916e+09
7.87539e+08 2.74958e+09
7.85511e+08 2.75e+09
7.83482e+08 2.75042e+09
7.81452e+08 2.75084e+09
7.79423e+08 2.75125e+09
7.77392e+08 2.75166e+09
7.75362e+08 2.75208e+09
7.73331e+08 2.75248e+09
7.71299e+08 2.75289e+09
7.69267e+08 2.7533e+09
7.67235e+08 2.7537e+09
7.65202e+08 2.75411e+09
7.63169e+08 2.75451e+09
7.61135e+08 2.75491e+09
7.59101e+08 2.75531e+09
7.57067e+08 2.75571e+09
7.55032e+08 2.7561e+09
7.52997e+08 2.7565e+09
7.50961e+08 2.75689e+09
7.48925e+08 2.75728e+09
7.46889e+08 2.75767e+09
7.44852e+08 2.75806e+09
7.42815e+08 2.75845e+09
7.40777e+08 2.75883e+09
7.38739e+08 2.75922e+09
7.367e+08 2.7596e+09
7.34662e+08 2.75998e+09
7.32622e+08 2.76036e+09
7.30583e+08 2.76074e+09
7.28543e+08 2.76111e+09
7.26502e+08 2.76149e+09
7.24461e+08 2.76186e+09
7.2242e+08 2.76223e+09
7.20378e+08 2.7626e+09
7.18336e+08 2.76297e+09
7.16294e+08 2.76334e+09
7.14251e+08 2.7637e+09
7.12208e+08 2.76406e+09
7.10165e+08 2.76443e+09
7.08121e+08 2.76479e+09
7.06076e+08 2.76515e+09
7.04032e+08 2.7655e+09
7.01986e+08 2.76586e+09
6.99941e+08 2.76621e+09
6.97895e+08 2.76657e+09
6.95849e+08 2.76692e+09
6.93802e+08 2.76727e+09
6.91755e+08 2.76762e+09
6.89708e+08 2.76796e+09
6.8766e+08 2.76831e+09
6.85612e+08 2.76865e+09
6.83564e+08 2.76899e+09
6.81515e+08 2.76933e+09
6.79466e+08 2.76967e+09
6.77416e+08 2.77001e+09
6.75366e+08 2.77035e+09
6.73316e+08 2.77068e+09
6.71265e+08 2.77101e+09
6.69214e+08 2.77134e+09
6.67163e+08 2.77167e+09
6.65111e+08 2.772e+09
6.63059e+08 2.77233e+09
6.61006e+08 2.77265e+09
6.58953e+08 2.77298e+09
6.569e+08 2.7733e+09
6.54846e+08 2.77362e+09
6.52793e+08 2.77394e+09
6.50738e+08 2.77426e+09
6.48684e+08 2.77457e+09
6.46629e+08 2.77489e+09
6.44573e+08 2.7752e+09
6.42518e+08 2.77551e+09
6.40462e+08 2.77582e+09
6.38405e+08 2.77613e+09
6.36349e+08 2.77643e+09
6.34291e+08 2.77674e+09
6.32234e+08 2.77704e+09
6.30176e+08 2.77734e+09
6.28118e+08 2.77764e+09
6.2606e+08 2.77794e+09
6.24001e+08 2.77824e+09
6.21942e+08 2.77853e+09
6.19882e+08 2.77883e+09
6.17823e+08 2.77912e+09
6.15763e+08 2.77941e+09
6.13702e+08 2.7797e+09
6.11641e+08 2.77999e+09
6.0958e+08 2.78027e+09
6.07519e+08 2.78056e+09
6.05457e+08 2.78084e+09
6.03395e+08 2.78112e+09
6.01332e+08 2.7814e+09
5.9927e+08 2.78168e+09
5.97207e+08 2.78196e+09
5.95143e+08 2.78223e+09
5.93079e+08 2.7825e+09
5.91015e+08 2.78278e+09
5.88951e+08 2.78305e+09
5.86886e+08 2.78331e+09
5.84821e+08 2.78358e+09
5.82756e+08 2.78385e+09
5.8069e+08 2.78411e+09
5.78624e+08 2.78437e+09
5.76558e+08 2.78464e+09
5.74491e+08 2.78489e+09
5.72425e+08 2.78515e+09
5.70357e+08 2.78541e+09
5.6829e+08 2.78566e+09
5.66222e+08 2.78592e+09
5.64154e+08 2.78617e+09
5.62085e+08 2.78642e+09
5.60017e+08 2.78667e+09
5.57948e+08 2.78691e+09
5.55878e+08 2.78716e+09
5.53809e+08 2.7874e+09
5.51739e+08 2.78764e+09
5.49668e+08 2.78788e+09
5.47598e+08 2.78812e+09
5.45527e+08 2.78836e+09
5.43456e+08 2.78859e+09
5.41384e+08 2.78883e+09
5.39313e+08 2.78906e+09
5.37241e+08 2.78929e+09
5.35168e+08 2.78952e+09
5.33096e+08 2.78975e+09
5.31023e+08 2.78998e+09
5.2895e+08 2.7902e+09
5.26876e+08 2.79042e+09
5.24803e+08 2.79064e+09
5.22728e+08 2.79086e+09
5.20654e+08 2.79108e+09
5.1858e+08 2.7913e+09
5.16505e+08 2.79151e+09
5.1443e+08 2.79173e+09
5.12354e+08 2.79194e+09
5.10278e+08 2.79215e+09
5.08202e+08 2.79236e+09
5.06126e+08 2.79257e+09
5.0405e+08 2.79277e+09
5.01973e+08 2.79297e+09
4.99896e+08 2.79318e+09
4.97818e+08 2.79338e+09
4.95741e+08 2.79358e+09
4.93663e+08 2.79377e+09
4.91585e+08 2.79397e+09
4.89506e+08 2.79416e+09
4.87428e+08 2.79436e+09
4.85349e+08 2.79455e+09
4.83269e+08 2.79474e+09
4.8119e+08 2.79493e+09
4.7911e+08 2.79511e+09
4.7703e+08 2.7953e+09
4.7495e+08 2.79548e+09
4.7287e+08 2.79566e+09
4.70789e+08 2.79584e+09
4.68708e+08 2.79602e+09
4.66627e+08 2.7962e+09
4.64545e+08 2.79637e+09
4.62463e+08 2.79655e+09
4.60381e+08 2.79672e+09
4.58299e+08 2.79689e+09
4.56217e+08 2.79706e+09
4.54134e+08 2.79723e+09
4.52051e+08 2.79739e+09
4.49968e+08 2.79756e+09
4.47884e+08 2.79772e+09
4.458e+08 2.79788e+09
4.43716e+08 2.79804e+09
4.41632e+08 2.7982e+09
4.39548e+08 2.79835e+09
4.37463e+08 2.79851e+09
4.35378e+08 2.79866e+09
4.33293e+08 2.79881e+09
4.31208e+08 2.79896e+09
4.29122e+08 2.79911e+09
4.27036e+08 2.79925e+09
