3.45518 -35.0889
6.87597 -34.5775
10.2284 -33.7309
13.4792 -32.5582
16.5964 -31.0714
19.5494 -29.286
22.3096 -27.2204
24.8503 -24.8957
27.1475 -22.3357
29.1796 -19.5662
30.928 -16.615
32.3769 -13.5115
33.5139 -10.2862
34.3295 -6.9707
34.8174 -3.59698
34.9746 -0.197357
34.8013 3.19594
34.3008 6.55108
33.4791 9.83688
32.3455 13.0231
30.9119 16.0807
29.1927 18.982
27.2048 21.7011
24.9674 24.2136
22.5016 26.4975
19.8305 28.5326
16.9788 30.3011
13.9726 31.7875
10.8393 32.9789
7.60723 33.8649
4.30555 34.4376
0.964009 34.6918
-2.38733 34.6253
-5.71827 34.2382
-8.99871 33.5335
-12.1989 32.5171
-15.2896 31.1975
-18.2423 29.5856
-21.0298 27.6954
-23.6259 25.5431
-26.0059 23.1473
-28.1469 20.5293
-30.028 17.7123
-31.6302 14.7216
-32.9373 11.5843
-33.9353 8.32928
-34.6132 4.98679
-34.9627 1.5882
-34.9789 -1.83422
-34.6598 -5.24763
-34.0069 -8.61892
-33.0248 -11.9151
-31.7216 -15.1036
-30.1088 -18.1525
-28.201 -21.0314
-26.016 -23.711
-23.5746 -26.1642
-20.9004 -28.3658
-18.0197 -30.2933
-14.9609 -31.927
-11.7543 -33.2501
-8.43208 -34.2492
-5.0275 -34.9142
-1.57472 -35.2387
1.89163 -35.2198
5.33689 -34.8581
8.72671 -34.1581
12.0275 -33.1277
15.2069 -31.7781
18.2337 -30.1238
21.079 -28.1824
23.7155 -25.9742
26.1185 -23.5221
28.266 -20.851
30.1386 -17.988
31.7198 -14.9616
32.9962 -11.8017
33.9575 -8.53899
34.5963 -5.20487
34.9087 -1.83103
34.8935 1.55084
34.5526 4.90934
33.8911 8.21363
32.9165 11.4337
31.6392 14.5405
30.0723 17.5064
28.2311 20.3051
26.1331 22.9121
23.798 25.3044
21.2473 27.4614
18.5043 29.3641
15.5937 30.9961
12.5416 32.3432
9.37521 33.3933
6.12268 34.1372
2.81292 34.5681
-0.524669 34.6816
-3.86032 34.4761
-7.16418 33.9527
-10.4065 33.1152
-13.5578 31.9699
-16.5893 30.526
-19.4728 28.7952
-22.1813 26.792
-24.6891 24.5333
-26.9717 22.0385
-29.0068 19.3294
-30.7736 16.43
-32.254 13.3663
-33.4321 10.1663
-34.2946 6.85966
-34.8313 3.47731
-35.0348 0.0514475
-34.9012 -3.38492
-34.4296 -6.79827
-33.6228 -10.1549
-32.4869 -13.4214
-31.0314 -16.5648
-29.2695 -19.5531
-27.2175 -22.3558
-24.8949 -24.9439
-22.3244 -27.2908
-19.5313 -29.3721
-16.5436 -31.1661
-13.3914 -32.6544
-10.1065 -33.8216
-6.72238 -34.656
-3.27343 -35.1494
0.205308 -35.2973
3.67858 -35.099
7.11137 -34.5574
10.4693 -33.6792
13.7191 -32.4745
16.8288 -30.9569
19.7682 -29.1429
22.5093 -27.0522
25.0264 -24.7069
27.2964 -22.1314
29.2987 -19.3522
31.016 -16.3975
32.4339 -13.2967
33.5408 -10.0803
34.3287 -6.77931
34.7922 -3.42536
34.9294 -0.0499652
34.7411 3.31557
34.2312 6.64041
33.4062 9.8945
32.2754 13.0488
30.8507 16.0753
29.1463 18.9475
27.1787 21.6406
24.9663 24.1312
22.5295 26.3979
19.8905 28.4213
17.073 30.1841
14.1019 31.671
11.0036 32.8694
7.80515 33.7685
4.53477 34.3603
1.22112 34.6392
-2.10665 34.6021
-5.41912 34.2485
-8.68686 33.5805
-11.8806 32.6027
-14.9713 31.3226
-17.9308 29.7502
-20.7314 27.8981
-23.3469 25.7814
-25.7519 23.4178
-27.923 20.8275
-29.8383 18.033
-31.4781 15.0588
-32.8247 11.9318
-33.8633 8.6804
-34.5816 5.33484
-34.9702 1.92664
-35.023 -1.51157
-34.737 -4.94637
-34.1127 -8.34393
-33.154 -11.6703
-31.8685 -14.892
-30.2672 -17.976
-28.3645 -20.8905
-26.1784 -23.6054
-23.7298 -26.0921
-21.0431 -28.3246
-18.1448 -30.2794
-15.0644 -31.936
-11.8333 -33.2771
-8.48439 -34.2888
-5.0522 -34.9609
-1.57195 -35.2868
1.9207 -35.264
5.3901 -34.8937
8.80107 -34.1808
12.1193 -33.1339
15.3119 -31.7651
18.3474 -30.09
21.1965 -28.1269
23.8322 -25.8973
26.2299 -23.4248
28.368 -20.7354
30.2277 -17.8567
31.793 -14.818
33.0514 -11.6494
33.9934 -8.38218
34.6125 -5.04772
34.9055 -1.67771
34.8721 1.69636
34.515 5.04343
33.8398 8.33312
32.8548 11.536
31.5708 14.6238
30.001 17.5694
28.161 20.3475
26.0683 22.9342
23.7425 25.3075
21.2048 27.4473
18.478 29.3354
15.5864 30.956
12.5555 32.2952
9.41182 33.3415
6.18276 34.0858
2.89645 34.5214
-0.418473 34.644
-3.73302 34.4518
-7.01806 33.9454
-10.2445 33.1284
-13.3835 32.0064
-16.4067 30.5881
-19.2863 28.8845
-21.9955 26.9091
-24.5087 24.6782
-26.8014 22.2102
-28.851 19.5263
-30.6366 16.6495
-32.1394 13.6053
-33.3429 10.4211
-34.2333 7.12589
-34.7995 3.75037
-35.0333 0.326478
-34.9299 -3.11285
-34.4877 -6.534
-33.7084 -9.90304
-32.5975 -13.1861
-31.1638 -16.3497
-29.4199 -19.3613
-27.3816 -22.1896
-25.0682 -24.8048
-22.5023 -27.1793
-19.7091 -29.288
-16.7169 -31.1085
-13.556 -32.6213
-10.2588 -33.8107
-6.85921 -34.6641
-3.39243 -35.1731
0.10581 -35.3328
3.5995 -35.1422
7.05285 -34.6045
10.4308 -33.7264
13.6992 -32.5183
16.8258 -30.9942
19.7797 -29.1711
22.5326 -27.0692
25.0585 -24.7113
27.3342 -22.1225
29.3391 -19.3299
31.0561 -16.3621
32.4708 -13.2494
33.5724 -10.0225
34.3528 -6.71306
34.8075 -3.35287
34.9348 0.0263253
34.7362 3.39312
34.2162 6.7167
33.3817 9.96713
32.2426 13.1155
30.8111 16.1343
29.1018 18.9972
27.1314 21.6799
24.9187 24.1594
22.484 26.4149
19.8496 28.4275
17.039 30.1803
14.077 31.6585
10.9897 32.8499
7.80399 33.7441
4.54746 34.3335
1.24839 34.6125
-2.06454 34.5783
-5.36245 34.2305
-8.61639 33.5709
-11.7976 32.6043
-14.8776 31.3378
-17.8285 29.7811
-20.6232 27.9463
-23.2356 25.8483
-25.6408 23.5042
-27.8152 20.9335
-29.7372 18.1583
-31.3868 15.2025
-32.7465 12.0924
-33.8009 8.85589
-34.5374 5.52269
-34.9463 2.12395
-35.0209 -1.30805
-34.7576 -4.74012
-34.1564 -8.13857
-33.2205 -11.4695
-31.9568 -14.6992
-30.3758 -17.7946
-28.4914 -20.7235
-26.321 -23.4554
-23.8853 -25.9612
-21.2081 -28.2144
-18.3159 -30.1909
-15.2382 -31.8696
-12.0061 -33.2324
-8.6531 -34.265
-5.21369 -34.9566
-1.72349 -35.3003
1.78138 -35.2929
5.26481 -34.9354
8.6911 -34.2325
12.0254 -33.1928
15.2342 -31.8284
18.2857 -30.1548
21.15 -28.1908
23.7996 -25.9579
26.2099 -23.4801
28.3587 -20.7839
30.227 -17.8972
31.799 -14.8498
33.062 -11.6723
34.0066 -8.39614
34.6265 -5.05326
34.9186 -1.67562
34.883 1.70502
34.5227 5.05739
33.8436 8.35099
32.8542 11.5563
31.5657 14.6451
29.9918 17.5903
28.1481 20.3667
26.0526 22.9506
23.725 25.3203
21.1867 27.4558
18.4606 29.3394
15.5712 30.9553
12.5437 32.2902
9.4048 33.3329
6.18165 34.0744
2.90224 34.5083
-0.405018 34.6305
-3.7114 34.4394
-6.98806 33.9358
-10.2062 33.1232
-13.3374 32.0075
-16.3535 30.597
-19.2272 28.9027
-21.9318 26.9381
-24.4421 24.719
-26.7338 22.2638
-28.7845 19.5931
-30.5733 16.7298
-32.0816 13.6988
-33.2928 10.5271
-34.193 7.24351
-34.771 3.8782
-35.0185 0.462784
-34.9301 -2.9701
-34.5041 -6.38709
-33.7417 -9.75446
-32.648 -13.0384
-31.2315 -16.2057
-29.5041 -19.2234
-27.4813 -22.0604
-25.1821 -24.6866
-22.6284 -27.0741
-19.8455 -29.1975
-16.8611 -31.034
-13.7055 -32.5638
-10.411 -33.7705
-7.01157 -34.6414
-3.5423 -35.1673
-0.0391495 -35.3431
3.46165 -35.1675
6.92404 -34.6432
10.3126 -33.7767
13.593 -32.5782
16.7322 -31.0615
19.6994 -29.2438
22.4656 -27.1451
25.0045 -24.7883
27.2926 -22.1987
29.3092 -19.4036
31.0366 -16.432
32.4606 -13.3142
33.57 -10.0813
34.3568 -6.76531
34.8164 -3.39825
34.9473 -0.0121296
34.751 3.36137
34.232 6.69125
33.3976 9.94736
32.2578 13.1007
30.8251 16.1236
29.1141 18.9898
27.142 21.6748
24.9275 24.1559
22.4913 26.4122
19.8558 28.425
17.0446 30.1774
14.0827 31.655
10.9962 32.8456
7.81194 33.7391
4.55759 34.3278
1.26137 34.6068
-2.04816 34.573
-5.34223 34.2263
-8.59204 33.5687
-11.769 32.6051
-14.8449 31.3426
-17.7919 29.7908
-20.5834 27.962
-23.1932 25.8709
-25.5966 23.5346
-27.7705 20.9724
-29.6933 18.2061
-31.345 15.2596
-32.7083 12.1587
-33.7679 8.9313
-34.5112 5.6067
-34.9284 2.21578
-35.0126 -1.20941
-34.7602 -4.63596
-34.1708 -8.03039
-33.2477 -11.359
-31.9973 -14.5882
-30.4297 -17.6851
-28.5587 -20.6176
-26.4013 -23.3549
-23.9777 -25.8681
-21.3117 -28.1305
-18.4293 -30.1178
-15.3598 -31.8085
-12.1341 -33.1846
-8.78555 -34.2313
-5.34853 -34.9373
-1.85866 -35.2956
1.64796 -35.3027
5.13511 -34.9591
8.56696 -34.2693
11.9085 -33.2415
15.126 -31.8878
18.1873 -30.2234
21.0623 -28.2669
23.7233 -26.0399
26.1453 -23.5663
28.3058 -20.8725
30.1857 -17.9867
31.7689 -14.9386
33.0424 -11.7591
33.9967 -8.47971
34.6254 -5.13262
34.9253 -1.74998
34.8964 1.63625
34.5417 4.99461
33.867 8.2944
32.8812 11.5059
31.5954 14.6008
30.0232 17.5519
28.1806 20.3337
26.0857 22.9227
23.7581 25.2969
21.2196 27.4366
18.4932 29.3238
15.6033 30.9429
12.5754 32.2806
9.43619 33.3258
6.21294 34.0696
2.93364 34.5057
-0.373274 34.6301
-3.67908 34.4413
-6.95499 33.9403
-10.1723 33.1305
-13.3025 32.0179
-16.3177 30.6111
-19.1907 28.9209
-21.8949 26.9608
-24.4051 24.7468
-26.6973 22.297
-28.7491 19.6321
-30.5398 16.7748
-32.0509 13.7501
-33.2658 10.5847
-34.1708 7.30718
-34.7545 3.94764
-35.0087 0.537492
-34.928 -2.89081
-34.5106 -6.3041
-33.7576 -9.66881
-32.6738 -12.9513
-31.2677 -16.1184
-29.551 -19.1375
-27.5389 -21.9772
-25.2501 -24.6076
-22.7065 -27.0009
-19.9328 -29.1315
-16.9569 -30.9765
-13.8085 -32.516
-10.52 -33.7335
-7.12496 -34.6158
-3.65858 -35.1538
-0.156664 -35.342
3.34458 -35.1789
6.80909 -34.6669
10.2014 -33.8121
13.487 -32.6248
16.6328 -31.1184
19.6078 -29.3098
22.3828 -27.2191
24.9314 -24.8689
27.2297 -22.2846
29.2568 -19.4933
30.995 -16.5241
32.4296 -13.4072
33.5494 -10.174
34.3461 -6.85645
34.8151 -3.48668
34.9547 -0.0968964
34.7663 3.28111
34.2543 6.61616
33.426 9.87796
32.2914 13.0374
30.8629 16.0665
29.1553 18.9391
27.1857 21.6305
24.9731 24.1178
22.5381 26.3801
19.9031 28.3986
17.092 30.1564
14.1298 31.6391
11.0426 32.8343
7.85746 33.7321
4.60208 34.325
1.30472 34.6076
-2.00599 34.5774
-5.30125 34.234
-8.55227 33.5797
-11.7304 32.6192
-14.8075 31.3598
-17.7558 29.8113
-20.5486 27.9858
-23.1598 25.8981
-25.565 23.5652
-27.7408 21.0067
-29.6658 18.2441
-31.3203 15.3014
-32.6867 12.2044
-33.75 8.98076
-34.4975 5.65981
-34.9194 2.27232
-35.009 -1.14979
-34.7626 -4.57371
-34.1798 -7.96608
-33.2637 -11.2933
-32.0208 -14.522
-30.4611 -17.6191
-28.598 -20.5529
-26.4486 -23.2925
-24.033 -25.8091
-21.3746 -28.076
-18.4995 -30.0687
-15.4366 -31.7661
-12.2169 -33.1496
-8.87324 -34.2046
-5.44016 -34.9197
-1.95307 -35.2875
1.55199 -35.3045
5.03887 -34.971
8.47175 -34.2914
11.8156 -33.2737
15.0367 -31.9295
18.1027 -30.2742
20.9836 -28.3262
23.6515 -26.1067
26.0811 -23.6397
28.25 -20.9514
30.1388 -18.0701
31.7312 -15.0253
33.0142 -11.8478
33.9779 -8.56939
34.6159 -5.22212
34.9248 -1.83823
34.9046 1.55024
34.558 4.91174
33.891 8.21548
32.912 11.4316
31.6323 14.5317
30.0656 17.4884
28.2276 20.2763
26.1365 22.8716
23.8121 25.2522
21.276 27.3983
18.5513 29.2919
15.6624 30.9174
12.635 32.2613
9.49571 33.3124
6.27192 34.062
2.99168 34.5036
-0.316541 34.6332
-3.62397 34.4494
-6.90177 33.953
-10.1212 33.1477
-13.2537 32.0394
-16.2715 30.6365
-19.1471 28.9501
-21.8542 26.9937
-24.3675 24.7832
-26.6629 22.3368
-28.7182 19.6751
-30.5127 16.821
-32.0277 13.7991
-33.247 10.6364
-34.1565 7.36142
-34.7452 4.00411
-35.0046 0.595878
-34.9296 -2.83089
-34.518 -6.2431
-33.7712 -9.60723
-32.6939 -12.8898
-31.2945 -16.0575
-29.5845 -19.0779
-27.5792 -21.9197
-25.2972 -24.5531
-22.7602 -26.9502
-19.9929 -29.0853
-17.0228 -30.9357
-13.8799 -32.4814
-10.5961 -33.7057
-7.20512 -34.5956
-3.7419 -35.1417
-0.242214 -35.3385
3.25782 -35.1843
6.72217 -34.6813
10.1154 -33.8357
13.403 -32.6574
16.552 -31.1598
19.5311 -29.3596
22.3113 -27.2768
24.866 -24.9339
27.1711 -22.356
29.2058 -19.5702
30.9521 -16.6056
32.3953 -13.4924
33.524 -10.2618
34.3298 -6.94578
34.8079 -3.57652
34.9564 -0.186205
34.7768 3.19331
34.2732 6.5308
33.4529 9.79592
32.3257 12.9594
30.9041 15.9934
29.2028 18.8714
27.2387 21.5687
25.0308 24.0623
22.5998 26.3313
19.9681 28.3567
17.1595 30.1216
14.1991 31.6114
11.1129 32.8137
7.92816 33.7185
4.6725 34.3182
1.37424 34.6075
-1.93792 34.5837
-5.23516 34.2465
-8.48862 33.598
-11.6697 32.643
-14.75 31.3888
-17.7019 29.845
-20.4986 28.024
-23.1141 25.9403
-25.5237 23.6112
-27.7042 21.0559
-29.634 18.2963
-31.2936 15.3562
-32.6652 12.2613
-33.7339 9.03948
-34.487 5.7199
-34.9146 2.33336
-35.01 -1.08824
-34.7695 -4.51211
-34.1926 -7.90491
-33.2825 -11.2331
-32.0455 -14.4632
-30.4917 -17.5624
-28.6345 -20.4987
-26.4908 -23.2415
-24.0807 -25.7619
-21.4274 -28.033
-18.5571 -30.0307
-15.4985 -31.7335
-12.2826 -33.1231
-8.94227 -34.1844
-5.5118 -34.9064
-2.02661 -35.2814
1.47732 -35.3059
4.96388 -34.9801
8.39727 -34.3081
11.7425 -33.2981
14.9658 -31.9615
18.0349 -30.3135
20.9197 -28.3724
23.5922 -26.1594
26.0272 -23.6984
28.2021 -21.0155
30.0975 -18.1388
31.6969 -15.0978
32.9873 -11.9235
33.9587 -8.64731
34.6045 -5.30143
34.9214 -1.91806
34.909 1.47075
34.5702 4.83343
33.9107 8.13915
32.9389 11.3581
31.6661 14.4616
30.1057 17.4225
28.2736 20.2151
26.1877 22.8156
23.868 25.2019
21.3358 27.354
18.6144 29.254
15.7282 30.8861
12.7028 32.2367
9.56476 33.2946
6.34159 34.0509
3.0613 34.4992
-0.247583 34.6354
-3.55628 34.458
-6.83591 33.9679
-10.0577 33.1685
-13.1931 32.0658
-16.2142 30.6682
-19.0935 28.9868
-21.8047 27.0349
-24.3224 24.8285
-26.6227 22.3858
-28.683 19.7274
-30.4827 16.8761
-32.0032 13.8566
-33.2281 10.6958
-34.1434 7.42215
-34.7379 4.06574
-35.0032 0.657915
-34.9341 -2.76895
-34.5284 -6.18176
-33.7875 -9.54702
-32.7161 -12.8312
-31.3223 -16.0011
-29.6179 -19.0242
-27.6179 -21.8692
-25.3409 -24.5063
-22.8087 -26.9075
-20.0457 -29.0473
-17.0796 -30.9028
-13.9402 -32.454
-10.6594 -33.6843
-7.27081 -34.5805
-3.80938 -35.1331
-0.310834 -35.3367
3.18874 -35.1893
6.65335 -34.6933
10.0475 -33.8547
13.3369 -32.6833
16.4883 -31.1924
19.4706 -29.3987
22.2546 -27.322
24.8137 -24.9849
27.1239 -22.4122
29.1642 -19.6312
30.9166 -16.6708
32.3663 -13.561
33.5018 -10.3332
34.3147 -7.01919
34.8001 -3.65121
34.956 -0.261425
34.7837 3.11833
34.2874 6.45682
33.4743 9.72368
32.354 12.8896
30.939 15.9267
29.2439 18.8085
27.2856 21.5102
25.083 24.0087
22.6568 26.2831
20.0293 28.3143
17.2242 30.0853
14.2667 31.5816
11.1829 32.7906
7.99974 33.7022
4.74502 34.3089
1.44704 34.6051
-1.86552 34.5883
-5.1638 34.2578
-8.41894 33.616
-11.6023 32.6675
-14.6855 31.4195
-17.6409 29.8816
-20.4415 28.066
-23.0614 25.9875
-25.4759 23.663
-27.6617 21.1119
-29.5972 18.356
-31.2627 15.419
-32.6406 12.3267
-33.7157 9.10676
-34.4754 5.78853
-34.9097 2.40272
-35.0119 -1.01877
-34.7781 -4.44317
-34.2079 -7.83713
-33.3043 -11.1671
-32.0737 -14.3996
-30.5261 -17.5018
-28.6747 -20.4417
-26.5365 -23.1887
-24.1314 -25.7137
-21.4828 -27.9901
-18.6166 -29.9934
-15.5616 -31.7022
-12.3486 -33.098
-9.01059 -34.1661
-5.58177 -34.8949
-2.09755 -35.2769
1.40612 -35.3085
4.89312 -34.9898
8.32768 -34.3249
11.6748 -33.3217
14.9006 -31.9918
17.973 -30.3502
20.8616 -28.4151
23.5386 -26.2077
25.9786 -23.7518
28.159 -21.0735
30.0603 -18.2008
31.666 -15.1633
32.9629 -11.9916
33.9412 -8.71751
34.594 -5.37297
34.9179 -1.99024
34.9125 1.39864
34.5807 4.76209
33.928 8.06926
32.9629 11.2903
31.6964 14.3966
30.1421 17.3608
28.3156 20.1573
26.235 22.7622
23.92 25.1534
21.3921 27.3108
18.6744 29.2165
15.7913 30.8545
12.7684 32.2113
9.63236 33.2756
6.41049 34.0385
3.13088 34.4934
-0.177951 34.6363
-3.48722 34.4655
-6.76804 33.9818
-9.99162 33.1888
-13.1294 32.0922
-16.1534 30.7005
-19.0362 29.0247
-21.7514 27.078
-24.2736 24.8764
-26.5787 22.4381
-28.6443 19.7836
-30.4496 16.9356
-31.9761 13.9189
-33.2071 10.7604
-34.1288 7.48841
-34.7298 4.13305
-35.0017 0.725656
-34.9392 -2.70142
-34.5401 -6.11507
-33.8057 -9.48181
-32.7405 -12.7681
-31.3528 -15.9407
-29.6542 -18.9671
-27.6597 -21.816
-25.3878 -24.4574
-22.8602 -26.8636
-20.1014 -29.0087
-17.1388 -30.8699
-14.0024 -32.4272
-10.7239 -33.6638
-7.33706 -34.5665
-3.87669 -35.1258
-0.378517 -35.3361
3.12137 -35.1955
6.58696 -34.7062
9.98281 -33.8741
13.2744 -32.709
16.4288 -31.2242
19.4146 -29.4362
22.2026 -27.3648
24.7663 -25.0325
27.0815 -22.4642
29.1272 -19.6871
30.8853 -16.7298
32.341 -13.6227
33.4827 -10.397
34.302 -7.08441
34.7937 -3.71723
34.9561 -0.3276
34.7901 3.05262
34.3002 6.39218
33.4931 9.6607
32.3788 12.8289
30.9694 15.8688
29.2796 18.7538
27.3263 21.4592
25.1283 23.962
22.7062 26.2409
20.0824 28.277
17.2806 30.0533
14.3258 31.5551
11.2442 32.7698
8.06264 33.6874
4.80902 34.3
1.51159 34.6024
-1.80099 34.5916
-5.09984 34.2673
-8.35612 33.6315
-11.5411 32.6889
-14.6265 31.4465
-17.5847 29.9142
-20.3885 28.1039
-23.0122 26.0303
-25.4309 23.7104
-27.6213 21.1636
-29.5618 18.4115
-31.2327 15.4778
-32.6164 12.3883
-33.6975 9.17072
-34.4633 5.85423
-34.9041 2.46956
-35.0128 -0.951411
-34.7856 -4.37592
-34.222 -7.77065
-33.325 -11.102
-32.1009 -14.3366
-30.5594 -17.4415
-28.714 -20.3848
-26.5814 -23.1357
-24.1816 -25.6653
-21.5378 -27.9467
-18.6759 -29.9556
-15.6246 -31.6704
-12.4147 -33.0726
-9.07913 -34.1474
-5.65203 -34.8831
-2.16881 -35.2722
1.3346 -35.311
4.8221 -34.9994
8.2579 -34.3416
11.607 -33.3454
14.8355 -32.0221
17.9112 -30.3869
20.8038 -28.4577
23.4854 -26.2559
25.9304 -23.805
28.1164 -21.1311
30.0236 -18.2622
31.6357 -15.2278
32.9392 -12.0587
33.9241 -8.78642
34.5838 -5.44302
34.9146 -2.06072
34.9161 1.32841
34.591 4.69277
33.9449 8.00151
32.9862 11.2247
31.7258 14.3338
30.1772 17.3013
28.3561 20.1017
26.2805 22.7109
23.9699 25.1069
21.4461 27.2694
18.7318 29.1805
15.8517 30.8242
12.8312 32.1869
9.69699 33.2574
6.47638 34.0265
3.19746 34.4877
-0.111267 34.6368
-3.421 34.4723
-6.70286 33.9949
-9.92802 33.2079
-13.068 32.1172
-16.0946 30.7313
-18.9806 29.0608
-21.6995 27.1193
-24.2257 24.9225
-26.5354 22.4886
-28.606 19.8381
-30.4166 16.9936
-31.9487 13.98
-33.1857 10.824
-34.1136 7.55401
-34.721 4.20004
-34.9994 0.793416
-34.9435 -2.6335
-34.5511 -6.04764
-33.8233 -9.41551
-32.7647 -12.7036
-31.3834 -15.8786
-29.6909 -18.9081
-27.7022 -21.7606
-25.4358 -24.4064
-22.9132 -26.8174
-20.159 -28.9679
-17.2005 -30.8349
-14.0674 -32.3984
-10.7917 -33.6416
-7.40691 -34.5512
-3.94788 -35.1176
-0.450311 -35.3351
3.04973 -35.2017
6.51624 -34.7196
9.91376 -33.8945
13.2078 -32.7363
16.3652 -31.2579
19.3548 -29.4761
22.1472 -27.4104
24.7158 -25.0833
27.0364 -22.5196
29.088 -19.7465
30.8523 -16.7926
32.3145 -13.6882
33.4628 -10.4644
34.2889 -7.15314
34.7875 -3.78653
34.9566 -0.396771
34.7974 2.98426
34.314 6.3253
33.5132 9.59591
32.4049 12.7668
31.0011 15.8099
29.3166 18.6987
27.3681 21.4083
25.1744 23.9156
22.7561 26.1995
20.1356 28.2408
17.3366 30.0225
14.384 31.5299
11.304 32.7504
8.12364 33.6738
4.8706 34.2923
1.57321 34.6005
-1.73985 34.5956
-5.03971 34.2769
-8.29748 33.6467
-11.4844 32.7094
-14.5723 31.4722
-17.5333 29.9447
-20.3404 28.139
-22.9677 26.0697
-25.3904 23.7538
-27.5852 21.2105
-29.5303 18.4616
-31.2061 15.5307
-32.5949 12.4436
-33.6813 9.22783
-34.4527 5.91275
-34.8991 2.529
-35.0136 -0.891563
-34.7922 -4.31619
-34.2345 -7.71156
-33.3432 -11.0441
-32.1248 -14.2804
-30.5889 -17.3876
-28.7489 -20.3337
-26.6214 -23.0879
-24.2265 -25.6214
-21.5871 -27.9072
-18.7293 -29.9209
-15.6816 -31.641
-12.4748 -33.0489
-9.14169 -34.1296
-5.71651 -34.8716
-2.23456 -35.2672
1.26825 -35.3125
4.75584 -35.0077
8.19243 -34.3566
11.543 -33.3669
14.7737 -32.0501
17.8523 -30.421
20.7484 -28.4978
23.4341 -26.3014
25.8838 -23.8555
28.075 -21.1861
29.9879 -18.3211
31.6059 -15.2901
32.9157 -12.1236
33.9072 -8.85321
34.5735 -5.51106
34.9111 -2.1293
34.9193 1.25999
34.6009 4.62521
33.9613 7.93548
33.0088 11.1609
31.7544 14.2727
30.2114 17.2436
28.3955 20.0478
26.3246 22.6614
24.0183 25.0621
21.4982 27.2297
18.7872 29.1462
15.9097 30.7955
12.8912 32.1641
9.75846 33.2404
6.53875 34.0155
3.26015 34.4827
-0.0488177 34.6378
-3.35934 34.4792
-6.64251 34.0075
-9.86949 33.226
-13.0117 32.1407
-16.0411 30.7597
-18.9303 29.0941
-21.6527 27.157
-24.1829 24.9643
-26.4969 22.5341
-28.572 19.8869
-30.3875 17.0454
-31.9246 14.0343
-33.1669 10.8803
-34.1002 7.61187
-34.7131 4.25901
-34.9973 0.853023
-34.9471 -2.57376
-34.5605 -5.98827
-33.8384 -9.35702
-32.7855 -12.6465
-31.4098 -15.8234
-29.7228 -18.8554
-27.7395 -21.7109
-25.4781 -24.3602
-22.9602 -26.7752
-20.2104 -28.9302
-17.2559 -30.8022
-14.1264 -32.3711
-10.8538 -33.62
-7.47148 -34.5358
-4.01433 -35.1086
-0.517999 -35.3327
2.98148 -35.2062
6.44814 -34.7309
9.84653 -33.9128
13.1422 -32.7614
16.302 -31.2898
19.2945 -29.5144
22.0907 -27.4549
24.6637 -25.1335
26.9894 -22.5751
29.0465 -19.8067
30.8169 -16.8569
32.2856 -13.7559
33.4407 -10.5349
34.2738 -7.22554
34.7797 -3.86013
34.9561 -0.470789
34.8042 2.91061
34.3279 6.25278
33.5342 9.52528
32.4325 12.6988
31.0351 15.7451
29.3566 18.6378
27.4135 21.3519
25.2248 23.8642
22.8109 26.1536
20.1941 28.2007
17.3982 29.9886
14.4481 31.5023
11.3699 32.7292
8.19055 33.6592
4.93791 34.2843
1.64028 34.599
-1.67366 34.6004
-4.97501 34.2879
-8.23483 33.6636
-11.4244 32.732
-14.5153 31.5001
-17.4799 29.9776
-20.2909 28.1764
-22.9225 26.1112
-25.3498 23.7989
-27.5494 21.2588
-29.4997 18.5125
-31.1807 15.5838
-32.5748 12.4983
-33.6667 9.28383
-34.4435 5.96948
-34.8954 2.586
-35.0153 -0.834763
-34.7993 -4.26004
-34.2469 -7.65651
-33.3608 -10.9906
-32.1474 -14.2289
-30.6164 -17.3385
-28.781 -20.2873
-26.658 -23.0447
-24.2672 -25.5817
-21.6317 -27.8715
-18.7775 -29.8895
-15.733 -31.6142
-12.529 -33.0271
-9.19834 -34.1131
-5.77508 -34.8606
-2.29454 -35.262
1.20739 -35.3133
4.69468 -35.0146
8.13156 -34.3696
11.483 -33.3861
14.7153 -32.0755
17.7961 -30.4525
20.695 -28.535
23.3842 -26.3442
25.838 -23.9036
28.0337 -21.239
29.9518 -18.3784
31.5754 -15.3511
32.8913 -12.1878
33.8891 -8.92004
34.5621 -5.57974
34.9065 -2.19912
34.9217 1.18977
34.6102 4.55535
33.9774 7.86673
33.0316 11.094
31.7837 14.2083
30.2468 17.1825
28.4367 19.9906
26.371 22.6086
24.0695 25.0142
21.5535 27.1873
18.846 29.1095
15.9714 30.765
12.9551 32.1399
9.82384 33.2227
6.60491 34.0043
3.32641 34.478
0.0168616 34.6395
-3.29489 34.4871
-6.57991 34.0214
-9.80932 33.2457
-12.9545 32.1657
-15.9874 30.7897
-18.8804 29.1286
-21.607 27.1956
-24.1418 25.0064
-26.4605 22.5793
-28.5406 19.9346
-30.3612 17.0951
-31.9036 14.0856
-33.1511 10.9326
-34.0896 7.66471
-34.7077 4.31194
-34.9969 0.905589
-34.9517 -2.52197
-34.5699 -5.93764
-33.8525 -9.30792
-32.8041 -12.5992
-31.4326 -15.7784
-29.7497 -18.8128
-27.7702 -21.6712
-25.5125 -24.3235
-22.9981 -26.7418
-20.2515 -28.9005
-17.2999 -30.7764
-14.173 -32.3494
-10.9027 -33.6028
-7.52247 -34.5232
-4.06699 -35.1009
-0.57193 -35.3301
2.92671 -35.2089
6.39299 -34.7391
9.7915 -33.9266
13.0878 -32.7809
16.2488 -31.315
19.2432 -29.5453
22.0418 -27.4913
24.6178 -25.1754
26.9471 -22.6222
29.0084 -19.8586
30.7836 -16.9133
32.2576 -13.8164
33.4185 -10.5988
34.2579 -7.29231
34.7703 -3.9291
34.9536 -0.541247
34.8087 2.83941
34.3396 6.18163
33.553 9.45497
32.4584 12.6301
31.0679 15.6789
29.3959 18.5748
27.4591 21.2928
25.2761 23.8097
22.8675 26.1042
20.2553 28.1571
17.4633 29.9512
14.5164 31.4715
11.4407 32.7054
8.26303 33.6425
5.01127 34.2747
1.71371 34.5967
-1.60096 34.6052
-4.90379 34.2997
-8.16585 33.6821
-11.3583 32.7569
-14.4528 31.5309
-17.4215 30.0138
-20.2372 28.2176
-22.8738 26.1567
-25.3065 23.848
-27.5118 21.311
-29.4679 18.5671
-31.1549 15.6402
-32.555 12.5559
-33.6529 9.34185
-34.4356 6.02741
-34.8932 2.64327
-35.0185 -0.778656
-34.8078 -4.20556
-34.2603 -7.60408
-33.3789 -10.9406
-32.1698 -14.1816
-30.6428 -17.2942
-28.8112 -20.2463
-26.6915 -23.0072
-24.3038 -25.5479
-21.671 -27.8415
-18.8192 -29.8635
-15.7769 -31.5923
-12.5749 -33.0094
-9.24576 -34.0997
-5.82383 -34.8517
-2.34431 -35.2577
1.15691 -35.3138
4.64383 -35.0199
8.08071 -34.3799
11.4326 -33.4015
14.6657 -32.096
17.7477 -30.4782
20.6485 -28.566
23.3399 -26.3803
25.7966 -23.9447
27.9957 -21.285
29.9177 -18.429
31.5459 -15.406
32.8667 -12.2466
33.8701 -8.98221
34.5491 -5.64479
34.8998 -2.26644
34.9217 1.12086
34.6172 4.48558
33.9915 7.79686
33.0529 11.0248
31.812 14.1407
30.2822 17.1172
28.4788 19.9284
26.4195 22.5503
24.124 24.9606
21.6134 27.139
18.9107 29.0672
16.0401 30.7291
13.0272 32.1109
9.89844 33.2009
6.68116 33.99
3.40343 34.4714
0.0937679 34.6405
-3.21899 34.4956
-6.50586 34.0373
-9.73795 33.2686
-12.8866 32.1952
-15.9236 30.8253
-18.8214 29.1697
-21.5534 27.2415
-24.094 25.0565
-26.4188 22.6328
-28.5052 19.9907
-30.3324 17.1531
-31.8812 14.1445
-33.1351 10.9918
-34.0799 7.72352
-34.7041 4.36964
-34.999 0.961575
-34.9591 -2.46824
-34.5821 -5.88662
-33.8691 -9.26
-32.8246 -12.5547
-31.4566 -15.7375
-29.7766 -18.7757
-27.7996 -21.6379
-25.5439 -24.2941
-23.0312 -26.7162
-20.2859 -28.8787
-17.3354 -30.7582
-14.2093 -32.3349
-10.9396 -33.5918
-7.55978 -34.5156
-4.1046 -35.0967
-0.609716 -35.3293
2.88886 -35.2115
6.3552 -34.7452
9.7539 -33.9362
13.0506 -32.794
16.2121 -31.3318
19.2073 -29.566
22.007 -27.516
24.5845 -25.2041
26.9156 -22.655
28.9793 -19.8955
30.7572 -16.9543
32.2345 -13.8612
33.3992 -10.6474
34.2429 -7.34441
34.7602 -3.98433
34.9488 -0.599157
34.8097 2.77935
34.3467 6.12001
33.5666 9.39248
32.4788 12.5675
31.0952 15.6169
29.4301 18.5143
27.5001 21.2346
25.3237 23.7547
22.9214 26.0532
20.3151 28.1109
17.5285 29.9105
14.5863 31.437
11.5145 32.6777
8.34 33.6221
5.0905 34.2621
1.79426 34.592
-1.52005 34.6086
-4.82351 34.3112
-8.08719 33.7015
-11.2823 32.7839
-14.3803 31.5653
-17.3533 30.055
-20.1741 28.2649
-22.8166 26.2095
-25.2557 23.9055
-27.4678 21.3723
-29.4311 18.6313
-31.1255 15.7062
-32.533 12.6229
-33.6382 9.40896
-34.4281 6.09367
-34.8925 2.70786
-35.0243 -0.716495
-34.8194 -4.14651
-34.2772 -7.5487
-33.4005 -10.8893
-32.1953 -14.1349
-30.6716 -17.2522
-28.8426 -20.2091
-26.7249 -22.9749
-24.3386 -25.5203
-21.7067 -27.8185
-18.8553 -29.8448
-15.813 -31.5778
-12.6106 -32.9987
-9.28099 -34.0926
-5.85839 -34.848
-2.37813 -35.257
1.12386 -35.3159
4.61154 -35.0248
8.04915 -34.3874
11.4017 -33.4117
14.6355 -32.1089
17.7182 -30.4938
20.6198 -28.5844
23.3121 -26.4018
25.7698 -23.9694
27.9703 -21.3131
29.894 -18.4607
31.5242 -15.4414
32.8476 -12.2857
33.8541 -9.02504
34.5366 -5.69123
34.8915 -2.31629
34.9182 1.0679
34.619 4.42992
33.9992 7.73901
33.0669 10.9654
31.8328 14.0804
30.31 17.0568
28.5139 19.8688
26.462 22.4924
24.1737 24.9054
21.6703 27.0874
18.9744 29.0202
16.1101 30.6876
13.1029 32.0757
9.97909 33.173
6.76592 33.9699
3.49133 34.4597
0.183747 34.6377
-3.12805 34.502
-6.41513 34.0529
-9.64863 33.2935
-12.7999 32.2292
-15.8406 30.868
-18.7433 29.2206
-21.4812 27.2999
-24.0285 25.1215
-26.3609 22.7035
-28.4556 20.0661
-30.2914 17.2319
-31.8492 14.2256
-33.1123 11.0739
-34.0661 7.80543
-34.699 4.45016
-35.0023 1.03959
-34.9702 -2.39376
-34.6003 -5.8166
-33.8936 -9.19521
-32.8544 -12.4958
-31.4907 -15.6849
-29.814 -18.7297
-27.8393 -21.5985
-25.5849 -24.2614
-23.0725 -26.6899
-20.3267 -28.8584
-17.375 -30.7436
-14.2472 -32.3253
-10.9753 -33.5866
-7.59293 -34.5142
-4.13506 -35.0984
-0.637459 -35.3336
2.86375 -35.2177
6.33253 -34.7529
9.73342 -33.9451
13.0319 -32.8039
16.195 -31.3425
19.1915 -29.5774
21.9921 -27.5282
24.5702 -25.2173
26.9019 -22.6694
28.9659 -19.9115
30.7444 -16.9722
32.2223 -13.8814
33.3879 -10.6702
34.2329 -7.37013
34.7519 -4.01316
34.9428 -0.631241
34.8066 2.74399
34.3472 6.08148
33.5714 9.35101
32.4884 12.5234
31.1104 15.5708
29.4514 18.4667
27.528 21.1863
25.3586 23.7066
22.9635 26.0062
20.3645 28.066
17.5851 29.8688
14.65 31.3996
11.5848 32.6456
8.41637 33.5963
5.17218 34.2435
1.88035 34.5816
-1.43059 34.607
-4.73184 34.319
-7.99457 33.7192
-11.19 32.8116
-14.2898 31.603
-17.2659 30.1024
-20.0912 28.3217
-22.7395 26.275
-25.1855 23.979
-27.4057 21.4527
-29.3779 18.7174
-31.0819 15.7968
-32.4996 12.7165
-33.6153 9.50405
-34.4156 6.18878
-34.8903 2.80149
-35.032 -0.625792
-34.8363 -4.06009
-34.3024 -7.46778
-33.433 -10.815
-32.2339 -14.0679
-30.715 -17.1932
-28.8894 -20.1586
-26.7737 -22.933
-24.388 -25.4869
-21.7555 -27.7932
-18.9022 -29.8272
-15.857 -31.5671
-12.6509 -32.9941
-9.31685 -34.0931
-5.88939 -34.8524
-2.40404 -35.2644
1.10306 -35.3252
4.59563 -35.035
8.03777 -34.3977
11.3943 -33.4212
14.6314 -32.1171
17.7168 -30.5003
20.6202 -28.5891
23.3136 -26.4046
25.7717 -23.9705
27.9719 -21.3128
29.8948 -18.4594
31.5239 -15.4398
32.8459 -12.2845
33.851 -9.02489
34.5324 -5.69285
34.8864 -2.32036
34.9127 1.06079
34.6137 4.41926
33.995 7.72444
33.0646 10.9467
31.8333 14.0576
30.3143 17.0301
28.5229 19.8385
26.4767 22.4591
24.1949 24.8698
21.6986 27.0505
19.0105 28.983
16.1544 30.6514
13.1555 32.0417
10.04 33.1426
6.83492 33.9445
3.56787 34.4406
0.267107 34.6262
-3.03883 34.4993
-6.32123 34.0602
-9.5514 33.3115
-12.7008 32.2587
-15.7414 30.9094
-18.6457 29.274
-21.3869 27.3652
-23.9393 25.1984
-26.2786 22.7912
-28.3817 20.1637
-30.2274 17.3381
-31.7964 14.339
-33.0717 11.1929
-34.0384 7.92801
-34.6848 4.57445
-35.0015 1.16356
-34.9827 -2.27214
-34.6255 -5.69929
-33.9305 -9.08407
-32.9019 -12.3925
-31.5474 -15.5909
-29.8782 -18.6461
-27.9091 -21.5263
-25.6584 -24.201
-23.1477 -26.6417
-20.4016 -28.822
-17.4478 -30.7185
-14.3161 -32.3107
-11.0387 -33.5814
-7.64966 -34.517
-4.18415 -35.1077
-0.67826 -35.3477
2.83154 -35.235
6.3089 -34.7717
9.71802 -33.9638
13.0241 -32.8211
16.194 -31.3569
19.1961 -29.588
22.0011 -27.5343
24.5824 -25.2184
26.9158 -22.6654
28.9804 -19.9025
30.7582 -16.9586
32.2343 -13.8639
33.3974 -10.6496
34.2391 -7.34743
34.7545 -3.98948
34.9417 -0.607748
34.8019 2.76613
34.3394 6.10116
33.561 9.36722
32.4764 12.5353
31.0977 15.5777
29.4393 18.4682
27.5178 21.1823
25.3516 23.697
22.9611 25.9915
20.368 28.0469
17.5957 29.8461
14.6686 31.3745
11.6123 32.6194
8.4534 33.5706
5.21903 34.22
1.93704 34.5619
-1.36436 34.593
-4.6567 34.3124
-7.91144 33.7217
-11.1001 32.8249
-14.1947 31.6283
-17.1674 30.141
-19.9913 28.3742
-22.6402 26.342
-25.0893 24.0606
-27.3148 21.5486
-29.2946 18.827
-31.0084 15.9191
-32.4379 12.85
-33.5672 9.64698
-34.3827 6.33905
-34.8737 2.95673
-35.0323 -0.468145
-34.8539 -3.90271
-34.3372 -7.3134
-33.4842 -10.6663
-32.3005 -13.9274
-30.7954 -17.0634
-28.9817 -20.0414
-26.8756 -22.83
-24.4969 -25.3995
-21.8687 -27.7222
-19.0169 -29.7728
-15.9704 -31.529
-12.7602 -32.9716
-9.41963 -34.085
-5.9834 -34.8572
-2.48742 -35.2799
1.03175 -35.3492
4.53736 -35.065
7.99302 -34.4311
11.3631 -33.4555
14.6132 -32.1498
17.7106 -30.5291
20.6247 -28.6119
23.3271 -26.4198
25.7923 -23.9768
27.9975 -21.3093
29.9232 -18.4457
31.5529 -15.4158
32.8734 -12.2507
33.875 -8.98222
34.5512 -5.64246
34.8987 -2.26374
34.9174 1.12192
34.6102 4.48302
33.983 7.7889
33.0442 11.0099
31.8052 14.1177
30.2793 17.0853
28.4823 19.8874
26.4319 22.5004
24.1478 24.9026
21.6511 27.0743
18.9646 28.9977
16.1121 30.6572
13.1189 32.0393
10.0108 33.1329
6.81485 33.9291
3.55834 34.4212
0.269185 34.6048
-3.02443 34.4781
-6.29421 34.0415
-9.5119 33.2979
-12.6494 32.2525
-15.6792 30.9131
-18.5741 29.2898
-21.3078 27.3951
-23.8551 25.244
-26.1918 22.8537
-28.2951 20.2439
-30.1441 17.4364
-31.7194 14.4551
-33.0041 11.326
-33.9832 8.07687
-34.6446 4.73713
-34.9789 1.3377
-34.9796 -2.08935
-34.6434 -5.51102
-33.9704 -8.89376
-32.9641 -12.2038
-31.6315 -15.4074
-29.9833 -18.4715
-28.0336 -21.3639
-25.8 -24.0539
-23.3037 -26.5125
-20.5688 -28.713
-17.6225 -30.6311
-14.4946 -32.2458
-11.2172 -33.5391
-7.82417 -34.4968
-4.35106 -35.1083
-0.834202 -35.3672
2.6895 -35.2709
6.18315 -34.8211
9.61037 -34.0234
12.9357 -32.8872
16.1253 -31.426
19.1468 -29.6564
21.9703 -27.5985
24.5686 -25.2753
26.917 -22.7121
28.994 -19.9368
30.7813 -16.9786
32.2639 -13.8685
33.4302 -10.6382
34.2719 -7.32019
34.7843 -3.94704
34.9656 -0.551335
34.8175 2.83479
34.3445 6.17992
33.554 9.45361
32.4563 12.6266
31.0639 15.6711
29.3918 18.5609
27.4572 21.2714
25.2791 23.7801
22.8781 26.0662
20.2766 28.1112
17.4982 29.8985
14.5675 31.4139
11.5105 32.6454
8.35362 33.583
5.12411 34.2195
1.84966 34.5495
-1.44174 34.5704
-4.72193 34.2816
-7.96277 33.6852
-11.1363 32.7854
-14.2149 31.5889
-17.1715 30.1049
-19.9797 28.3447
-22.614 26.3223
-25.05 24.0537
-27.2647 21.5572
-29.2364 18.8536
-30.9453 15.9653
-32.3735 12.9173
-33.5052 9.736
-34.3271 6.44972
-34.8284 3.08828
-35.0013 -0.317231
-34.8408 -3.73466
-34.3451 -7.13111
-33.5159 -10.4732
-32.358 -13.7277
-30.88 -16.8612
-29.0939 -19.8415
-27.0151 -22.6371
-24.6626 -25.2182
-22.0585 -27.5568
-19.228 -29.6274
-16.1992 -31.4071
-13.0026 -32.8759
-9.67104 -34.0175
-6.23891 -34.8189
-2.74201 -35.2712
0.78306 -35.3693
4.29934 -35.1122
7.77003 -34.503
11.1589 -33.5489
14.4311 -32.2609
17.5529 -30.6536
20.4928 -28.7452
23.2218 -26.557
25.7133 -24.1132
27.9438 -21.4404
29.8928 -18.5672
31.5431 -15.5241
32.8812 -12.3425
33.8967 -9.05506
34.5827 -5.69464
34.9359 -2.29431
34.9561 1.11311
34.6463 4.49535
34.0126 7.82102
33.0639 11.0598
31.8119 14.1828
30.2707 17.1627
28.4566 19.9736
26.388 22.5919
24.0852 24.9957
21.5701 27.1653
18.8661 29.0831
15.9978 30.7337
12.9907 32.1042
9.87157 33.1837
6.66744 33.9639
3.40608 34.4387
0.115551 34.6046
-3.17591 34.4601
-6.44008 34.0065
-9.64885 33.2472
-12.7745 32.1881
-15.7898 30.8375
-18.6681 29.206
-21.3838 27.3066
-23.9121 25.1543
-26.2297 22.7668
-28.3146 20.1635
-30.1464 17.3662
-31.7065 14.3986
-32.9786 11.2862
-33.9485 8.05646
-34.6043 4.73807
-34.9372 1.36125
-34.9409 -2.0427
-34.6121 -5.44161
-33.951 -8.80277
-32.9607 -12.0932
-31.6481 -15.2801
-30.023 -18.331
-28.0991 -21.2144
-25.8931 -23.9
-23.4254 -26.3592
-20.7191 -28.5654
-17.8004 -30.4944
-14.6982 -32.1248
-11.4437 -33.4384
-8.06998 -34.4203
-4.61183 -35.0593
-1.10508 -35.348
2.41376 -35.283
5.90799 -34.865
9.34122 -34.0985
12.6778 -32.9921
15.8834 -31.5581
18.9253 -29.8125
21.7729 -27.7746
24.3979 -25.4669
26.775 -22.9143
28.8817 -20.1444
30.6986 -17.1865
32.21 -14.0716
33.4033 -10.8319
34.2695 -7.50009
34.803 -4.10956
35.0018 -0.693523
34.8669 2.71513
34.4026 6.08417
33.6164 9.38232
32.5184 12.5795
31.1215 15.6472
29.441 18.5583
27.4944 21.2877
25.3013 23.8123
22.8831 26.111
20.2626 28.1648
17.4643 29.9571
14.5136 31.4736
11.437 32.7022
8.26174 33.6334
5.01565 34.2601
1.727 34.5774
-1.57576 34.5832
-4.86409 34.2775
-8.10958 33.663
-11.2841 32.7446
-14.3601 31.5298
-17.3106 30.0283
-20.1093 28.2522
-22.7311 26.2159
-25.1522 23.9361
-27.3499 21.4316
-29.3033 18.7234
-30.9932 15.8344
-32.4024 12.7893
-33.5159 9.61474
-34.3211 6.3388
-34.8079 2.99099
-34.9691 -0.398021
-34.8003 -3.79665
-34.3001 -7.17267
-33.4704 -10.4935
-32.3164 -13.7264
-30.8465 -16.8393
-29.0727 -19.8004
-27.01 -22.5791
-24.6768 -25.1465
-22.0948 -27.4751
-19.2885 -29.5398
-16.285 -31.3182
-13.1141 -32.7906
-9.80763 -33.9404
-6.39906 -34.7548
-2.92335 -35.2244
0.583688 -35.3436
4.08578 -35.1108
7.54667 -34.5284
10.9306 -33.6026
14.2027 -32.3436
17.3295 -30.765
20.2794 -28.8842
23.0229 -26.7216
25.533 -24.3005
27.7856 -21.6469
29.7596 -18.7889
31.4369 -15.7564
32.8031 -12.5809
33.8471 -9.29464
34.561 -5.93075
34.9408 -2.52249
34.9855 0.896945
34.6974 4.29482
34.0822 7.63915
33.1484 10.899
31.9072 14.0446
30.3727 17.048
28.5611 19.8827
26.491 22.5242
24.1829 24.9499
21.659 27.1395
18.9432 29.075
16.0606 30.7405
13.0373 32.1226
9.90054 33.2105
6.67817 33.9954
3.39853 34.4715
0.0903218 34.6351
-3.21765 34.4853
-6.49659 34.0234
-9.71797 33.2534
-12.8536 32.1816
-15.8761 30.8168
-18.7585 29.1702
-21.4751 27.2553
-24.0013 25.088
-26.3137 22.6861
-28.3906 20.0701
-30.212 17.2619
-31.7598 14.2859
-33.018 11.1678
-33.9731 7.93523
-34.6139 4.61719
-34.9319 1.24386
-34.9217 -2.15355
-34.5806 -5.5431
-33.9091 -8.8924
-32.9111 -12.1689
-31.5936 -15.3403
-29.9669 -18.3749
-28.0448 -21.2416
-25.8441 -23.9109
-23.3849 -26.3549
-20.6902 -28.5476
-17.7859 -30.4654
-14.7004 -32.0876
-11.4641 -33.3962
-8.10978 -34.3767
-4.67126 -35.0181
-1.18372 -35.313
2.31706 -35.2579
5.79509 -34.8531
9.21459 -34.1029
12.5405 -33.0153
15.7389 -31.602
18.7773 -29.8784
21.6254 -27.8631
24.2549 -25.5776
26.6403 -23.0464
28.759 -20.2962
30.5912 -17.3558
32.1206 -14.2556
33.3342 -11.0273
34.2223 -7.70341
34.7787 -4.31704
35.0005 -0.901337
34.8883 2.51075
34.4457 5.88682
33.6795 9.19532
32.5994 12.4058
31.2177 15.4892
29.5495 18.4181
