-1.06957e+08 -1.06454e+07
-1.05394e+08 -2.11874e+07
-1.02805e+08 -3.1524e+07
-9.92179e+07 -4.1555e+07
-9.46667e+07 -5.11835e+07
-8.9197e+07 -6.03169e+07
-8.28627e+07 -6.88674e+07
-7.57263e+07 -7.67536e+07
-6.78578e+07 -8.39006e+07
-5.93342e+07 -9.02411e+07
-5.02386e+07 -9.57159e+07
-4.06592e+07 -1.00275e+08
-3.06885e+07 -1.03875e+08
-2.04224e+07 -1.06487e+08
-9.95909e+06 -1.08085e+08
601804 -1.08659e+08
1.11602e+07 -1.08205e+08
2.16167e+07 -1.0673e+08
3.1873e+07 -1.0425e+08
4.18334e+07 -1.00791e+08
5.14053e+07 -9.63869e+07
6.05001e+07 -9.10812e+07
6.90339e+07 -8.4925e+07
7.69284e+07 -7.79772e+07
8.41112e+07 -7.03036e+07
9.05167e+07 -6.19766e+07
9.60864e+07 -5.3074e+07
1.0077e+08 -4.36789e+07
1.04524e+08 -3.38786e+07
1.07315e+08 -2.3764e+07
1.09118e+08 -1.34287e+07
1.09915e+08 -2.9683e+06
1.097e+08 7.52053e+06
1.08474e+08 1.79407e+07
1.06247e+08 2.81957e+07
1.03039e+08 3.81903e+07
9.88798e+07 4.78315e+07
9.3806e+07 5.70291e+07
8.78635e+07 6.56968e+07
8.11064e+07 7.37528e+07
7.35963e+07 8.11206e+07
6.54021e+07 8.77298e+07
5.65993e+07 9.35167e+07
4.72693e+07 9.84247e+07
3.74991e+07 1.02405e+08
2.738e+07 1.05419e+08
1.70073e+07 1.07434e+08
6.4791e+06 1.08429e+08
-4.1045e+06 1.08392e+08
-1.46423e+07 1.07321e+08
-2.5033e+07 1.05223e+08
-3.51764e+07 1.02116e+08
-4.4974e+07 9.80273e+07
-5.43304e+07 9.29951e+07
-6.3154e+07 8.70659e+07
-7.13584e+07 8.02955e+07
-7.88626e+07 7.27483e+07
-8.55928e+07 6.44968e+07
-9.14824e+07 5.56204e+07
-9.64732e+07 4.62051e+07
-1.00516e+08 3.63423e+07
-1.03571e+08 2.61281e+07
-1.05607e+08 1.56621e+07
-1.06606e+08 5.0464e+06
-1.06558e+08 -5.61557e+06
-1.05464e+08 -1.62199e+07
-1.03336e+08 -2.66636e+07
-1.00196e+08 -3.68454e+07
-9.60743e+07 -4.66671e+07
-9.10139e+07 -5.60341e+07
-8.5065e+07 -6.4857e+07
-7.82865e+07 -7.3052e+07
-7.07454e+07 -8.05417e+07
-6.25158e+07 -8.72561e+07
-5.36779e+07 -9.31331e+07
-4.43174e+07 -9.81189e+07
-3.45245e+07 -1.02168e+08
-2.4393e+07 -1.05246e+08
-1.40195e+07 -1.07326e+08
-3.50209e+06 -1.0839e+08
7.06025e+06 -1.08432e+08
1.75687e+07 -1.07455e+08
2.79254e+07 -1.05469e+08
3.80344e+07 -1.02496e+08
4.78028e+07 -9.8565e+07
5.71407e+07 -9.37156e+07
6.59629e+07 -8.7994e+07
7.4189e+07 -8.14544e+07
8.17443e+07 -7.41583e+07
8.85603e+07 -6.6174e+07
9.45753e+07 -5.75753e+07
9.97348e+07 -4.84418e+07
1.03992e+08 -3.88575e+07
1.07308e+08 -2.89105e+07
1.09653e+08 -1.86921e+07
1.11006e+08 -8.29588e+06
1.11352e+08 2.1827e+06
1.10688e+08 1.26474e+07
1.0902e+08 2.30018e+07
1.06362e+08 3.31503e+07
1.02735e+08 4.29988e+07
9.81738e+07 5.24555e+07
9.27171e+07 6.14319e+07
8.64142e+07 6.98434e+07
7.9322e+07 7.76099e+07
7.15049e+07 8.46572e+07
6.30344e+07 9.09171e+07
5.39886e+07 9.63284e+07
4.44514e+07 1.00837e+08
3.45119e+07 1.04398e+08
2.42635e+07 1.06975e+08
1.38034e+07 1.08539e+08
3.23124e+06 1.09074e+08
-7.35158e+06 1.08569e+08
-1.78429e+07 1.07029e+08
-2.81407e+07 1.04464e+08
-3.81447e+07 1.00896e+08
-4.77565e+07 9.63588e+07
-5.68815e+07 9.08935e+07
-6.54294e+07 8.45518e+07
-7.33153e+07 7.73944e+07
-8.04608e+07 6.94901e+07
-8.67946e+07 6.09158e+07
-9.22537e+07 5.17549e+07
-9.67837e+07 4.20974e+07
-1.00339e+08 3.2038e+07
-1.02886e+08 2.16758e+07
-1.04399e+08 1.11126e+07
-1.04863e+08 452313
-1.04275e+08 -1.02003e+07
-1.02642e+08 -2.07409e+07
-9.99819e+07 -3.10666e+07
-9.63215e+07 -4.10771e+07
-9.16988e+07 -5.06757e+07
-8.61608e+07 -5.977e+07
-7.97631e+07 -6.82735e+07
-7.25698e+07 -7.61056e+07
-6.46522e+07 -8.31931e+07
-5.6088e+07 -8.94702e+07
-4.69611e+07 -9.48797e+07
-3.73598e+07 -9.93728e+07
-2.73765e+07 -1.0291e+08
-1.71065e+07 -1.05461e+08
-6.64717e+06 -1.07005e+08
3.90298e+06 -1.07531e+08
1.44454e+07 -1.07036e+08
2.4882e+07 -1.05529e+08
3.51166e+07 -1.03027e+08
4.50553e+07 -9.95553e+07
5.46072e+07 -9.51482e+07
6.36857e+07 -8.98485e+07
7.22084e+07 -8.37068e+07
8.00987e+07 -7.67807e+07
8.72854e+07 -6.91348e+07
9.37042e+07 -6.08398e+07
9.92972e+07 -5.19718e+07
1.04014e+08 -4.26122e+07
1.07813e+08 -3.28462e+07
1.10659e+08 -2.27629e+07
1.12526e+08 -1.2454e+07
1.13397e+08 -2.0133e+06
1.13263e+08 8.46398e+06
1.12125e+08 1.88822e+07
1.0999e+08 2.91458e+07
1.06878e+08 3.91604e+07
1.02815e+08 4.88334e+07
9.78368e+07 5.80748e+07
9.19866e+07 6.6798e+07
8.5317e+07 7.49208e+07
7.78876e+07 8.23656e+07
6.97657e+07 8.90609e+07
6.10255e+07 9.49414e+07
5.17472e+07 9.9949e+07
4.20171e+07 1.04033e+08
3.19259e+07 1.07153e+08
2.15689e+07 1.09274e+08
1.10443e+07 1.10373e+08
452798 1.10436e+08
-1.01034e+07 1.09459e+08
-2.05219e+07 1.07448e+08
-3.07009e+07 1.04419e+08
-4.05404e+07 1.004e+08
-4.99431e+07 9.54267e+07
-5.88155e+07 8.95454e+07
-6.70692e+07 8.28123e+07
-7.46217e+07 7.5292e+07
-8.1397e+07 6.70575e+07
-8.73271e+07 5.81893e+07
-9.23526e+07 4.87746e+07
-9.64229e+07 3.89063e+07
-9.94975e+07 2.86819e+07
-1.01546e+08 1.82028e+07
-1.02548e+08 7.57261e+06
-1.02495e+08 -3.10344e+06
-1.01389e+08 -1.372e+07
-9.92416e+07 -2.41726e+07
-9.60757e+07 -3.43588e+07
-9.19246e+07 -4.41795e+07
-8.68311e+07 -5.35395e+07
-8.08471e+07 -6.23489e+07
-7.40331e+07 -7.05238e+07
-6.64575e+07 -7.79872e+07
-5.81955e+07 -8.46694e+07
-4.93287e+07 -9.0509e+07
-3.99436e+07 -9.54531e+07
-3.01312e+07 -9.94579e+07
-1.9986e+07 -1.02489e+08
-9.60459e+06 -1.04521e+08
914771 -1.05538e+08
1.14734e+07 -1.05535e+08
2.19728e+07 -1.04515e+08
3.2316e+07 -1.02491e+08
4.2408e+07 -9.94841e+07
5.21565e+07 -9.55255e+07
6.14732e+07 -9.0654e+07
7.0274e+07 -8.49164e+07
7.84796e+07 -7.83671e+07
8.60166e+07 -7.10673e+07
9.28177e+07 -6.30846e+07
9.88222e+07 -5.44925e+07
1.03977e+08 -4.53695e+07
1.08235e+08 -3.57986e+07
1.11559e+08 -2.58668e+07
1.13918e+08 -1.56641e+07
1.15292e+08 -5.28277e+06
1.15667e+08 5.18299e+06
1.15039e+08 1.56382e+07
1.13412e+08 2.59878e+07
1.108e+08 3.61371e+07
1.07225e+08 4.59931e+07
1.02718e+08 5.54647e+07
9.73168e+07 6.44639e+07
9.10703e+07 7.29065e+07
8.40336e+07 8.07127e+07
7.62696e+07 8.78079e+07
6.78485e+07 9.41235e+07
5.8847e+07 9.95978e+07
4.9348e+07 1.04176e+08
3.94393e+07 1.07812e+08
2.92137e+07 1.10467e+08
1.87677e+07 1.12114e+08
8.20056e+06 1.12731e+08
-2.38639e+06 1.12309e+08
-1.28908e+07 1.1085e+08
-2.32104e+07 1.08363e+08
-3.32441e+07 1.04869e+08
-4.28927e+07 1.004e+08
-5.20606e+07 9.4996e+07
-6.06561e+07 8.87085e+07
-6.85931e+07 8.15972e+07
-7.57918e+07 7.37309e+07
-8.21795e+07 6.51861e+07
-8.76917e+07 5.60466e+07
-9.22728e+07 4.64028e+07
-9.58767e+07 3.635e+07
-9.8467e+07 2.59881e+07
-1.00018e+08 1.542e+07
-1.00516e+08 4.75069e+06
-9.99549e+07 -5.9139e+06
-9.83429e+07 -1.64683e+07
-9.56971e+07 -2.68084e+07
-9.20456e+07 -3.68327e+07
-8.74263e+07 -4.64436e+07
-8.18869e+07 -5.55479e+07
-7.54839e+07 -6.40582e+07
-6.82822e+07 -7.18936e+07
-6.03539e+07 -7.89804e+07
-5.17779e+07 -8.52529e+07
-4.26387e+07 -9.06536e+07
-3.30257e+07 -9.51342e+07
-2.3032e+07 -9.86555e+07
-1.27536e+07 -1.01188e+08
-2.28828e+06 -1.02711e+08
8.26501e+06 -1.03214e+08
1.88075e+07 -1.02696e+08
2.92411e+07 -1.01166e+08
3.94697e+07 -9.86412e+07
4.93997e+07 -9.51482e+07
5.89406e+07 -9.07221e+07
6.80063e+07 -8.5406e+07
7.65152e+07 -7.92507e+07
8.4391e+07 -7.23145e+07
9.15637e+07 -6.46617e+07
9.79693e+07 -5.63632e+07
1.03551e+08 -4.74949e+07
1.08259e+08 -3.81378e+07
1.12052e+08 -2.83767e+07
1.14896e+08 -1.83e+07
1.16765e+08 -7.99891e+06
1.17642e+08 2.43362e+06
1.17518e+08 1.29032e+07
1.16395e+08 2.3315e+07
1.14279e+08 3.35744e+07
1.11191e+08 4.35878e+07
1.07154e+08 5.32632e+07
1.02205e+08 6.25116e+07
9.63872e+07 7.12467e+07
8.97508e+07 7.93869e+07
8.23551e+07 8.68549e+07
7.42664e+07 9.35792e+07
6.55578e+07 9.94947e+07
5.63087e+07 1.04543e+08
4.66042e+07 1.08673e+08
3.65344e+07 1.11844e+08
2.61935e+07 1.1402e+08
1.56792e+07 1.15177e+08
5.09172e+06 1.15301e+08
-5.46729e+06 1.14386e+08
-1.58955e+07 1.12437e+08
-2.60912e+07 1.0947e+08
-3.59541e+07 1.05511e+08
-4.53866e+07 1.00594e+08
-5.42947e+07 9.47651e+07
-6.25892e+07 8.808e+07
-7.01868e+07 8.06021e+07
-7.70106e+07 7.24041e+07
-8.29917e+07 6.3566e+07
-8.80693e+07 5.41748e+07
-9.21921e+07 4.43233e+07
-9.53184e+07 3.41092e+07
-9.74168e+07 2.36343e+07
-9.84666e+07 1.30027e+07
-9.84578e+07 2.32016e+06
-9.73915e+07 -8.3071e+06
-9.52795e+07 -1.87739e+07
-9.21445e+07 -2.89769e+07
-8.80194e+07 -3.88161e+07
-8.29469e+07 -4.81956e+07
-7.69792e+07 -5.70245e+07
-7.01772e+07 -6.52183e+07
-6.26095e+07 -7.26992e+07
-5.43519e+07 -7.93971e+07
-4.54866e+07 -8.52502e+07
-3.61006e+07 -9.02053e+07
-2.62857e+07 -9.42184e+07
-1.61369e+07 -9.72549e+07
-5.7513e+06 -9.92898e+07
4.7722e+06 -1.00308e+08
1.53345e+07 -1.00303e+08
2.58368e+07 -9.92795e+07
3.61817e+07 -9.72504e+07
4.62741e+07 -9.42379e+07
5.60219e+07 -9.0273e+07
6.53364e+07 -8.53951e+07
7.41338e+07 -7.96514e+07
8.23351e+07 -7.30967e+07
8.98671e+07 -6.57925e+07
9.66628e+07 -5.78066e+07
1.02662e+08 -4.92126e+07
1.07811e+08 -4.00891e+07
1.12065e+08 -3.05191e+07
1.15387e+08 -2.05893e+07
1.17745e+08 -1.03896e+07
1.19119e+08 -12094
1.19497e+08 1.04496e+07
1.18875e+08 2.09009e+07
1.17256e+08 3.12471e+07
1.14654e+08 4.13941e+07
1.11092e+08 5.12494e+07
1.06599e+08 6.07225e+07
1.01215e+08 6.97258e+07
9.49872e+07 7.81756e+07
8.79702e+07 8.59923e+07
8.02266e+07 9.31017e+07
7.18258e+07 9.94356e+07
6.28441e+07 1.04932e+08
5.33633e+07 1.09537e+08
4.3471e+07 1.13203e+08
3.32592e+07 1.15892e+08
2.28236e+07 1.17575e+08
1.2263e+07 1.18232e+08
1.67833e+06 1.17853e+08
-8.82859e+06 1.16438e+08
-1.91557e+07 1.13995e+08
-2.92021e+07 1.10546e+08
-3.88686e+07 1.06121e+08
-4.80594e+07 1.0076e+08
-5.66827e+07 9.45131e+07
-6.46521e+07 8.74393e+07
-7.18871e+07 7.96068e+07
-7.83145e+07 7.10916e+07
-8.38693e+07 6.19771e+07
-8.84948e+07 5.23533e+07
-9.21443e+07 4.23152e+07
-9.47808e+07 3.19628e+07
-9.63779e+07 2.1399e+07
-9.69199e+07 1.0729e+07
-9.64019e+07 59016.7
-9.48302e+07 -1.05051e+07
-9.22218e+07 -2.08586e+07
-8.86042e+07 -3.08997e+07
-8.40152e+07 -4.05298e+07
-7.85021e+07 -4.96553e+07
-7.21214e+07 -5.81882e+07
-6.49379e+07 -6.60467e+07
-5.70241e+07 -7.31567e+07
-4.84589e+07 -7.94519e+07
-3.93272e+07 -8.48744e+07
-2.97186e+07 -8.93753e+07
-1.97268e+07 -9.29153e+07
-9.44808e+06 -9.54643e+07
1.01918e+06 -9.7002e+07
1.15757e+07 -9.75178e+07
2.21223e+07 -9.70107e+07
3.25606e+07 -9.54893e+07
4.27941e+07 -9.29714e+07
5.27288e+07 -8.94836e+07
6.22742e+07 -8.50613e+07
7.13438e+07 -7.97479e+07
7.98561e+07 -7.35946e+07
8.77349e+07 -6.66596e+07
9.491e+07 -5.90078e+07
1.01318e+08 -5.071e+07
1.06901e+08 -4.18425e+07
1.11611e+08 -3.24864e+07
1.15406e+08 -2.27265e+07
1.18252e+08 -1.26512e+07
1.20123e+08 -2.35173e+06
1.21004e+08 8.07907e+06
1.20885e+08 1.8547e+07
1.19767e+08 2.89573e+07
1.17658e+08 3.92157e+07
1.14577e+08 4.92288e+07
1.1055e+08 5.89051e+07
1.05612e+08 6.81556e+07
9.98054e+07 7.68946e+07
9.31814e+07 8.50406e+07
8.57989e+07 9.25166e+07
7.77236e+07 9.92514e+07
6.90285e+07 1.0518e+08
5.97924e+07 1.10244e+08
5.01e+07 1.14393e+08
4.0041e+07 1.17585e+08
2.9709e+07 1.19785e+08
1.92015e+07 1.20969e+08
8.61796e+06 1.21121e+08
-1.94014e+06 1.20237e+08
-1.23709e+07 1.18321e+08
-2.25729e+07 1.15387e+08
-3.2446e+07 1.11461e+08
-4.18928e+07 1.06577e+08
-5.08192e+07 1.00781e+08
-5.91361e+07 9.41274e+07
-6.67597e+07 8.66789e+07
-7.36132e+07 7.85077e+07
-7.96271e+07 6.96934e+07
-8.47404e+07 6.03225e+07
-8.89009e+07 5.04874e+07
-9.20667e+07 4.02857e+07
-9.42055e+07 2.98188e+07
-9.52962e+07 1.91908e+07
-9.5328e+07 8.50752e+06
-9.43015e+07 -2.12481e+06
-9.2228e+07 -1.26007e+07
-8.91294e+07 -2.28167e+07
-8.50384e+07 -3.26723e+07
-7.99972e+07 -4.20711e+07
-7.40576e+07 -5.0922e+07
-6.72804e+07 -5.91397e+07
-5.9734e+07 -6.66461e+07
-5.14942e+07 -7.33705e+07
-4.26431e+07 -7.92505e+07
-3.32679e+07 -8.42326e+07
-2.34605e+07 -8.82723e+07
-1.33161e+07 -9.13346e+07
-2.93217e+06 -9.33941e+07
7.59219e+06 -9.44353e+07
1.81575e+07 -9.44523e+07
2.86647e+07 -9.34487e+07
3.90161e+07 -9.14376e+07
4.91162e+07 -8.84412e+07
5.88725e+07 -8.44907e+07
6.81962e+07 -7.96253e+07
7.70033e+07 -7.38924e+07
8.52145e+07 -6.73469e+07
9.27565e+07 -6.00504e+07
9.95622e+07 -5.20709e+07
1.05571e+08 -4.34822e+07
1.1073e+08 -3.43629e+07
1.14994e+08 -2.47962e+07
1.18325e+08 -1.4869e+07
1.20693e+08 -4.67112e+06
1.22077e+08 5.70532e+06
1.22464e+08 1.61666e+07
1.21851e+08 2.66181e+07
1.20242e+08 3.69652e+07
1.17651e+08 4.71141e+07
1.14099e+08 5.69721e+07
1.09617e+08 6.64489e+07
1.04244e+08 7.5457e+07
9.8027e+07 8.39129e+07
9.10212e+07 9.17373e+07
8.32887e+07 9.88559e+07
7.48988e+07 1.05201e+08
6.59275e+07 1.1071e+08
5.64565e+07 1.15329e+08
4.65729e+07 1.19012e+08
3.63686e+07 1.21719e+08
2.59388e+07 1.23423e+08
1.53823e+07 1.24102e+08
4.79939e+06 1.23746e+08
-5.70817e+06 1.22355e+08
-1.60387e+07 1.19938e+08
-2.60913e+07 1.16515e+08
-3.57672e+07 1.12116e+08
-4.49706e+07 1.06781e+08
-5.36097e+07 1.0056e+08
-6.15981e+07 9.35108e+07
-6.88552e+07 8.57013e+07
-7.53076e+07 7.72072e+07
-8.08901e+07 6.81114e+07
-8.55457e+07 5.85035e+07
-8.92273e+07 4.84783e+07
-9.18974e+07 3.81354e+07
-9.35293e+07 2.75775e+07
-9.41066e+07 1.69097e+07
-9.36241e+07 6.23813e+06
-9.20876e+07 -4.33124e+06
-8.95134e+07 -1.46938e+07
-8.59287e+07 -2.47472e+07
-8.13707e+07 -3.4393e+07
-7.58865e+07 -4.35372e+07
-6.95322e+07 -5.20912e+07
-6.23724e+07 -5.99732e+07
-5.44791e+07 -6.71084e+07
-4.59313e+07 -7.34301e+07
-3.68138e+07 -7.88801e+07
-2.72163e+07 -8.34091e+07
-1.72322e+07 -8.69772e+07
-6.95822e+06 -8.9554e+07
3.50725e+06 -9.11189e+07
1.40648e+07 -9.16609e+07
2.46148e+07 -9.11788e+07
3.50588e+07 -8.96809e+07
4.52999e+07 -8.71849e+07
5.5244e+07 -8.37172e+07
6.48002e+07 -7.93131e+07
7.38818e+07 -7.4016e+07
8.2407e+07 -6.7877e+07
9.02993e+07 -6.09545e+07
9.74884e+07 -5.33132e+07
1.0391e+08 -4.50243e+07
1.09508e+08 -3.6164e+07
1.14232e+08 -2.68134e+07
1.18041e+08 -1.70577e+07
1.20901e+08 -6.98518e+06
1.22786e+08 3.31284e+06
1.2368e+08 1.37433e+07
1.23574e+08 2.4212e+07
1.22468e+08 3.46242e+07
1.20372e+08 4.48854e+07
1.17303e+08 5.49024e+07
1.13288e+08 6.45834e+07
1.0836e+08 7.38396e+07
1.02565e+08 8.25853e+07
9.59508e+07 9.07389e+07
8.85781e+07 9.82236e+07
8.05121e+07 1.04968e+08
7.18256e+07 1.10908e+08
6.25975e+07 1.15984e+08
5.29121e+07 1.20146e+08
4.28591e+07 1.23352e+08
3.2532e+07 1.25568e+08
2.20279e+07 1.26769e+08
1.14463e+07 1.26939e+08
888342 1.26073e+08
-9.54417e+06 1.24176e+08
-1.97499e+07 1.21261e+08
-2.9629e+07 1.17355e+08
-3.9084e+07 1.12492e+08
-4.80212e+07 1.06716e+08
-5.63511e+07 1.00081e+08
-6.39903e+07 9.26507e+07
-7.08617e+07 8.44967e+07
-7.68958e+07 7.56981e+07
-8.20312e+07 6.6341e+07
-8.6216e+07 5.65177e+07
-8.94075e+07 4.63254e+07
-9.15735e+07 3.58652e+07
-9.26923e+07 2.52411e+07
-9.27529e+07 1.45588e+07
-9.17555e+07 3.92434e+06
-8.9711e+07 -6.55675e+06
-8.66409e+07 -1.6781e+07
-8.25774e+07 -2.66477e+07
-7.75625e+07 -3.60605e+07
-7.16477e+07 -4.49281e+07
-6.48932e+07 -5.31649e+07
-5.73674e+07 -6.06925e+07
-4.91458e+07 -6.74399e+07
-4.03102e+07 -7.33445e+07
-3.09478e+07 -7.83524e+07
-2.11504e+07 -8.24186e+07
-1.10131e+07 -8.55079e+07
-633464 -8.75945e+07
9.8894e+06 -8.86627e+07
2.04559e+07 -8.8706e+07
3.09668e+07 -8.77279e+07
4.13243e+07 -8.57413e+07
5.14327e+07 -8.27681e+07
6.11992e+07 -7.88392e+07
7.0535e+07 -7.39939e+07
7.93556e+07 -6.82793e+07
8.75817e+07 -6.17502e+07
9.51396e+07 -5.44682e+07
1.01962e+08 -4.65013e+07
1.07988e+08 -3.79232e+07
1.13165e+08 -2.88125e+07
1.17447e+08 -1.92526e+07
1.20796e+08 -9.33037e+06
1.23181e+08 864368
1.24583e+08 1.12393e+07
1.24988e+08 2.17007e+07
1.24392e+08 3.21539e+07
1.22799e+08 4.25042e+07
1.20223e+08 5.26576e+07
1.16686e+08 6.25214e+07
1.12219e+08 7.20053e+07
1.0686e+08 8.10218e+07
1.00656e+08 8.94871e+07
9.36617e+07 9.73219e+07
8.59401e+07 1.04452e+08
7.75601e+07 1.10809e+08
6.85975e+07 1.16332e+08
5.91341e+07 1.20966e+08
4.92569e+07 1.24663e+08
3.90575e+07 1.27387e+08
2.86314e+07 1.29107e+08
1.80769e+07 1.29803e+08
7.49437e+06 1.29466e+08
-3.01454e+06 1.28093e+08
-1.33482e+07 1.25694e+08
-2.34059e+07 1.2229e+08
-3.30889e+07 1.1791e+08
-4.23014e+07 1.12594e+08
-5.09517e+07 1.0639e+08
-5.89533e+07 9.93576e+07
-6.62257e+07 9.1564e+07
-7.26953e+07 8.30846e+07
-7.82968e+07 7.4002e+07
-8.29733e+07 6.44055e+07
-8.66771e+07 5.43897e+07
-8.93709e+07 4.40541e+07
-9.10275e+07 3.35011e+07
-9.16304e+07 2.28357e+07
-9.1174e+07 1.21638e+07
-8.96638e+07 1.59145e+06
-8.71157e+07 -8.77683e+06
-8.35567e+07 -1.88388e+07
-7.90237e+07 -2.84958e+07
-7.35633e+07 -3.76538e+07
-6.72315e+07 -4.6224e+07
-6.00923e+07 -5.41246e+07
-5.22178e+07 -6.12804e+07
-4.36866e+07 -6.76246e+07
-3.45833e+07 -7.30986e+07
-2.49974e+07 -7.76528e+07
-1.50224e+07 -8.12471e+07
-4.75471e+06 -8.38507e+07
5.7072e+06 -8.54427e+07
1.62639e+07 -8.60118e+07
2.68158e+07 -8.55565e+07
3.72642e+07 -8.40848e+07
4.75123e+07 -8.16141e+07
5.74657e+07 -7.81706e+07
6.70333e+07 -7.37894e+07
7.61284e+07 -6.85136e+07
8.46687e+07 -6.23942e+07
9.25778e+07 -5.54894e+07
9.9785e+07 -4.7864e+07
1.06226e+08 -3.95888e+07
1.11844e+08 -3.07401e+07
1.16589e+08 -2.13989e+07
1.20419e+08 -1.16505e+07
1.233e+08 -1.58316e+06
1.25207e+08 8.71179e+06
1.26122e+08 1.91413e+07
1.26036e+08 2.96109e+07
1.24951e+08 4.00259e+07
1.22874e+08 5.02918e+07
1.19824e+08 6.03151e+07
1.15827e+08 7.00041e+07
1.10916e+08 7.92698e+07
1.05136e+08 8.80264e+07
9.85369e+07 9.61922e+07
9.11774e+07 1.0369e+08
8.31232e+07 1.10449e+08
7.44471e+07 1.16404e+08
6.52277e+07 1.21497e+08
5.55497e+07 1.25676e+08
4.55023e+07 1.28899e+08
3.51792e+07 1.31133e+08
2.46774e+07 1.32352e+08
1.40964e+07 1.3254e+08
3.53732e+06 1.31693e+08
-6.89817e+06 1.29815e+08
-1.71087e+07 1.26919e+08
-2.69944e+07 1.23031e+08
-3.64578e+07 1.18185e+08
-4.54051e+07 1.12425e+08
-5.37469e+07 1.05806e+08
-6.13997e+07 9.83912e+07
-6.82863e+07 9.02509e+07
-7.4337e+07 8.14645e+07
-7.94906e+07 7.21181e+07
-8.36946e+07 6.23037e+07
-8.69065e+07 5.21184e+07
-8.90938e+07 4.16633e+07
-9.02346e+07 3.10421e+07
-9.03177e+07 2.03605e+07
-8.93429e+07 9.72451e+06
-8.7321e+07 -760476
-8.42732e+07 -1.09909e+07
-8.02315e+07 -2.08662e+07
-7.52376e+07 -3.02898e+07
-6.93428e+07 -3.91702e+07
-6.26069e+07 -4.7422e+07
-5.50983e+07 -5.49665e+07
-4.6892e+07 -6.17325e+07
-3.80699e+07 -6.76572e+07
-2.8719e+07 -7.26864e+07
-1.89309e+07 -7.6775e+07
-8.80056e+06 -7.98876e+07
1.57444e+06 -8.1998e+07
1.20951e+07 -8.30902e+07
2.26617e+07 -8.31577e+07
3.31752e+07 -8.22035e+07
4.35375e+07 -8.02403e+07
5.36529e+07 -7.72898e+07
6.34287e+07 -7.33826e+07
7.27756e+07 -6.85579e+07
8.16093e+07 -6.28625e+07
8.985e+07 -5.63512e+07
9.74241e+07 -4.90853e+07
1.04264e+08 -4.11327e+07
1.10309e+08 -3.2567e+07
1.15505e+08 -2.34668e+07
1.19807e+08 -1.39154e+07
1.23177e+08 -3.99956e+06
1.25584e+08 6.19079e+06
1.27006e+08 1.65634e+07
1.27432e+08 2.70245e+07
1.26857e+08 3.74794e+07
1.25284e+08 4.78332e+07
1.22728e+08 5.7992e+07
1.1921e+08 6.78629e+07
1.1476e+08 7.73556e+07
1.09418e+08 8.63824e+07
1.03229e+08 9.48595e+07
9.62496e+07 1.02707e+08
8.85409e+07 1.09852e+08
8.01723e+07 1.16225e+08
7.12196e+07 1.21763e+08
6.17645e+07 1.26414e+08
5.18939e+07 1.3013e+08
4.16993e+07 1.32871e+08
3.12763e+07 1.3461e+08
2.07231e+07 1.35325e+08
1.01401e+07 1.35006e+08
-371046 1.33652e+08
-1.07088e+07 1.31272e+08
-2.07723e+07 1.27886e+08
-3.04629e+07 1.23523e+08
-3.96846e+07 1.18223e+08
-4.83458e+07 1.12035e+08
-5.63599e+07 1.05017e+08
-6.36462e+07 9.72375e+07
-7.01312e+07 8.87702e+07
-7.57493e+07 7.96984e+07
-8.04434e+07 7.0111e+07
-8.4166e+07 6.01026e+07
-8.68794e+07 4.97725e+07
-8.85561e+07 3.92231e+07
-8.91796e+07 2.85592e+07
-8.8744e+07 1.78869e+07
-8.72546e+07 7.31198e+06
-8.47273e+07 -3.06098e+06
-8.11886e+07 -1.31298e+07
-7.66752e+07 -2.27956e+07
-7.12336e+07 -3.19644e+07
-6.49195e+07 -4.05475e+07
-5.77969e+07 -4.84625e+07
-4.99374e+07 -5.56346e+07
-4.14197e+07 -6.19965e+07
-3.23281e+07 -6.74896e+07
-2.27519e+07 -7.20641e+07
-1.27846e+07 -7.56795e+07
-2.5226e+06 -7.8305e+07
7.93585e+06 -7.99194e+07
1.84913e+07 -8.05112e+07
2.90442e+07 -8.00787e+07
3.94958e+07 -7.86296e+07
4.97493e+07 -7.61809e+07
5.97102e+07 -7.27589e+07
6.92874e+07 -6.83984e+07
7.83939e+07 -6.31422e+07
8.69476e+07 -5.70412e+07
9.48717e+07 -5.01533e+07
1.02095e+08 -4.25433e+07
1.08554e+08 -3.42818e+07
1.14191e+08 -2.5445e+07
1.18956e+08 -1.61139e+07
1.22807e+08 -6.3734e+06
1.2571e+08 3.68794e+06
1.27638e+08 1.3979e+07
1.28575e+08 2.44067e+07
1.28512e+08 3.48767e+07
1.27448e+08 4.52941e+07
1.25393e+08 5.55645e+07
1.22363e+08 6.55942e+07
1.18386e+08 7.52916e+07
1.13494e+08 8.45674e+07
1.07732e+08 9.33359e+07
1.0115e+08 1.01515e+08
9.38052e+07 1.09028e+08
8.57647e+07 1.15804e+08
7.71005e+07 1.21776e+08
6.78914e+07 1.26887e+08
5.82218e+07 1.31086e+08
4.81809e+07 1.34329e+08
3.78623e+07 1.36583e+08
2.7363e+07 1.37823e+08
1.67824e+07 1.38033e+08
6.22173e+06 1.37206e+08
-4.21737e+06 1.35348e+08
-1.44335e+07 1.32473e+08
-2.43268e+07 1.28604e+08
-3.37996e+07 1.23777e+08
-4.27582e+07 1.18036e+08
-5.11131e+07 1.11433e+08
-5.87804e+07 1.04033e+08
-6.56831e+07 9.59069e+07
-7.17512e+07 8.71326e+07
-7.69233e+07 7.77966e+07
-8.11468e+07 6.79908e+07
-8.43791e+07 5.78121e+07
-8.65873e+07 4.73614e+07
-8.77494e+07 3.67427e+07
-8.7854e+07 2.60614e+07
-8.69007e+07 1.54235e+07
-8.49e+07 4.93455e+06
-8.1873e+07 -5.30198e+06
-7.78514e+07 -1.51854e+07
-7.28768e+07 -2.46192e+07
-6.7e+07 -3.35116e+07
-6.02811e+07 -4.17772e+07
-5.27879e+07 -4.93371e+07
-4.45956e+07 -5.612e+07
-3.57856e+07 -6.20628e+07
-2.6445e+07 -6.71113e+07
-1.66653e+07 -7.12202e+07
-6.54125e+06 -7.43537e+07
3.8295e+06 -7.64856e+07
1.4348e+07 -7.75995e+07
2.49146e+07 -7.76888e+07
3.54302e+07 -7.67563e+07
4.57967e+07 -7.48145e+07
5.59184e+07 -7.18848e+07
6.57024e+07 -6.79977e+07
7.50594e+07 -6.31922e+07
8.39049e+07 -5.75149e+07
9.21592e+07 -5.10204e+07
9.97483e+07 -4.37699e+07
1.06605e+08 -3.58311e+07
1.12667e+08 -2.72776e+07
1.17882e+08 -1.8188e+07
1.22204e+08 -8.64515e+06
1.25593e+08 1.264e+06
1.28021e+08 1.14496e+07
1.29464e+08 2.18195e+07
1.29911e+08 3.22798e+07
1.29357e+08 4.2736e+07
1.27805e+08 5.30931e+07
1.25269e+08 6.3257e+07
1.21771e+08 7.3135e+07
1.1734e+08 8.26366e+07
1.12015e+08 9.1674e+07
1.05843e+08 1.00163e+08
9.88792e+07 1.08025e+08
9.11846e+07 1.15185e+08
8.28285e+07 1.21574e+08
7.38867e+07 1.2713e+08
6.44406e+07 1.31799e+08
5.45773e+07 1.35534e+08
4.43881e+07 1.38295e+08
3.39685e+07 1.40054e+08
2.34168e+07 1.4079e+08
1.28333e+07 1.40491e+08
2.31956e+06 1.39157e+08
-8.02269e+06 1.36797e+08
-1.80927e+07 1.33431e+08
-2.77915e+07 1.29087e+08
-3.70234e+07 1.23804e+08
-4.56965e+07 1.17633e+08
-5.37239e+07 1.10631e+08
-6.10251e+07 1.02865e+08
-6.75264e+07 9.44102e+07
-7.31618e+07 8.53492e+07
-7.78743e+07 7.57708e+07
-8.16161e+07 6.57696e+07
-8.43492e+07 5.54447e+07
-8.60462e+07 4.48985e+07
-8.66901e+07 3.42359e+07
-8.6275e+07 2.35627e+07
-8.48058e+07 1.29849e+07
-8.22983e+07 2.60705e+06
-7.87788e+07 -7.46854e+06
-7.42839e+07 -1.71431e+07
-6.88598e+07 -2.63224e+07
-6.25621e+07 -3.49176e+07
-5.54545e+07 -4.28463e+07
-4.76086e+07 -5.00335e+07
-3.91029e+07 -5.64117e+07
-3.00216e+07 -6.19222e+07
-2.0454e+07 -6.65149e+07
-1.04935e+07 -7.01494e+07
-236247 -7.27944e+07
1.02193e+07 -7.44287e+07
2.07738e+07 -7.50405e+07
3.13276e+07 -7.46279e+07
4.17822e+07 -7.31985e+07
5.20405e+07 -7.07691e+07
6.20079e+07 -6.73659e+07
7.15935e+07 -6.30233e+07
8.071e+07 -5.77841e+07
8.92753e+07 -5.16991e+07
9.72124e+07 -4.4826e+07
1.0445e+08 -3.72295e+07
1.10925e+08 -2.898e+07
1.16578e+08 -2.01537e+07
1.21361e+08 -1.08314e+07
1.2523e+08 -1.09803e+06
1.28151e+08 8.95792e+06
1.30099e+08 1.92454e+07
1.31055e+08 2.96713e+07
1.31011e+08 4.01414e+07
1.29967e+08 5.05608e+07
1.27931e+08 6.08349e+07
1.24921e+08 7.08702e+07
1.20961e+08 8.05749e+07
1.16087e+08 8.98598e+07
1.10341e+08 9.86389e+07
1.03774e+08 1.0683e+08
9.64441e+07 1.14357e+08
8.84166e+07 1.21147e+08
7.97639e+07 1.27136e+08
7.05647e+07 1.32264e+08
6.09032e+07 1.36481e+08
5.08688e+07 1.39744e+08
4.05548e+07 1.42018e+08
3.00581e+07 1.43277e+08
1.94783e+07 1.43507e+08
8.91634e+06 1.42701e+08
-1.52603e+06 1.40864e+08
-1.17474e+07 1.38008e+08
-2.16479e+07 1.34159e+08
-3.11299e+07 1.2935e+08
-4.00995e+07 1.23626e+08
-4.84671e+07 1.17041e+08
-5.61489e+07 1.09656e+08
-6.30675e+07 1.01544e+08
-6.91529e+07 9.27817e+07
-7.43435e+07 8.34562e+07
-7.85866e+07 7.3659e+07
-8.18392e+07 6.3487e+07
-8.40684e+07 5.3041e+07
-8.52519e+07 4.24247e+07
-8.53781e+07 3.17438e+07
-8.44464e+07 2.11041e+07
-8.2467e+07 1.06111e+07
-7.94609e+07 368441
-7.54594e+07 -9.52318e+06
-7.0504e+07 -1.89671e+07
-6.46453e+07 -2.78715e+07
-5.79432e+07 -3.61508e+07
-5.04654e+07 -4.3726e+07
-4.22868e+07 -5.05257e+07
-3.34888e+07 -5.64866e+07
-2.41583e+07 -6.15541e+07
-1.43867e+07 -6.56829e+07
-4.26889e+06 -6.8837e+07
6.09774e+06 -7.09899e+07
1.66142e+07 -7.21251e+07
2.71809e+07 -7.22357e+07
3.76985e+07 -7.13243e+07
4.80692e+07 -6.94032e+07
5.8197e+07 -6.64937e+07
6.79889e+07 -6.26261e+07
7.73557e+07 -5.7839e+07
8.62126e+07 -5.21792e+07
9.44799e+07 -4.57008e+07
1.02083e+08 -3.84651e+07
1.08955e+08 -3.05397e+07
1.15035e+08 -2.19979e+07
1.20268e+08 -1.29183e+07
1.24608e+08 -3.38371e+06
1.28017e+08 6.51898e+06
1.30464e+08 1.67e+07
1.31928e+08 2.70672e+07
1.32395e+08 3.75267e+07
1.3186e+08 4.7984e+07
1.30328e+08 5.83441e+07
1.27812e+08 6.85129e+07
1.24332e+08 7.83976e+07
1.1992e+08 8.79076e+07
1.14612e+08 9.69552e+07
1.08457e+08 1.05456e+08
1.01508e+08 1.13331e+08
9.38271e+07 1.20505e+08
8.54834e+07 1.2691e+08
7.65523e+07 1.32484e+08
6.71154e+07 1.37171e+08
5.72594e+07 1.40924e+08
4.70758e+07 1.43706e+08
3.66599e+07 1.45484e+08
2.61098e+07 1.4624e+08
1.5526e+07 1.45962e+08
5.00991e+06 1.44649e+08
-5.33667e+06 1.42309e+08
-1.5413e+07 1.38962e+08
-2.51201e+07 1.34637e+08
-3.43622e+07 1.29373e+08
-4.30472e+07 1.23219e+08
-5.10884e+07 1.16233e+08
-5.84048e+07 1.08482e+08
-6.49228e+07 1.00041e+08
-7.05763e+07 9.0991e+07
-7.5308e+07 8.14223e+07
-7.90699e+07 7.14289e+07
-8.18238e+07 6.11096e+07
-8.35421e+07 5.0567e+07
-8.42076e+07 3.99058e+07
-8.38142e+07 2.92318e+07
-8.23666e+07 1.8651e+07
-7.98803e+07 8.26806e+06
-7.63813e+07 -1.81475e+06
-7.19061e+07 -1.14985e+07
-6.65007e+07 -2.06889e+07
-6.02204e+07 -2.92971e+07
-5.31288e+07 -3.72404e+07
-4.52974e+07 -4.44437e+07
-3.68044e+07 -5.08393e+07
-2.77341e+07 -5.63682e+07
-1.81755e+07 -6.09804e+07
-8.22196e+06 -6.4635e+07
2.03029e+06 -6.73006e+07
1.24829e+07 -6.89557e+07
2.30365e+07 -6.95885e+07
3.35916e+07 -6.91967e+07
4.40494e+07 -6.77878e+07
5.43128e+07 -6.53784e+07
6.42872e+07 -6.19943e+07
7.38815e+07 -5.767e+07
8.30084e+07 -5.24481e+07
9.15856e+07 -4.63791e+07
9.9536e+07 -3.95208e+07
1.06789e+08 -3.19375e+07
1.13279e+08 -2.36998e+07
1.18949e+08 -1.48836e+07
1.23748e+08 -5.56978e+06
1.27635e+08 4.1568e+06
1.30575e+08 1.42078e+07
1.32541e+08 2.4492e+07
1.33516e+08 3.49165e+07
1.33491e+08 4.53869e+07
1.32465e+08 5.58084e+07
1.30447e+08 6.60862e+07
1.27454e+08 7.61269e+07
1.23511e+08 8.58386e+07
1.18653e+08 9.5132e+07
1.12922e+08 1.03921e+08
1.06369e+08 1.12124e+08
9.9052e+07 1.19663e+08
9.10361e+07 1.26467e+08
8.23936e+07 1.3247e+08
7.32032e+07 1.37614e+08
6.3549e+07 1.41847e+08
5.35202e+07 1.45127e+08
4.32103e+07 1.47418e+08
3.2716e+07 1.48696e+08
2.21368e+07 1.48944e+08
1.15737e+07 1.48156e+08
1.12844e+06 1.46336e+08
-9.09761e+06 1.43498e+08
-1.90045e+07 1.39667e+08
-2.84946e+07 1.34875e+08
-3.74739e+07 1.29167e+08
-4.58528e+07 1.22596e+08
-5.35474e+07 1.15225e+08
-6.04802e+07 1.07125e+08
-6.65812e+07 9.83746e+07
-7.17885e+07 8.90588e+07
-7.60493e+07 7.92697e+07
-7.93205e+07 6.9104e+07
-8.15689e+07 5.86624e+07
-8.27721e+07 4.80486e+07
-8.29183e+07 3.73682e+07
-8.20067e+07 2.6727e+07
-8.00472e+07 1.62305e+07
-7.70607e+07 5.98235e+06
-7.30782e+07 -3.91677e+06
-6.8141e+07 -1.33701e+07
-6.22997e+07 -2.22858e+07
-5.56137e+07 -3.0578e+07
-4.81507e+07 -3.81677e+07
-3.99854e+07 -4.49834e+07
-3.11991e+07 -5.09615e+07
-2.18785e+07 -5.60473e+07
-1.2115e+07 -6.01954e+07
-2.00327e+06 -6.33693e+07
8.35926e+06 -6.55427e+07
1.88736e+07 -6.66986e+07
2.94403e+07 -6.68299e+07
3.99599e+07 -6.59391e+07
5.03346e+07 -6.40382e+07
6.04682e+07 -6.11484e+07
7.02679e+07 -5.72996e+07
7.96442e+07 -5.25305e+07
8.85123e+07 -4.68876e+07
9.67922e+07 -4.04248e+07
1.0441e+08 -3.32034e+07
1.11297e+08 -2.52908e+07
1.17393e+08 -1.67602e+07
1.22643e+08 -7.69009e+06
1.27001e+08 1.83666e+06
1.30428e+08 1.17333e+07
1.32894e+08 2.19102e+07
1.34377e+08 3.22749e+07
1.34862e+08 4.27339e+07
1.34347e+08 5.31923e+07
1.32833e+08 6.35554e+07
1.30335e+08 7.37288e+07
1.26873e+08 8.36198e+07
1.22477e+08 9.31377e+07
1.17185e+08 1.02195e+08
1.11044e+08 1.10706e+08
1.04109e+08 1.18593e+08
9.64403e+07 1.25781e+08
8.81075e+07 1.322e+08
7.9186e+07 1.37789e+08
6.97572e+07 1.42492e+08
5.99077e+07 1.46262e+08
4.9729e+07 1.4906e+08
3.93162e+07 1.50857e+08
2.87677e+07 1.51631e+08
1.81836e+07 1.51371e+08
7.66563e+06 1.50075e+08
-2.68465e+06 1.47753e+08
-1.27664e+07 1.44424e+08
-2.24807e+07 1.40116e+08
-3.17316e+07 1.34869e+08
-4.04271e+07 1.2873e+08
-4.84803e+07 1.21759e+08
-5.58103e+07 1.14021e+08
-6.23431e+07 1.05591e+08
-6.80128e+07 9.65524e+07
-7.27618e+07 8.69928e+07
-7.6542e+07 7.70068e+07
-7.93151e+07 6.66931e+07
-8.10532e+07 5.61542e+07
-8.17391e+07 4.54947e+07
-8.13662e+07 3.48204e+07
-7.99392e+07 2.42373e+07
-7.74734e+07 1.38498e+07
-7.39945e+07 3.76043e+06
-6.95388e+07 -5.93198e+06
-6.41521e+07 -1.5133e+07
-5.78894e+07 -2.37537e+07
-5.08143e+07 -3.17114e+07
-4.29979e+07 -3.89306e+07
-3.45183e+07 -4.53437e+07
-2.54596e+07 -5.08915e+07
-1.59107e+07 -5.55236e+07
-5.96493e+06 -5.91991e+07
4.28169e+06 -6.18864e+07
1.47309e+07 -6.35636e+07
2.52832e+07 -6.42187e+07
3.58392e+07 -6.38492e+07
4.63001e+07 -6.24624e+07
5.65688e+07 -6.00747e+07
6.65506e+07 -5.67116e+07
7.61542e+07 -5.24074e+07
8.52924e+07 -4.72045e+07
9.38825e+07 -4.11533e+07
1.01847e+08 -3.43112e+07
1.09116e+08 -2.67427e+07
1.15623e+08 -1.8518e+07
1.21311e+08 -9.71299e+06
1.2613e+08 -408476
1.30037e+08 9.31072e+06
1.32996e+08 1.93563e+07
1.34983e+08 2.96371e+07
1.35978e+08 4.00602e+07
1.35973e+08 5.05311e+07
1.34967e+08 6.09549e+07
1.32968e+08 7.1237e+07
1.29994e+08 8.12837e+07
1.26069e+08 9.10031e+07
1.21227e+08 1.00306e+08
1.15512e+08 1.09105e+08
1.08973e+08 1.1732e+08
1.01669e+08 1.24872e+08
9.36647e+07 1.31691e+08
8.50323e+07 1.37709e+08
7.58504e+07 1.42868e+08
6.62031e+07 1.47118e+08
5.61796e+07 1.50414e+08
4.58733e+07 1.52723e+08
3.5381e+07 1.54017e+08
2.4802e+07 1.54283e+08
1.42376e+07 1.53512e+08
3.78943e+06 1.51709e+08
-6.44115e+06 1.48888e+08
-1.63541e+07 1.45071e+08
-2.58517e+07 1.40295e+08
-3.48401e+07 1.34601e+08
-4.32294e+07 1.28044e+08
-5.09357e+07 1.20686e+08
-5.78814e+07 1.12597e+08
-6.39964e+07 1.03857e+08
-6.92188e+07 9.455e+07
-7.34956e+07 8.47682e+07
-7.67836e+07 7.46082e+07
-7.90495e+07 6.41708e+07
-8.02706e+07 5.35595e+07
-8.04351e+07 4.28797e+07
-7.95419e+07 3.22374e+07
-7.76009e+07 2.17379e+07
-7.46327e+07 1.14848e+07
-7.06681e+07 1.57898e+06
-6.57483e+07 -7.8829e+06
-5.99235e+07 -1.6809e+07
-5.32532e+07 -2.51134e+07
-4.58047e+07 -3.27168e+07
-3.76525e+07 -3.95478e+07
-2.8878e+07 -4.55425e+07
-1.95675e+07 -5.06463e+07
-9.81226e+06 -5.48133e+07
293029 -5.80071e+07
1.06511e+07 -6.0201e+07
2.1163e+07 -6.13778e+07
3.17293e+07 -6.15303e+07
4.22507e+07 -6.06607e+07
5.26292e+07 -5.87808e+07
6.27688e+07 -5.59115e+07
7.25764e+07 -5.20826e+07
8.19625e+07 -4.73325e+07
9.08422e+07 -4.17074e+07
9.91353e+07 -3.52614e+07
1.06768e+08 -2.80552e+07
1.13671e+08 -2.01562e+07
1.19784e+08 -1.16376e+07
1.25052e+08 -2.57765e+06
1.29429e+08 6.94082e+06
1.32876e+08 1.68311e+07
1.35362e+08 2.70036e+07
1.36865e+08 3.73659e+07
1.3737e+08 4.78244e+07
1.36874e+08 5.82843e+07
1.3538e+08 6.86507e+07
1.329e+08 7.88292e+07
1.29456e+08 8.8727e+07
1.25077e+08 9.82531e+07
1.19801e+08 1.0732e+08
1.13675e+08 1.15843e+08
1.06752e+08 1.23742e+08
9.90953e+07 1.30942e+08
9.07728e+07 1.37376e+08
8.186e+07 1.42979e+08
7.24383e+07 1.47698e+08
6.25944e+07 1.51483e+08
5.24197e+07 1.54298e+08
4.20093e+07 1.5611e+08
3.14616e+07 1.569e+08
2.0877e+07 1.56656e+08
1.03568e+07 1.55376e+08
3001.29 1.53069e+08
-1.00837e+07 1.49754e+08
-1.98042e+07 1.4546e+08
-2.90626e+07 1.40226e+08
-3.77668e+07 1.341e+08
-4.58299e+07 1.2714e+08
-5.31708e+07 1.19413e+08
-5.97156e+07 1.10993e+08
-6.53982e+07 1.01962e+08
-7.01609e+07 9.241e+07
-7.39555e+07 8.24299e+07
-7.67438e+07 7.21207e+07
-7.84976e+07 6.15849e+07
-7.91995e+07 5.0927e+07
-7.88432e+07 4.02527e+07
-7.74328e+07 2.96679e+07
-7.49836e+07 1.92771e+07
-7.15213e+07 9.1827e+06
-6.70819e+07 -516463
-6.1711e+07 -9.72596e+06
-5.54635e+07 -1.83568e+07
-4.84027e+07 -2.63263e+07
-4.05996e+07 -3.3559e+07
-3.21322e+07 -3.99871e+07
-2.30843e+07 -4.55513e+07
-1.35448e+07 -5.02011e+07
-3.60656e+06 -5.38954e+07
6.63428e+06 -5.66024e+07
1.70796e+07 -5.83002e+07
2.76302e+07 -5.89764e+07
3.81865e+07 -5.86284e+07
4.86498e+07 -5.72631e+07
5.89231e+07 -5.48968e+07
6.89117e+07 -5.15548e+07
7.85242e+07 -4.7271e+07
8.76732e+07 -4.20876e+07
9.62762e+07 -3.60549e+07
1.04256e+08 -2.92301e+07
1.1154e+08 -2.16772e+07
1.18066e+08 -1.34666e+07
1.23773e+08 -4.67392e+06
1.28612e+08 4.62028e+06
1.32539e+08 1.43312e+07
1.35521e+08 2.43706e+07
1.37529e+08 3.46475e+07
1.38547e+08 4.50688e+07
1.38564e+08 5.554e+07
1.3758e+08 6.59664e+07
1.35602e+08 7.62531e+07
1.32648e+08 8.63063e+07
1.28742e+08 9.60341e+07
1.2392e+08 1.05347e+08
1.18221e+08 1.14158e+08
1.11698e+08 1.22386e+08
1.04408e+08 1.29953e+08
9.64155e+07 1.36786e+08
8.77935e+07 1.42821e+08
7.86203e+07 1.47997e+08
6.89799e+07 1.52264e+08
5.89615e+07 1.55578e+08
4.86584e+07 1.57904e+08
3.81676e+07 1.59216e+08
2.75886e+07 1.59498e+08
1.70224e+07 1.58744e+08
6.57083e+06 1.56957e+08
-3.66453e+06 1.54151e+08
-1.35836e+07 1.5035e+08
-2.30887e+07 1.45587e+08
-3.20855e+07 1.39907e+08
-4.04845e+07 1.33362e+08
-4.82014e+07 1.26014e+08
-5.51586e+07 1.17935e+08
-6.12859e+07 1.09203e+08
-6.65212e+07 9.99034e+07
-7.08116e+07 9.01276e+07
-7.41137e+07 7.99724e+07
-7.63941e+07 6.95383e+07
-7.76301e+07 5.8929e+07
-7.78098e+07 4.82498e+07
-7.6932e+07 3.76066e+07
-7.50064e+07 2.71048e+07
-7.20534e+07 1.68478e+07
-6.8104e+07 6.93652e+06
-6.3199e+07 -2.53236e+06
-5.73886e+07 -1.1467e+07
-5.07321e+07 -1.97815e+07
-4.32965e+07 -2.73967e+07
-3.51564e+07 -3.42408e+07
-2.63927e+07 -4.02501e+07
-1.70919e+07 -4.53699e+07
-7.34483e+06 -4.95541e+07
2.75386e+06 -5.27662e+07
1.31071e+07 -5.49793e+07
2.3616e+07 -5.61761e+07
3.41813e+07 -5.63492e+07
4.47038e+07 -5.55006e+07
5.50855e+07 -5.36419e+07
6.52304e+07 -5.07936e+07
7.50454e+07 -4.69854e+07
8.44412e+07 -4.22554e+07
9.33326e+07 -3.66497e+07
1.01639e+08 -3.02219e+07
1.09287e+08 -2.30326e+07
1.16208e+08 -1.51491e+07
1.2234e+08 -6.64417e+06
1.27628e+08 2.40394e+06
1.32027e+08 1.19126e+07
1.35495e+08 2.17952e+07
1.38004e+08 3.19622e+07
1.3953e+08 4.23214e+07
1.40059e+08 5.27791e+07
1.39586e+08 6.32404e+07
1.38115e+08 7.36105e+07
1.35657e+08 8.37949e+07
1.32234e+08 9.37006e+07
1.27874e+08 1.03237e+08
1.22617e+08 1.12315e+08
1.16508e+08 1.20851e+08
1.09601e+08 1.28765e+08
1.01957e+08 1.35981e+08
9.36467e+07 1.42431e+08
8.47436e+07 1.48052e+08
7.53296e+07 1.52788e+08
6.54915e+07 1.56591e+08
5.53207e+07 1.59424e+08
4.49123e+07 1.61254e+08
3.43649e+07 1.62061e+08
2.37788e+07 1.61833e+08
1.32557e+07 1.60569e+08
2.89748e+06 1.58277e+08
-7.19483e+06 1.54976e+08
-1.69221e+07 1.50695e+08
-2.61882e+07 1.45473e+08
-3.49009e+07 1.39358e+08
-4.29732e+07 1.32407e+08
-5.03239e+07 1.24688e+08
-5.68789e+07 1.16275e+08
-6.2572e+07 1.07251e+08
-6.73456e+07 9.77035e+07
-7.11513e+07 8.77272e+07
-7.39508e+07 7.74208e+07
-7.57159e+07 6.68868e+07
-7.64293e+07 5.62296e+07
-7.60844e+07 4.5555e+07
-7.46854e+07 3.49689e+07
-7.22477e+07 2.45758e+07
-6.87967e+07 1.44779e+07
-6.43684e+07 4.77422e+06
-5.90085e+07 -4.44097e+06
-5.27717e+07 -1.30787e+07
-4.57212e+07 -2.10563e+07
-3.7928e+07 -2.82982e+07
-2.94697e+07 -3.47369e+07
-2.04302e+07 -4.03128e+07
-1.08982e+07 -4.49756e+07
-966404 -4.86841e+07
9.26924e+06 -5.14063e+07
1.97108e+07 -5.31203e+07
3.0259e+07 -5.38136e+07
4.08148e+07 -5.34835e+07
5.12793e+07 -5.21366e+07
6.15558e+07 -4.97891e+07
7.15495e+07 -4.6466e+07
8.11692e+07 -4.2201e+07
9.03275e+07 -3.70362e+07
9.89418e+07 -3.10215e+07
1.06935e+08 -2.42138e+07
1.14235e+08 -1.6677e+07
1.20777e+08 -8.48104e+06
1.26503e+08 298512
1.31363e+08 9.58134e+06
1.35312e+08 1.92829e+07
1.38316e+08 2.9315e+07
1.40348e+08 3.95869e+07
1.4139e+08 5.00055e+07
1.41432e+08 6.04765e+07
1.40472e+08 7.09051e+07
1.38518e+08 8.11965e+07
1.35588e+08 9.12568e+07
1.31705e+08 1.00994e+08
1.26903e+08 1.10318e+08
1.21225e+08 1.19143e+08
1.1472e+08 1.27386e+08
1.07446e+08 1.34969e+08
9.94677e+07 1.41821e+08
9.0858e+07 1.47874e+08
8.16948e+07 1.5307e+08
7.20622e+07 1.57357e+08
6.20493e+07 1.60691e+08
5.17496e+07 1.63037e+08
4.126e+07 1.64369e+08
3.06802e+07 1.64671e+08
2.01113e+07 1.63935e+08
9.65549e+06 1.62166e+08
-585690 1.59376e+08
-1.05119e+07 1.5559e+08
-2.00252e+07 1.5084e+08
-2.90312e+07 1.45172e+08
-3.744e+07 1.38637e+08
-4.51672e+07 1.31299e+08
-5.21351e+07 1.23227e+08
-5.82732e+07 1.14501e+08
-6.35195e+07 1.05207e+08
-6.78207e+07 9.54348e+07
-7.11335e+07 8.52822e+07
-7.34245e+07 7.48498e+07
-7.46709e+07 6.42412e+07
-7.48607e+07 5.35617e+07
-7.39927e+07 4.29175e+07
-7.20768e+07 3.24137e+07
-6.91333e+07 2.21541e+07
-6.51931e+07 1.22393e+07
-6.02971e+07 2.76616e+06
-5.44955e+07 -6.17365e+06
-4.78475e+07 -1.44942e+07
-4.04202e+07 -2.21163e+07
-3.2288e+07 -2.89684e+07
-2.35318e+07 -3.49869e+07
-1.42378e+07 -4.01167e+07
-4.49693e+06 -4.43122e+07
5.59644e+06 -4.75367e+07
1.59453e+07 -4.97633e+07
2.64511e+07 -5.09748e+07
3.70146e+07 -5.11634e+07
4.75368e+07 -5.03312e+07
5.79199e+07 -4.84896e+07
6.80681e+07 -4.56591e+07
7.78885e+07 -4.18691e+07
8.72916e+07 -3.71573e+07
9.61925e+07 -3.15697e+07
1.04511e+08 -2.51597e+07
1.12173e+08 -1.79876e+07
1.1911e+08 -1.01202e+07
1.2526e+08 -1.63019e+06
1.30568e+08 7.40452e+06
1.34989e+08 1.69016e+07
1.38481e+08 2.67747e+07
1.41015e+08 3.69344e+07
1.42567e+08 4.72888e+07
1.43123e+08 5.77442e+07
1.42678e+08 6.82061e+07
1.41234e+08 7.85795e+07
1.38803e+08 8.877e+07
1.35407e+08 9.86846e+07
1.31073e+08 1.08232e+08
1.2584e+08 1.17325e+08
1.19753e+08 1.25877e+08
1.12867e+08 1.3381e+08
1.05243e+08 1.41047e+08
9.6948e+07 1.47518e+08
8.80586e+07 1.53163e+08
7.86557e+07 1.57923e+08
6.88259e+07 1.61751e+08
5.86606e+07 1.64608e+08
4.82551e+07 1.66463e+08
3.77079e+07 1.67294e+08
2.71195e+07 1.67089e+08
1.6592e+07 1.65847e+08
6.2273e+06 1.63576e+08
-3.87323e+06 1.60294e+08
-1.36102e+07 1.5603e+08
-2.28871e+07 1.50822e+08
-3.16115e+07 1.4472e+08
-3.9696e+07 1.3778e+08
-4.70591e+07 1.3007e+08
-5.36266e+07 1.21664e+08
-5.93319e+07 1.12645e+08
-6.41172e+07 1.03101e+08
-6.79341e+07 9.31272e+07
-7.0744e+07 8.28219e+07
-7.25187e+07 7.22878e+07
-7.32409e+07 6.16297e+07
-7.2904e+07 5.09535e+07
-7.15123e+07 4.03652e+07
-6.9081e+07 2.99696e+07
-6.5636e+07 1.98689e+07
-6.12131e+07 1.01621e+07
-5.58582e+07 943573
-4.9626e+07 -7.6977e+06
-4.25799e+07 -1.56791e+07
-3.47909e+07 -2.29253e+07
-2.63368e+07 -2.93685e+07
-1.73013e+07 -3.49496e+07
-7.773e+06 -3.96182e+07
2.15522e+06 -4.33331e+07
1.23876e+07 -4.60627e+07
2.28264e+07 -4.7785e+07
3.33725e+07 -4.84875e+07
4.39268e+07 -4.81676e+07
5.4391e+07 -4.68319e+07
6.46682e+07 -4.44964e+07
7.46641e+07 -4.11863e+07
8.42875e+07 -3.6935e+07
9.34514e+07 -3.17844e+07
1.02073e+08 -2.57841e+07
1.10076e+08 -1.8991e+07
1.17387e+08 -1.14686e+07
1.23943e+08 -3.28661e+06
1.29686e+08 5.47984e+06
1.34563e+08 1.47507e+07
1.38533e+08 2.44417e+07
1.41559e+08 3.4465e+07
1.43615e+08 4.47302e+07
1.44683e+08 5.51444e+07
1.44751e+08 6.56137e+07
1.43818e+08 7.60432e+07
1.41893e+08 8.63384e+07
1.3899e+08 9.64055e+07
1.35134e+08 1.06152e+08
1.3036e+08 1.1549e+08
1.24707e+08 1.2433e+08
1.18226e+08 1.32592e+08
1.10974e+08 1.40196e+08
1.03017e+08 1.47071e+08
9.44244e+07 1.53149e+08
8.52759e+07 1.58372e+08
7.56549e+07 1.62687e+08
6.56505e+07 1.6605e+08
5.53562e+07 1.68425e+08
4.48688e+07 1.69785e+08
3.42881e+07 1.70115e+08
2.37155e+07 1.69406e+08
1.32533e+07 1.67662e+08
3.00337e+06 1.64895e+08
-6.93361e+06 1.6113e+08
-1.64593e+07 1.564e+08
-2.5479e+07 1.50748e+08
-3.39023e+07 1.44227e+08
-4.16444e+07 1.369e+08
-4.86272e+07 1.28838e+08
-5.47798e+07 1.20118e+08
-6.00398e+07 1.10828e+08
-6.43538e+07 1.01058e+08
-6.76782e+07 9.09063e+07
-6.99793e+07 8.04731e+07
-7.12343e+07 6.98627e+07
-7.14311e+07 5.91807e+07
-7.05687e+07 4.85335e+07
-6.86569e+07 3.80267e+07
-6.57162e+07 2.7764e+07
-6.17778e+07 1.78466e+07
-5.68826e+07 8.37116e+06
-5.10812e+07 -570341
-4.44328e+07 -8.89202e+06
-3.7005e+07 -1.65147e+07
-2.88723e+07 -2.33669e+07
-2.01157e+07 -2.93851e+07
-1.08216e+07 -3.45146e+07
-1.08107e+06 -3.87096e+07
9.01158e+06 -4.19339e+07
1.93594e+07 -4.41607e+07
2.98637e+07 -4.5373e+07
4.04256e+07 -4.55633e+07
5.09462e+07 -4.47338e+07
6.13278e+07 -4.28961e+07
7.1475e+07 -4.00706e+07
8.1295e+07 -3.62868e+07
9.06988e+07 -3.15826e+07
9.96017e+07 -2.60036e+07
1.07924e+08 -1.96032e+07
1.15591e+08 -1.24415e+07
1.22535e+08 -4.58509e+06
1.28695e+08 3.89366e+06
1.34016e+08 1.29172e+07
1.38451e+08 2.24036e+07
1.41961e+08 3.2267e+07
1.44514e+08 4.24182e+07
1.46088e+08 5.27658e+07
1.46669e+08 6.32166e+07
1.46249e+08 7.36763e+07
1.44833e+08 8.40504e+07
1.42431e+08 9.42448e+07
1.39064e+08 1.04167e+08
1.34761e+08 1.13725e+08
1.29557e+08 1.22832e+08
1.235e+08 1.31402e+08
1.16642e+08 1.39356e+08
1.09043e+08 1.46618e+08
1.00772e+08 1.53118e+08
9.19034e+07 1.58793e+08
8.25182e+07 1.63586e+08
7.27025e+07 1.6745e+08
6.25475e+07 1.70344e+08
5.21483e+07 1.72236e+08
4.16034e+07 1.73104e+08
3.10133e+07 1.72937e+08
2.04801e+07 1.71731e+08
1.0106e+07 1.69494e+08
-7359.02 1.66244e+08
-9.76012e+06 1.6201e+08
-1.90554e+07 1.56829e+08
-2.78001e+07 1.5075e+08
-3.59062e+07 1.43831e+08
-4.32919e+07 1.36137e+08
-4.98821e+07 1.27744e+08
-5.56098e+07 1.18734e+08
-6.04165e+07 1.09197e+08
-6.42534e+07 9.92254e+07
-6.70815e+07 8.89204e+07
-6.88723e+07 7.83844e+07
-6.9608e+07 6.77227e+07
-6.92822e+07 5.70418e+07
-6.78989e+07 4.6448e+07
-6.54735e+07 3.60467e+07
-6.2032e+07 2.59405e+07
-5.76105e+07 1.62289e+07
-5.2255e+07 7.00659e+06
-4.60207e+07 -1.63722e+06
-3.89714e+07 -9.61977e+06
-3.11784e+07 -1.68655e+07
-2.272e+07 -2.33068e+07
-1.36801e+07 -2.88844e+07
-4.14796e+06 -3.35483e+07
5.78354e+06 -3.72574e+07
1.60183e+07 -3.99805e+07
2.64584e+07 -4.16957e+07
3.70048e+07 -4.23911e+07
4.75582e+07 -4.20642e+07
5.80205e+07 -4.07222e+07
6.82949e+07 -3.83813e+07
7.82874e+07 -3.50669e+07
8.79071e+07 -3.08128e+07
9.70672e+07 -2.56609e+07
1.05686e+08 -1.9661e+07
1.13685e+08 -1.287e+07
1.20996e+08 -5.35126e+06
1.27552e+08 2.82562e+06
1.33296e+08 1.15857e+07
1.38178e+08 2.08493e+07
1.42155e+08 3.05325e+07
1.45191e+08 4.05479e+07
1.4726e+08 5.08056e+07
1.48343e+08 6.12133e+07
1.48429e+08 7.16774e+07
1.47518e+08 8.21037e+07
1.45617e+08 9.23983e+07
1.4274e+08 1.02468e+08
1.38913e+08 1.12221e+08
1.34167e+08 1.21567e+08
1.28545e+08 1.30422e+08
1.22094e+08 1.38701e+08
1.14872e+08 1.46328e+08
1.06942e+08 1.5323e+08
9.83765e+07 1.59339e+08
8.92517e+07 1.64597e+08
7.96512e+07 1.68951e+08
6.96635e+07 1.72355e+08
5.93814e+07 1.74775e+08
4.89015e+07 1.76181e+08
3.83233e+07 1.76558e+08
2.7748e+07 1.75897e+08
1.72779e+07 1.742e+08
7.0149e+06 1.7148e+08
-2.93991e+06 1.67758e+08
-1.24879e+07 1.63069e+08
-2.15337e+07 1.57454e+08
-2.99864e+07 1.50967e+08
-3.77604e+07 1.43669e+08
-4.47768e+07 1.3563e+08
-5.0964e+07 1.2693e+08
-5.62585e+07 1.17653e+08
-6.06063e+07 1.07893e+08
-6.39627e+07 9.77455e+07
-6.62936e+07 8.73128e+07
-6.75755e+07 7.66993e+07
-6.77957e+07 6.60113e+07
-6.69529e+07 5.53558e+07
-6.50567e+07 4.48393e+07
-6.21275e+07 3.45664e+07
-5.81965e+07 2.46388e+07
-5.3305e+07 1.5154e+07
-4.75038e+07 6.20464e+06
-4.08527e+07 -2.12283e+06
-3.34197e+07 -9.74883e+06
-2.52799e+07 -1.66015e+07
-1.65151e+07 -2.2617e+07
-7.21234e+06 -2.77408e+07
2.53679e+06 -3.19271e+07
1.26373e+07 -3.51398e+07
2.29915e+07 -3.73525e+07
3.35007e+07 -3.85486e+07
4.40651e+07 -3.87211e+07
5.45859e+07 -3.78727e+07
6.49652e+07 -3.60155e+07
7.51074e+07 -3.31707e+07
8.49201e+07 -2.93683e+07
9.43144e+07 -2.46466e+07
1.03206e+08 -1.90519e+07
1.11515e+08 -1.26378e+07
1.19168e+08 -5.46491e+06
1.26098e+08 2.40005e+06
1.32244e+08 1.08846e+07
1.37551e+08 1.99113e+07
1.41974e+08 2.93982e+07
1.45474e+08 3.92596e+07
1.4802e+08 4.9407e+07
1.4959e+08 5.97494e+07
1.50169e+08 7.0194e+07
1.49752e+08 8.06471e+07
1.48342e+08 9.10151e+07
1.4595e+08 1.01205e+08
1.42597e+08 1.11123e+08
1.38311e+08 1.20681e+08
1.33128e+08 1.29791e+08
1.27093e+08 1.38368e+08
1.2026e+08 1.46334e+08
1.12687e+08 1.53612e+08
1.04442e+08 1.60133e+08
9.55994e+07 1.65835e+08
8.62385e+07 1.70661e+08
7.64447e+07 1.74562e+08
6.63084e+07 1.77499e+08
5.59237e+07 1.79438e+08
4.53883e+07 1.80358e+08
3.48021e+07 1.80244e+08
2.42666e+07 1.79094e+08
1.38838e+07 1.76915e+08
3.75506e+06 1.73722e+08
-6.01984e+06 1.69545e+08
-1.53437e+07 1.64418e+08
-2.41232e+07 1.5839e+08
-3.22697e+07 1.51518e+08
-3.97004e+07 1.43866e+08
-4.63395e+07 1.35509e+08
-5.2119e+07 1.26529e+08
-5.69792e+07 1.17014e+08
-6.08701e+07 1.07059e+08
-6.37516e+07 9.67633e+07
-6.55941e+07 8.62303e+07
-6.63788e+07 7.55655e+07
-6.6098e+07 6.48762e+07
-6.47553e+07 5.42694e+07
-6.23652e+07 4.38515e+07
-5.89533e+07 3.37263e+07
-5.45555e+07 2.39942e+07
-4.92179e+07 1.4751e+07
-4.29957e+07 6.08704e+06
-3.59531e+07 -1.91387e+06
-2.8162e+07 -9.17532e+06
-1.97012e+07 -1.56289e+07
-1.06558e+07 -2.12148e+07
-1.11559e+06 -2.58824e+07
8.8254e+06 -2.95905e+07
1.90702e+07 -3.23077e+07
2.95198e+07 -3.40124e+07
4.00743e+07 -3.46928e+07
5.06338e+07 -3.4347e+07
6.10992e+07 -3.29827e+07
7.13734e+07 -3.06168e+07
8.13618e+07 -2.72754e+07
9.09733e+07 -2.29933e+07
1.00121e+08 -1.78133e+07
1.08723e+08 -1.17858e+07
1.16703e+08 -4.9687e+06
1.2399e+08 2.5739e+06
1.30519e+08 1.07718e+07
1.36235e+08 1.95496e+07
1.41087e+08 2.88271e+07
1.45033e+08 3.85201e+07
1.48039e+08 4.85414e+07
1.50078e+08 5.88009e+07
1.51133e+08 6.92065e+07
1.51195e+08 7.96653e+07
1.50262e+08 9.00836e+07
1.48343e+08 1.00368e+08
1.45453e+08 1.10426e+08
1.41617e+08 1.20167e+08
1.36868e+08 1.29502e+08
1.31247e+08 1.38346e+08
1.24802e+08 1.46618e+08
1.1759e+08 1.54241e+08
1.09674e+08 1.61143e+08
1.01124e+08 1.67258e+08
9.20179e+07 1.72527e+08
8.24368e+07 1.76897e+08
7.24683e+07 1.80325e+08
6.2204e+07 1.82775e+08
5.17395e+07 1.84218e+08
4.11729e+07 1.84638e+08
3.06044e+07 1.84025e+08
2.01351e+07 1.82381e+08
9.86617e+06 1.79718e+08
-102086 1.76056e+08
-9.67154e+06 1.71427e+08
-1.87471e+07 1.65873e+08
-2.72379e+07 1.59446e+08
-3.50581e+07 1.52204e+08
-4.21283e+07 1.44218e+08
-4.83761e+07 1.35565e+08
-5.37372e+07 1.26329e+08
-5.81563e+07 1.16601e+08
-6.15875e+07 1.06479e+08
-6.39951e+07 9.60618e+07
-6.53542e+07 8.54554e+07
-6.56507e+07 7.47656e+07
-6.48815e+07 6.41e+07
-6.30551e+07 5.35654e+07
-6.01906e+07 4.32674e+07
-5.6318e+07 3.33088e+07
-5.14779e+07 2.37883e+07
-4.57206e+07 1.47999e+07
-3.91053e+07 6.43144e+06
-3.17001e+07 -1.23604e+06
-2.35804e+07 -8.12921e+06
-1.48282e+07 -1.41831e+07
-5.5315e+06 -1.93417e+07
4.21742e+06 -2.35582e+07
1.43224e+07 -2.67959e+07
2.46848e+07 -2.90276e+07
3.52044e+07 -3.02362e+07
4.57804e+07 -3.04146e+07
5.63126e+07 -2.95657e+07
6.67019e+07 -2.77017e+07
7.68517e+07 -2.48445e+07
8.66684e+07 -2.10246e+07
9.60625e+07 -1.62813e+07
1.04949e+08 -1.06618e+07
1.13247e+08 -4.22076e+06
1.20885e+08 2.98012e+06
1.27793e+08 1.0873e+07
1.33911e+08 1.93843e+07
1.39187e+08 2.84355e+07
1.43573e+08 3.79438e+07
1.47032e+08 4.78228e+07
1.49535e+08 5.79832e+07
1.51059e+08 6.83334e+07
1.51592e+08 7.87806e+07
1.51129e+08 8.9231e+07
1.49674e+08 9.9591e+07
1.47239e+08 1.09767e+08
1.43846e+08 1.19669e+08
1.39524e+08 1.29205e+08
1.34311e+08 1.38291e+08
1.2825e+08 1.46842e+08
1.21396e+08 1.5478e+08
1.13809e+08 1.62032e+08
1.05556e+08 1.68528e+08
9.671e+07 1.74207e+08
8.73507e+07 1.79014e+08
7.75629e+07 1.82901e+08
6.74357e+07 1.85828e+08
5.70624e+07 1.87764e+08
4.65395e+07 1.88687e+08
3.59656e+07 1.88584e+08
2.54408e+07 1.87452e+08
1.50658e+07 1.85297e+08
4.94055e+06 1.82135e+08
-4.83626e+06 1.77993e+08
-1.41686e+07 1.72907e+08
-2.29639e+07 1.66923e+08
-3.11343e+07 1.60097e+08
-3.85975e+07 1.52491e+08
-4.52778e+07 1.4418e+08
-5.11068e+07 1.35243e+08
-5.60248e+07 1.25767e+08
-5.99808e+07 1.15846e+08
-6.29338e+07 1.05577e+08
-6.48529e+07 9.50632e+07
-6.57181e+07 8.44088e+07
-6.552e+07 7.37205e+07
-6.42607e+07 6.31053e+07
-6.19531e+07 5.26694e+07
-5.86209e+07 4.25169e+07
-5.42988e+07 3.27489e+07
-4.90313e+07 2.34621e+07
-4.28725e+07 1.47478e+07
-3.58856e+07 6.69122e+06
-2.81418e+07 -629863
-1.97195e+07 -7.14548e+06
-1.07035e+07 -1.27943e+07
-1.18391e+06 -1.75241e+07
8.74492e+06 -2.12923e+07
1.89853e+07 -2.40661e+07
2.94375e+07 -2.58226e+07
4.00004e+07 -2.65492e+07
5.05729e+07 -2.6243e+07
6.10547e+07 -2.49112e+07
7.13472e+07 -2.25706e+07
8.13545e+07 -1.92471e+07
9.09842e+07 -1.49757e+07
1.00148e+08 -9.79966e+06
1.08763e+08 -3.77011e+06
1.16752e+08 3.05441e+06
1.24043e+08 1.06087e+07
1.30572e+08 1.88216e+07
1.3628e+08 2.76164e+07
1.41119e+08 3.69119e+07
1.45045e+08 4.66226e+07
1.48026e+08 5.66602e+07
1.50035e+08 6.69335e+07
1.51055e+08 7.73496e+07
1.51078e+08 8.78145e+07
1.50104e+08 9.82341e+07
1.48141e+08 1.08515e+08
1.45206e+08 1.18563e+08
1.41326e+08 1.28289e+08
1.36534e+08 1.37603e+08
1.30872e+08 1.46422e+08
1.24389e+08 1.54664e+08
1.17144e+08 1.62253e+08
1.092e+08 1.69118e+08
1.00627e+08 1.75194e+08
9.15036e+07 1.80423e+08
8.19109e+07 1.84755e+08
7.19364e+07 1.88145e+08
6.16715e+07 1.9056e+08
5.1211e+07 1.91972e+08
4.06525e+07 1.92364e+08
3.0095e+07 1.9173e+08
1.96387e+07 1.9007e+08
9.38355e+06 1.87397e+08
-571459 1.83732e+08
-1.01295e+07 1.79107e+08
-1.91967e+07 1.73563e+08
-2.76834e+07 1.6715e+08
-3.55049e+07 1.59929e+08
-4.25827e+07 1.51966e+08
-4.88451e+07 1.43338e+08
-5.42283e+07 1.34129e+08
-5.86773e+07 1.24428e+08
-6.2146e+07 1.1433e+08
-6.45985e+07 1.03935e+08
-6.60093e+07 9.3345e+07
-6.63634e+07 8.26663e+07
-6.56567e+07 7.20048e+07
-6.38964e+07 6.14666e+07
-6.11003e+07 5.11567e+07
-5.72969e+07 4.11775e+07
-5.25252e+07 3.16276e+07
-4.6834e+07 2.26013e+07
-4.02812e+07 1.41869e+07
-3.29334e+07 6.46617e+06
-2.48649e+07 -486600
-1.61569e+07 -6.60529e+06
-6.89634e+06 -1.18326e+07
2.8247e+06 -1.61204e+07
1.29104e+07 -1.94304e+07
2.32621e+07 -2.17341e+07
3.37791e+07 -2.3013e+07
4.43604e+07 -2.32587e+07
5.49048e+07 -2.24729e+07
6.53124e+07 -2.06668e+07
7.54856e+07 -1.78614e+07
8.53296e+07 -1.40867e+07
9.47536e+07 -9.38165e+06
1.03671e+08 -3.7932e+06
1.12001e+08 2.62384e+06
1.19669e+08 9.80758e+06
1.26606e+08 1.76897e+07
1.32749e+08 2.61959e+07
1.38046e+08 3.5247e+07
1.42448e+08 4.47592e+07
1.45919e+08 5.46451e+07
1.48428e+08 6.48144e+07
1.49952e+08 7.51744e+07
1.5048e+08 8.56313e+07
1.50007e+08 9.60902e+07
1.48537e+08 1.06457e+08
1.46084e+08 1.16637e+08
1.42668e+08 1.26538e+08
1.38321e+08 1.3607e+08
1.33081e+08 1.45147e+08
1.26993e+08 1.53686e+08
1.20112e+08 1.61606e+08
1.12498e+08 1.68835e+08
1.04221e+08 1.75305e+08
9.53534e+07 1.80954e+08
8.59761e+07 1.85728e+08
7.61742e+07 1.8958e+08
6.60373e+07 1.92471e+08
5.56589e+07 1.9437e+08
4.51354e+07 1.95257e+08
3.45652e+07 1.9512e+08
2.40481e+07 1.93956e+08
1.36842e+07 1.91771e+08
3.57284e+06 1.88585e+08
-6.18816e+06 1.84422e+08
-1.55037e+07 1.79321e+08
-2.42823e+07 1.73326e+08
-3.2437e+07 1.66493e+08
-3.98866e+07 1.58887e+08
-4.65563e+07 1.50579e+08
-5.23787e+07 1.41649e+08
-5.72948e+07 1.32184e+08
-6.12542e+07 1.22274e+08
-6.42163e+07 1.12019e+08
-6.61504e+07 1.01518e+08
-6.70365e+07 9.08748e+07
-6.6865e+07 8.01957e+07
-6.56374e+07 6.95862e+07
-6.3366e+07 5.91515e+07
-6.00739e+07 4.89949e+07
-5.57944e+07 3.92168e+07
-5.05712e+07 2.99134e+07
-4.44572e+07 2.11758e+07
-3.75143e+07 1.30891e+07
-2.98125e+07 5.73124e+06
-2.14292e+07 -827340
-1.24481e+07 -6.52476e+06
-2.95829e+06 -1.13081e+07
6.94654e+06 -1.51337e+07
1.71693e+07 -1.79678e+07
2.76107e+07 -1.97865e+07
3.81697e+07 -2.05759e+07
4.87453e+07 -2.03321e+07
5.92368e+07 -1.90612e+07
6.95454e+07 -1.67787e+07
7.95746e+07 -1.35098e+07
8.92312e+07 -9.2886e+06
9.84262e+07 -4.15763e+06
